Node Number	X Location (in)	Y Location (in)	Z Location (in)	Middle Principal Elastic Strain (in/in)
1	4.6686	2.4433	0.	2.0673e-004
2	4.2451	3.3228	0.	2.9821e-004
3	5.4627	1.827	0.	1.0202e-004
4	4.5333	2.7965	0.	2.4154e-004
5	5.5693	3.829	0.	8.5169e-005
6	3.6061	1.7898	0.	1.9861e-004
7	3.0046	0.88692	0.	1.4526e-004
8	4.9078	0.59787	0.	1.1144e-004
9	2.4018	4.112	0.	8.6107e-005
10	2.9075	5.3255	0.	1.3451e-004
11	4.7638	5.0654	0.	8.1964e-005
12	5.5219	2.534	0.	1.6867e-004
13	3.4756	2.4231	0.	2.0265e-004
14	6.4545	2.7561	0.	8.8089e-005
15	4.9463	1.2257	0.	1.6244e-004
16	5.1764	4.6418	0.	1.6795e-004
17	4.0594	2.7022	0.	2.7078e-004
18	5.8222	0.82785	0.	1.0229e-004
19	4.962	5.4769	0.	1.0535e-004
20	1.1867	2.6189	0.	1.3781e-005
21	1.9758	5.0552	0.	1.5065e-004
22	2.2722	1.598	0.	5.9038e-005
23	6.6939	1.389	0.	1.3597e-004
24	1.0214	4.8657	0.	4.8781e-005
25	1.136	3.7608	0.	2.1838e-005
26	8.0079	1.4495	0.	1.1821e-004
27	9.1773	1.4979	0.	1.0815e-004
28	10.337	1.4956	0.	1.0323e-004
29	11.475	1.4729	0.	9.574e-005
30	12.645	1.4863	0.	8.6994e-005
31	13.811	1.4823	0.	7.7695e-005
32	14.973	1.4742	0.	6.4565e-005
33	16.146	1.3565	0.	5.7123e-005
34	17.329	1.2666	0.	4.9269e-005
35	18.458	1.2223	0.	3.9032e-005
36	19.577	1.2234	0.	3.0353e-005
37	20.683	1.2127	0.	2.1742e-005
38	21.785	1.2064	0.	1.3316e-005
39	22.899	1.1947	0.	4.745e-006
40	22.89	2.3953	0.	3.6359e-006
41	22.881	3.5898	0.	3.6787e-006
42	22.883	4.792	0.	4.8424e-006
43	21.775	4.8085	0.	1.3416e-005
44	20.683	4.8694	0.	2.1827e-005
45	19.573	4.8793	0.	3.0291e-005
46	18.488	4.858	0.	3.8885e-005
47	17.43	4.8825	0.	4.7443e-005
48	16.377	4.905	0.	5.4635e-005
49	15.283	4.8239	0.	6.3151e-005
50	14.243	4.5798	0.	7.262e-005
51	13.224	4.4623	0.	8.1956e-005
52	12.094	4.4349	0.	9.0511e-005
53	10.941	4.4656	0.	9.9691e-005
54	9.7675	4.465	0.	1.0829e-004
55	8.5501	4.4511	0.	1.1462e-004
56	7.1596	4.3889	0.	1.2825e-004
57	6.086	5.1081	0.	1.1653e-004
58	16.193	2.5445	0.	5.6717e-005
59	17.365	2.477	0.	4.6495e-005
60	18.513	2.5019	0.	3.85e-005
61	19.58	2.4723	0.	2.9801e-005
62	20.663	2.4677	0.	2.1491e-005
63	21.761	2.4045	0.	1.2782e-005
64	21.759	3.6149	0.	1.2839e-005
65	20.666	3.6568	0.	2.1452e-005
66	19.59	3.6782	0.	2.986e-005
67	18.497	3.674	0.	3.8468e-005
68	17.411	3.6761	0.	4.548e-005
69	16.369	3.7223	0.	5.3356e-005
70	15.523	3.8543	0.	6.5933e-005
71	14.825	3.0163	0.	6.5328e-005
72	13.548	2.9494	0.	7.7649e-005
73	12.363	2.9614	0.	8.6898e-005
74	11.195	2.9712	0.	9.4729e-005
75	10.011	2.9839	0.	1.025e-004
76	8.7833	2.9817	0.	1.0901e-004
77	7.513	2.9101	0.	1.0522e-004
78	3.3372	1.4154	0.	1.8588e-004
79	1.141	1.3657	0.	4.82e-005
80	3.1022	4.8501	0.	1.4363e-004
81	3.1914	2.5158	0.	2.5661e-004
82	4.6922	0.93853	0.	7.7581e-005
83	4.7754	3.183	0.	2.5204e-004
84	4.1031	2.4145	0.	2.3999e-004
85	2.3941	3.	0.	1.3633e-004
86	2.3941	3.	0.1	-1.3633e-004
87	4.1031	2.4145	0.1	-2.3999e-004
88	4.7754	3.183	0.1	-2.5204e-004
89	4.6922	0.93853	0.1	-7.7581e-005
90	3.1914	2.5158	0.1	-2.5661e-004
91	3.1022	4.8501	0.1	-1.4363e-004
92	1.141	1.3657	0.1	-4.82e-005
93	3.3372	1.4154	0.1	-1.8588e-004
94	7.513	2.9101	0.1	-1.0522e-004
95	8.7833	2.9817	0.1	-1.0901e-004
96	10.011	2.9839	0.1	-1.025e-004
97	11.195	2.9712	0.1	-9.4729e-005
98	12.363	2.9614	0.1	-8.6898e-005
99	13.548	2.9494	0.1	-7.7649e-005
100	14.825	3.0163	0.1	-6.5328e-005
101	15.523	3.8543	0.1	-6.5933e-005
102	16.369	3.7223	0.1	-5.3356e-005
103	17.411	3.6761	0.1	-4.548e-005
104	18.497	3.674	0.1	-3.8468e-005
105	19.59	3.6782	0.1	-2.986e-005
106	20.666	3.6568	0.1	-2.1452e-005
107	21.759	3.6149	0.1	-1.2839e-005
108	21.761	2.4045	0.1	-1.2782e-005
109	20.663	2.4677	0.1	-2.1491e-005
110	19.58	2.4723	0.1	-2.9801e-005
111	18.513	2.5019	0.1	-3.85e-005
112	17.365	2.477	0.1	-4.6495e-005
113	16.193	2.5445	0.1	-5.6717e-005
114	6.086	5.1081	0.1	-1.1653e-004
115	7.1596	4.3889	0.1	-1.2825e-004
116	8.5501	4.4511	0.1	-1.1462e-004
117	9.7675	4.465	0.1	-1.0829e-004
118	10.941	4.4656	0.1	-9.9691e-005
119	12.094	4.4349	0.1	-9.0511e-005
120	13.224	4.4623	0.1	-8.1956e-005
121	14.243	4.5798	0.1	-7.262e-005
122	15.283	4.8239	0.1	-6.3151e-005
123	16.377	4.905	0.1	-5.4635e-005
124	17.43	4.8825	0.1	-4.7443e-005
125	18.488	4.858	0.1	-3.8885e-005
126	19.573	4.8793	0.1	-3.0291e-005
127	20.683	4.8694	0.1	-2.1827e-005
128	21.775	4.8085	0.1	-1.3416e-005
129	22.883	4.792	0.1	-4.8424e-006
130	22.881	3.5898	0.1	-3.6787e-006
131	22.89	2.3953	0.1	-3.6359e-006
132	22.899	1.1947	0.1	-4.745e-006
133	21.785	1.2064	0.1	-1.3316e-005
134	20.683	1.2127	0.1	-2.1742e-005
135	19.577	1.2234	0.1	-3.0353e-005
136	18.458	1.2223	0.1	-3.9032e-005
137	17.329	1.2666	0.1	-4.9269e-005
138	16.146	1.3565	0.1	-5.7123e-005
139	14.973	1.4742	0.1	-6.4565e-005
140	13.811	1.4823	0.1	-7.7695e-005
141	12.645	1.4863	0.1	-8.6994e-005
142	11.475	1.4729	0.1	-9.574e-005
143	10.337	1.4956	0.1	-1.0323e-004
144	9.1773	1.4979	0.1	-1.0815e-004
145	8.0079	1.4495	0.1	-1.1821e-004
146	1.136	3.7608	0.1	-2.1838e-005
147	1.0214	4.8657	0.1	-4.8781e-005
148	6.6939	1.389	0.1	-1.3597e-004
149	2.2722	1.598	0.1	-5.9038e-005
150	1.9758	5.0552	0.1	-1.5065e-004
151	1.1867	2.6189	0.1	-1.3781e-005
152	4.962	5.4769	0.1	-1.0535e-004
153	5.8222	0.82785	0.1	-1.0229e-004
154	4.0594	2.7022	0.1	-2.7078e-004
155	5.1764	4.6418	0.1	-1.6795e-004
156	4.9463	1.2257	0.1	-1.6244e-004
157	6.4545	2.7561	0.1	-8.8089e-005
158	3.4756	2.4231	0.1	-2.0265e-004
159	5.5219	2.534	0.1	-1.6867e-004
160	4.7638	5.0654	0.1	-8.1964e-005
161	2.9075	5.3255	0.1	-1.3451e-004
162	2.4018	4.112	0.1	-8.6107e-005
163	4.9078	0.59787	0.1	-1.1144e-004
164	3.0046	0.88692	0.1	-1.4526e-004
165	3.6061	1.7898	0.1	-1.9861e-004
166	5.5693	3.829	0.1	-8.5169e-005
167	4.5333	2.7965	0.1	-2.4154e-004
168	5.4627	1.827	0.1	-1.0202e-004
169	4.2451	3.3228	0.1	-2.9821e-004
170	4.6686	2.4433	0.1	-2.0673e-004
171	4.1067	4.	0.1	-3.6929e-004
172	4.1067	4.5	0.1	-1.8616e-005
173	4.1067	5.	0.1	1.132e-005
174	4.1067	5.5	0.1	2.4842e-006
175	3.94	5.5	0.1	-1.9301e-005
176	3.94	5.	0.1	5.482e-005
177	3.94	4.5	0.1	-1.9508e-004
178	3.94	4.	0.1	-4.3576e-004
179	4.1067	2.	0.1	-2.6146e-004
180	4.1067	1.5	0.1	1.2894e-005
181	4.1067	1.	0.1	-1.0998e-005
182	4.1067	0.5	0.1	-3.299e-006
183	3.94	0.5	0.1	-1.6616e-005
184	3.94	1.	0.1	-6.6307e-005
185	3.94	1.5	0.1	1.0292e-004
186	3.94	2.	0.1	-6.1762e-004
187	4.1067	6.	0.1	-3.1916e-005
188	5.2119	6.	0.1	-9.5357e-005
189	6.317	6.	0.1	-1.2965e-004
190	7.4222	6.	0.1	-1.0994e-004
191	8.5274	6.	0.1	-1.2605e-004
192	9.6326	6.	0.1	-1.1358e-004
193	10.738	6.	0.1	-1.0469e-004
194	11.843	6.	0.1	-9.4829e-005
195	12.948	6.	0.1	-8.3737e-005
196	14.053	6.	0.1	-7.6092e-005
197	15.159	6.	0.1	-6.5327e-005
198	16.264	6.	0.1	-5.6919e-005
199	17.369	6.	0.1	-4.7176e-005
200	18.474	6.	0.1	-3.8317e-005
201	19.579	6.	0.1	-3.0658e-005
202	20.684	6.	0.1	-2.2508e-005
203	21.79	6.	0.1	-1.455e-005
204	22.895	6.	0.1	-6.5066e-006
205	24.	6.	0.1	3.4481e-007
206	24.	4.8	0.1	4.3056e-006
207	24.	3.6	0.1	5.7036e-006
208	24.	2.4	0.1	5.6857e-006
209	24.	1.2	0.1	4.3334e-006
210	0.	1.2	0.1	4.2417e-006
211	0.	2.4	0.1	2.7285e-006
212	0.	3.6	0.1	4.5463e-005
213	0.	4.8	0.1	1.5133e-005
214	24.	0.	0.1	4.2685e-007
215	22.895	0.	0.1	-6.5498e-006
216	21.79	0.	0.1	-1.4644e-005
217	20.684	0.	0.1	-2.2607e-005
218	19.579	0.	0.1	-3.0838e-005
219	18.474	0.	0.1	-3.8898e-005
220	17.369	0.	0.1	-4.7504e-005
221	16.264	0.	0.1	-5.8077e-005
222	15.159	0.	0.1	-6.4034e-005
223	14.053	0.	0.1	-7.4285e-005
224	12.948	0.	0.1	-8.5085e-005
225	11.843	0.	0.1	-9.4685e-005
226	10.738	0.	0.1	-1.0332e-004
227	9.6326	0.	0.1	-1.123e-004
228	8.5274	0.	0.1	-1.259e-004
229	7.4222	0.	0.1	-1.0649e-004
230	6.317	0.	0.1	-1.3123e-004
231	5.2119	0.	0.1	-9.6551e-005
232	4.1067	0.	0.1	-2.9461e-005
233	3.94	0.	0.1	-1.9929e-005
234	2.955	0.	0.1	-1.1237e-004
235	1.97	0.	0.1	-1.6059e-004
236	0.985	0.	0.1	-2.0322e-004
237	0.	0.	0.1	-1.7151e-005
238	0.	6.	0.1	-1.853e-005
239	0.985	6.	0.1	-1.9998e-004
240	1.97	6.	0.1	-1.6453e-004
241	2.955	6.	0.1	-1.0896e-004
242	3.94	6.	0.1	9.6009e-006
243	2.955	6.	0.	1.0896e-004
244	1.97	6.	0.	1.6453e-004
245	0.985	6.	0.	1.9998e-004
246	3.94	6.	0.	-9.6009e-006
247	0.	6.	0.	1.853e-005
248	0.985	0.	0.	2.0322e-004
249	1.97	0.	0.	1.6059e-004
250	2.955	0.	0.	1.1237e-004
251	3.94	0.	0.	1.9929e-005
252	0.	0.	0.	1.7151e-005
253	5.2119	0.	0.	9.6551e-005
254	6.317	0.	0.	1.3123e-004
255	7.4222	0.	0.	1.0649e-004
256	8.5274	0.	0.	1.259e-004
257	9.6326	0.	0.	1.123e-004
258	10.738	0.	0.	1.0332e-004
259	11.843	0.	0.	9.4685e-005
260	12.948	0.	0.	8.5085e-005
261	14.053	0.	0.	7.4285e-005
262	15.159	0.	0.	6.4034e-005
263	16.264	0.	0.	5.8077e-005
264	17.369	0.	0.	4.7504e-005
265	18.474	0.	0.	3.8898e-005
266	19.579	0.	0.	3.0838e-005
267	20.684	0.	0.	2.2607e-005
268	21.79	0.	0.	1.4644e-005
269	22.895	0.	0.	6.5498e-006
270	4.1067	0.	0.	2.9461e-005
271	24.	0.	0.	-4.2685e-007
272	0.	4.8	0.	-1.5133e-005
273	0.	3.6	0.	-4.5463e-005
274	0.	2.4	0.	-2.7285e-006
275	0.	1.2	0.	-4.2417e-006
276	24.	1.2	0.	-4.3334e-006
277	24.	2.4	0.	-5.6857e-006
278	24.	3.6	0.	-5.7036e-006
279	24.	4.8	0.	-4.3056e-006
280	24.	6.	0.	-3.4481e-007
281	22.895	6.	0.	6.5066e-006
282	21.79	6.	0.	1.455e-005
283	20.684	6.	0.	2.2508e-005
284	19.579	6.	0.	3.0658e-005
285	18.474	6.	0.	3.8317e-005
286	17.369	6.	0.	4.7176e-005
287	16.264	6.	0.	5.6919e-005
288	15.159	6.	0.	6.5327e-005
289	14.053	6.	0.	7.6092e-005
290	12.948	6.	0.	8.3737e-005
291	11.843	6.	0.	9.4829e-005
292	10.738	6.	0.	1.0469e-004
293	9.6326	6.	0.	1.1358e-004
294	8.5274	6.	0.	1.2605e-004
295	7.4222	6.	0.	1.0994e-004
296	6.317	6.	0.	1.2965e-004
297	5.2119	6.	0.	9.5357e-005
298	4.1067	6.	0.	3.1916e-005
299	3.94	1.5	0.	-1.0292e-004
300	3.94	1.	0.	6.6307e-005
301	3.94	0.5	0.	1.6616e-005
302	3.94	2.	0.	6.1762e-004
303	4.1067	0.5	0.	3.299e-006
304	4.1067	1.	0.	1.0998e-005
305	4.1067	1.5	0.	-1.2894e-005
306	4.1067	2.	0.	2.6146e-004
307	3.94	4.5	0.	1.9508e-004
308	3.94	5.	0.	-5.482e-005
309	3.94	5.5	0.	1.9301e-005
310	3.94	4.	0.	4.3576e-004
311	4.1067	5.5	0.	-2.4842e-006
312	4.1067	5.	0.	-1.132e-005
313	4.1067	4.5	0.	1.8616e-005
314	4.1067	4.	0.	3.6929e-004
315	4.601	2.6199	0.	2.7937e-004
316	5.0953	2.4886	0.	1.8783e-004
317	4.3859	2.4289	0.	2.8189e-004
318	4.6686	2.4433	5.e-002	-9.425e-013
319	4.3877	2.2217	0.	2.952e-004
320	4.1522	3.0125	0.	3.1113e-004
321	3.7182	2.9193	0.	2.8701e-004
322	4.5102	3.2529	0.	2.7567e-004
323	4.2451	3.3228	5.e-002	4.5466e-013
324	4.1759	3.6614	0.	3.4624e-004
325	5.4923	2.1805	0.	1.3513e-004
326	5.2045	1.5264	0.	1.5115e-004
327	6.0783	1.608	0.	1.1903e-004
328	5.4627	1.827	5.e-002	-1.7429e-013
329	4.7847	1.9135	0.	2.206e-004
330	4.2963	2.7494	0.	2.5714e-004
331	4.6544	2.9898	0.	2.7795e-004
332	4.5333	2.7965	5.e-002	-5.1654e-021
333	6.0119	3.2925	0.	8.7708e-005
334	5.3729	4.2354	0.	1.3986e-004
335	6.3645	4.109	0.	1.0761e-004
336	5.1724	3.506	0.	1.7324e-004
337	5.5693	3.829	5.e-002	-3.402e-021
338	4.838	3.9145	0.	2.7526e-004
339	3.5408	2.1065	0.	2.1051e-004
340	3.4717	1.6026	0.	1.9447e-004
341	3.6061	1.7898	5.e-002	-2.4728e-020
342	3.773	1.6449	0.	3.8903e-005
343	2.6384	1.2425	0.	1.1317e-004
344	3.1709	1.1512	0.	1.6552e-004
345	3.0046	0.88692	5.e-002	-1.4528e-021
346	2.9798	0.44346	0.	1.3169e-004
347	3.4723	0.69346	0.	8.1476e-005
348	5.365	0.71286	0.	1.1051e-004
349	4.8	0.7682	0.	9.4121e-005
350	4.9078	0.59787	5.e-002	-2.4892e-021
351	5.0598	0.29894	0.	1.0436e-004
352	4.5072	0.54894	0.	5.4128e-005
353	2.1888	4.5836	0.	1.3559e-004
354	1.7689	3.9364	0.	5.3396e-005
355	2.752	4.4811	0.	1.1892e-004
356	2.3979	3.556	0.	1.0548e-004
357	2.4018	4.112	5.e-002	6.3814e-013
358	3.1709	4.306	0.	1.815e-004
359	2.4417	5.1904	0.	1.4562e-004
360	3.0048	5.0878	0.	1.3939e-004
361	2.9075	5.3255	5.e-002	-1.4693e-021
362	2.9312	5.6627	0.	1.2329e-004
363	3.4237	5.4127	0.	6.264e-005
364	4.9701	4.8536	0.	1.2498e-004
365	4.8629	5.2712	0.	9.4056e-005
366	4.7638	5.0654	5.e-002	-6.066e-021
367	4.4353	5.0327	0.	3.9964e-005
368	5.9882	2.645	0.	1.2792e-004
369	5.1486	2.8585	0.	2.0841e-004
370	5.5219	2.534	5.e-002	-2.5977e-013
371	3.7675	2.5627	0.	2.3713e-004
372	3.3335	2.4695	0.	2.316e-004
373	3.4756	2.4231	5.e-002	-1.1628e-014
374	3.7078	2.2116	0.	4.3994e-004
375	6.5742	2.0726	0.	1.1202e-004
376	6.9837	2.8331	0.	9.6873e-005
377	6.4545	2.7561	5.e-002	-3.6193e-013
378	5.3843	1.0268	0.	1.3913e-004
379	4.8193	1.0821	0.	1.2068e-004
380	4.9463	1.2257	5.e-002	7.1472e-012
381	4.5265	1.3629	0.	8.4929e-005
382	5.6312	4.875	0.	1.4994e-004
383	5.1764	4.6418	5.e-002	4.3e-014
384	4.6415	4.5709	0.	1.0061e-004
385	4.0812	2.5584	0.	2.5805e-004
386	4.0594	2.7022	5.e-002	-1.3532e-020
387	6.258	1.1084	0.	1.2208e-004
388	5.8222	0.82785	5.e-002	-2.731e-021
389	6.0696	0.41393	0.	1.1579e-004
390	5.524	5.2925	0.	1.1457e-004
391	4.962	5.4769	5.e-002	-2.0819e-021
392	5.0869	5.7385	0.	1.0043e-004
393	4.5343	5.4885	0.	4.5196e-005
394	1.1613	3.1899	0.	1.649e-005
395	1.1638	1.9923	0.	2.9992e-005
396	1.7904	2.8095	0.	7.4862e-005
397	1.1867	2.6189	5.e-002	-4.2419e-022
398	0.59333	2.5095	0.	5.6893e-006
399	1.4986	4.9605	0.	1.1724e-004
400	1.9758	5.0552	5.e-002	6.4185e-013
401	1.9729	5.5276	0.	1.5758e-004
402	1.7066	1.4819	0.	5.3258e-005
403	2.7318	2.0569	0.	1.8377e-004
404	2.3332	2.299	0.	9.6054e-005
405	2.2722	1.598	5.e-002	-1.9665e-021
406	2.1211	0.799	0.	1.1586e-004
407	7.3509	1.4193	0.	1.2714e-004
408	6.6939	1.389	5.e-002	-3.0085e-014
409	7.058	0.69452	0.	1.2095e-004
410	1.0787	4.3133	0.	3.4783e-005
411	1.0214	4.8657	5.e-002	-1.3924e-021
412	1.0032	5.4329	0.	1.242e-004
413	0.51072	4.8329	0.	1.9691e-005
414	1.136	3.7608	5.e-002	-1.8771e-021
415	0.56798	3.6804	0.	5.7946e-006
416	8.5926	1.4737	0.	1.1325e-004
417	7.7604	2.1798	0.	1.1168e-004
418	8.0079	1.4495	5.e-002	-8.2388e-022
419	8.2676	0.72474	0.	1.2202e-004
420	9.7571	1.4968	0.	1.057e-004
421	8.9803	2.2398	0.	1.0859e-004
422	9.1773	1.4979	5.e-002	-3.3898e-022
423	9.4049	0.74896	0.	1.1299e-004
424	10.906	1.4843	0.	9.9486e-005
425	10.174	2.2398	0.	1.0284e-004
426	10.337	1.4956	5.e-002	-6.8005e-013
427	10.537	0.74781	0.	1.0558e-004
428	12.06	1.4796	0.	9.1363e-005
429	11.335	2.2221	0.	9.5186e-005
430	11.475	1.4729	5.e-002	-5.6327e-023
431	11.659	0.73647	0.	9.6073e-005
432	13.228	1.4843	0.	8.2428e-005
433	12.504	2.2238	0.	8.6857e-005
434	12.645	1.4863	5.e-002	-7.0821e-013
435	12.796	0.74314	0.	8.6024e-005
436	14.392	1.4782	0.	7.113e-005
437	13.679	2.2158	0.	7.7657e-005
438	13.811	1.4823	5.e-002	-1.7846e-023
439	13.932	0.74114	0.	7.599e-005
440	15.56	1.4154	0.	6.0845e-005
441	14.899	2.2452	0.	6.6277e-005
442	14.973	1.4742	5.e-002	-5.7967e-015
443	15.066	0.73711	0.	6.5381e-005
444	16.738	1.3116	0.	5.347e-005
445	16.169	1.9505	0.	5.6936e-005
446	16.146	1.3565	5.e-002	-9.0572e-023
447	16.205	0.67826	0.	5.767e-005
448	17.894	1.2444	0.	4.4392e-005
449	17.347	1.8718	0.	4.809e-005
450	17.329	1.2666	5.e-002	6.0786e-013
451	17.349	0.63332	0.	4.8644e-005
452	19.017	1.2228	0.	3.4692e-005
453	18.485	1.8621	0.	3.8766e-005
454	18.458	1.2223	5.e-002	1.4397e-014
455	18.466	0.61113	0.	3.8972e-005
456	20.13	1.2181	0.	2.6047e-005
457	19.579	1.8478	0.	3.0078e-005
458	19.577	1.2234	5.e-002	4.4485e-013
459	19.578	0.61171	0.	3.0597e-005
460	21.234	1.2096	0.	1.7529e-005
461	20.673	1.8402	0.	2.1617e-005
462	20.683	1.2127	5.e-002	1.0858e-013
463	20.684	0.60637	0.	2.218e-005
464	22.342	1.2006	0.	9.0298e-006
465	21.773	1.8055	0.	1.3049e-005
466	21.785	1.2064	5.e-002	-6.5639e-014
467	21.787	0.60321	0.	1.3991e-005
468	22.894	1.795	0.	4.1908e-006
469	22.899	1.1947	5.e-002	-2.3895e-014
470	22.897	0.59736	0.	5.6619e-006
471	23.45	1.1974	0.	4.2849e-009
472	22.885	2.9926	0.	3.6574e-006
473	22.325	2.3999	0.	8.2085e-006
474	22.89	2.3953	5.e-002	2.3137e-013
475	23.445	2.3977	0.	-1.1909e-006
476	22.882	4.1909	0.	4.2606e-006
477	22.32	3.6023	0.	8.2587e-006
478	22.881	3.5898	5.e-002	2.3685e-013
479	23.441	3.5949	0.	-1.1418e-006
480	22.329	4.8003	0.	9.1288e-006
481	22.883	4.792	5.e-002	8.799e-014
482	23.442	4.796	0.	4.422e-008
483	22.889	5.396	0.	5.6945e-006
484	21.229	4.839	0.	1.7622e-005
485	21.767	4.2117	0.	1.3128e-005
486	21.775	4.8085	5.e-002	5.6033e-014
487	21.782	5.4043	0.	1.4006e-005
488	20.128	4.8744	0.	2.606e-005
489	20.674	4.2631	0.	2.164e-005
490	20.683	4.8694	5.e-002	2.6333e-014
491	20.684	5.4347	0.	2.2186e-005
492	19.031	4.8687	0.	3.4589e-005
493	19.582	4.2788	0.	3.0076e-005
494	19.573	4.8793	5.e-002	-2.1653e-023
495	19.576	5.4397	0.	3.0487e-005
496	17.959	4.8702	0.	4.3174e-005
497	18.492	4.266	0.	3.8683e-005
498	18.488	4.858	5.e-002	-2.7517e-022
499	18.481	5.429	0.	3.8617e-005
500	16.904	4.8937	0.	5.1123e-005
501	17.421	4.2793	0.	4.6478e-005
502	17.43	4.8825	5.e-002	-1.8979e-022
503	17.4	5.4412	0.	4.8199e-005
504	15.83	4.8645	0.	5.9009e-005
505	16.373	4.3137	0.	5.5348e-005
506	16.377	4.905	5.e-002	-1.7167e-022
507	16.32	5.4525	0.	5.579e-005
508	14.763	4.7019	0.	6.795e-005
509	15.403	4.3391	0.	6.4601e-005
510	15.283	4.8239	5.e-002	-2.1791e-013
511	15.221	5.412	0.	6.4473e-005
512	13.733	4.521	0.	7.7568e-005
513	14.534	3.798	0.	7.0299e-005
514	14.243	4.5798	5.e-002	-8.077e-023
515	14.148	5.2899	0.	7.465e-005
516	12.659	4.4486	0.	8.631e-005
517	13.386	3.7058	0.	7.9862e-005
518	13.224	4.4623	5.e-002	7.6971e-015
519	13.086	5.2311	0.	8.326e-005
520	11.517	4.4502	0.	9.5107e-005
521	12.228	3.6982	0.	8.8646e-005
522	12.094	4.4349	5.e-002	-5.5238e-015
523	11.968	5.2175	0.	9.3104e-005
524	10.354	4.4653	0.	1.0399e-004
525	11.068	3.7184	0.	9.7155e-005
526	10.941	4.4656	5.e-002	-1.3358e-022
527	10.839	5.2328	0.	1.029e-004
528	9.1588	4.4581	0.	1.1146e-004
529	9.8893	3.7245	0.	1.0533e-004
530	9.7675	4.465	5.e-002	-5.0411e-014
531	9.7	5.2325	0.	1.1113e-004
532	7.8549	4.42	0.	1.2168e-004
533	8.6667	3.7164	0.	1.1175e-004
534	8.5501	4.4511	5.e-002	2.5912e-014
535	8.5388	5.2256	0.	1.2178e-004
536	6.6228	4.7485	0.	1.2523e-004
537	7.3363	3.6495	0.	1.1725e-004
538	7.1596	4.3889	5.e-002	-7.9194e-022
539	7.2909	5.1945	0.	1.185e-004
540	6.086	5.1081	5.e-002	-5.8957e-021
541	6.2015	5.5541	0.	1.2259e-004
542	16.779	2.5107	0.	5.161e-005
543	16.281	3.1334	0.	5.701e-005
544	15.509	2.7804	0.	6.2374e-005
545	16.193	2.5445	5.e-002	2.1573e-014
546	17.939	2.4894	0.	4.2501e-005
547	17.388	3.0765	0.	4.5991e-005
548	17.365	2.477	5.e-002	-4.4242e-014
549	19.046	2.4871	0.	3.415e-005
550	18.505	3.0879	0.	3.8486e-005
551	18.513	2.5019	5.e-002	-4.6358e-015
552	20.121	2.47	0.	2.5646e-005
553	19.585	3.0752	0.	2.983e-005
554	19.58	2.4723	5.e-002	4.5004e-013
555	21.212	2.4361	0.	1.7136e-005
556	20.664	3.0622	0.	2.1471e-005
557	20.663	2.4677	5.e-002	1.6584e-014
558	21.76	3.0097	0.	1.2811e-005
559	21.761	2.4045	5.e-002	-2.1318e-013
560	21.212	3.6358	0.	1.7145e-005
561	21.759	3.6149	5.e-002	-8.1578e-016
562	20.128	3.6675	0.	2.5656e-005
563	20.666	3.6568	5.e-002	2.0554e-015
564	19.043	3.6761	0.	3.4165e-005
565	19.59	3.6782	5.e-002	-4.4443e-023
566	17.954	3.675	0.	4.1976e-005
567	18.497	3.674	5.e-002	7.0933e-014
568	16.89	3.6992	0.	5.1272e-005
569	17.411	3.6761	5.e-002	-4.6217e-013
570	15.946	3.7883	0.	5.9798e-005
571	16.369	3.7223	5.e-002	4.8594e-015
572	15.174	3.4353	0.	6.5713e-005
573	15.523	3.8543	5.e-002	-3.0169e-022
574	14.186	2.9828	0.	7.1485e-005
575	14.825	3.0163	5.e-002	9.2814e-015
576	12.955	2.9554	0.	8.2274e-005
577	13.548	2.9494	5.e-002	-4.2694e-014
578	11.779	2.9663	0.	9.0814e-005
579	12.363	2.9614	5.e-002	-3.6997e-014
580	10.603	2.9775	0.	9.8612e-005
581	11.195	2.9712	5.e-002	-8.9341e-014
582	9.3972	2.9828	0.	1.0575e-004
583	10.011	2.9839	5.e-002	-1.4938e-022
584	8.1481	2.9459	0.	1.0712e-004
585	8.7833	2.9817	5.e-002	-8.0888e-015
586	7.513	2.9101	5.e-002	2.126e-013
587	3.2643	1.9656	0.	2.1845e-004
588	3.3372	1.4154	5.e-002	3.0011e-013
589	3.6386	1.2077	0.	1.2647e-004
590	1.141	1.3657	5.e-002	-5.2711e-014
591	1.063	0.68287	0.	1.2608e-004
592	0.57052	1.2829	0.	2.1402e-005
593	3.1022	4.8501	5.e-002	-8.3132e-021
594	3.5211	4.9251	0.	6.7533e-005
595	3.1914	2.5158	5.e-002	-3.6371e-013
596	3.5657	3.2579	0.	3.3931e-004
597	4.6922	0.93853	5.e-002	-4.5123e-021
598	4.3994	0.96926	0.	4.5061e-005
599	4.7754	3.183	5.e-002	5.4863e-013
600	4.1031	2.4145	5.e-002	-1.3698e-020
601	4.0215	2.2073	0.	4.8692e-004
602	2.3941	3.	5.e-002	-1.0907e-014
603	3.167	3.5	0.	2.6609e-004
604	2.3332	2.299	0.1	-9.6054e-005
605	1.7904	2.8095	0.1	-7.4862e-005
606	2.3979	3.556	0.1	-1.0548e-004
607	3.167	3.5	0.1	-2.6609e-004
608	4.0812	2.5584	0.1	-2.5805e-004
609	4.3859	2.4289	0.1	-2.8189e-004
610	4.0215	2.2073	0.1	-4.8692e-004
611	5.1486	2.8585	0.1	-2.0841e-004
612	5.1724	3.506	0.1	-1.7324e-004
613	4.6544	2.9898	0.1	-2.7795e-004
614	4.5102	3.2529	0.1	-2.7567e-004
615	4.8193	1.0821	0.1	-1.2068e-004
616	4.8	0.7682	0.1	-9.4121e-005
617	4.3994	0.96926	0.1	-4.5061e-005
618	3.2643	1.9656	0.1	-2.1845e-004
619	2.7318	2.0569	0.1	-1.8377e-004
620	3.3335	2.4695	0.1	-2.316e-004
621	3.7182	2.9193	0.1	-2.8701e-004
622	3.5657	3.2579	0.1	-3.3931e-004
623	3.0048	5.0878	0.1	-1.3939e-004
624	2.752	4.4811	0.1	-1.1892e-004
625	3.5211	4.9251	0.1	-6.7533e-005
626	1.7066	1.4819	0.1	-5.3258e-005
627	1.1638	1.9923	0.1	-2.9992e-005
628	0.57052	1.2829	0.1	-2.1402e-005
629	1.063	0.68287	0.1	-1.2608e-004
630	3.1709	1.1512	0.1	-1.6552e-004
631	3.4717	1.6026	0.1	-1.9447e-004
632	3.6386	1.2077	0.1	-1.2647e-004
633	8.1481	2.9459	0.1	-1.0712e-004
634	7.3363	3.6495	0.1	-1.1725e-004
635	7.7604	2.1798	0.1	-1.1168e-004
636	6.9837	2.8331	0.1	-9.6873e-005
637	9.3972	2.9828	0.1	-1.0575e-004
638	8.6667	3.7164	0.1	-1.1175e-004
639	8.9803	2.2398	0.1	-1.0859e-004
640	10.603	2.9775	0.1	-9.8612e-005
641	9.8893	3.7245	0.1	-1.0533e-004
642	10.174	2.2398	0.1	-1.0284e-004
643	11.779	2.9663	0.1	-9.0814e-005
644	11.068	3.7184	0.1	-9.7155e-005
645	11.335	2.2221	0.1	-9.5186e-005
646	12.955	2.9554	0.1	-8.2274e-005
647	12.228	3.6982	0.1	-8.8646e-005
648	12.504	2.2238	0.1	-8.6857e-005
649	14.186	2.9828	0.1	-7.1485e-005
650	13.386	3.7058	0.1	-7.9862e-005
651	13.679	2.2158	0.1	-7.7657e-005
652	15.174	3.4353	0.1	-6.5713e-005
653	15.509	2.7804	0.1	-6.2374e-005
654	14.534	3.798	0.1	-7.0299e-005
655	14.899	2.2452	0.1	-6.6277e-005
656	15.946	3.7883	0.1	-5.9798e-005
657	15.403	4.3391	0.1	-6.4601e-005
658	16.89	3.6992	0.1	-5.1272e-005
659	16.281	3.1334	0.1	-5.701e-005
660	16.373	4.3137	0.1	-5.5348e-005
661	17.954	3.675	0.1	-4.1976e-005
662	17.388	3.0765	0.1	-4.5991e-005
663	17.421	4.2793	0.1	-4.6478e-005
664	19.043	3.6761	0.1	-3.4165e-005
665	18.505	3.0879	0.1	-3.8486e-005
666	18.492	4.266	0.1	-3.8683e-005
667	20.128	3.6675	0.1	-2.5656e-005
668	19.585	3.0752	0.1	-2.983e-005
669	19.582	4.2788	0.1	-3.0076e-005
670	21.212	3.6358	0.1	-1.7145e-005
671	20.664	3.0622	0.1	-2.1471e-005
672	20.674	4.2631	0.1	-2.164e-005
673	21.76	3.0097	0.1	-1.2811e-005
674	21.767	4.2117	0.1	-1.3128e-005
675	22.32	3.6023	0.1	-8.2587e-006
676	21.212	2.4361	0.1	-1.7136e-005
677	22.325	2.3999	0.1	-8.2085e-006
678	21.773	1.8055	0.1	-1.3049e-005
679	20.121	2.47	0.1	-2.5646e-005
680	20.673	1.8402	0.1	-2.1617e-005
681	19.046	2.4871	0.1	-3.415e-005
682	19.579	1.8478	0.1	-3.0078e-005
683	17.939	2.4894	0.1	-4.2501e-005
684	18.485	1.8621	0.1	-3.8766e-005
685	16.779	2.5107	0.1	-5.161e-005
686	17.347	1.8718	0.1	-4.809e-005
687	16.169	1.9505	0.1	-5.6936e-005
688	6.6228	4.7485	0.1	-1.2523e-004
689	5.524	5.2925	0.1	-1.1457e-004
690	5.6312	4.875	0.1	-1.4994e-004
691	6.2015	5.5541	0.1	-1.2259e-004
692	7.8549	4.42	0.1	-1.2168e-004
693	6.3645	4.109	0.1	-1.0761e-004
694	7.2909	5.1945	0.1	-1.185e-004
695	9.1588	4.4581	0.1	-1.1146e-004
696	8.5388	5.2256	0.1	-1.2178e-004
697	10.354	4.4653	0.1	-1.0399e-004
698	9.7	5.2325	0.1	-1.1113e-004
699	11.517	4.4502	0.1	-9.5107e-005
700	10.839	5.2328	0.1	-1.029e-004
701	12.659	4.4486	0.1	-8.631e-005
702	11.968	5.2175	0.1	-9.3104e-005
703	13.733	4.521	0.1	-7.7568e-005
704	13.086	5.2311	0.1	-8.326e-005
705	14.763	4.7019	0.1	-6.795e-005
706	14.148	5.2899	0.1	-7.465e-005
707	15.83	4.8645	0.1	-5.9009e-005
708	15.221	5.412	0.1	-6.4473e-005
709	16.904	4.8937	0.1	-5.1123e-005
710	16.32	5.4525	0.1	-5.579e-005
711	17.959	4.8702	0.1	-4.3174e-005
712	17.4	5.4412	0.1	-4.8199e-005
713	19.031	4.8687	0.1	-3.4589e-005
714	18.481	5.429	0.1	-3.8617e-005
715	20.128	4.8744	0.1	-2.606e-005
716	19.576	5.4397	0.1	-3.0487e-005
717	21.229	4.839	0.1	-1.7622e-005
718	20.684	5.4347	0.1	-2.2186e-005
719	22.329	4.8003	0.1	-9.1288e-006
720	21.782	5.4043	0.1	-1.4006e-005
721	22.882	4.1909	0.1	-4.2606e-006
722	22.889	5.396	0.1	-5.6945e-006
723	23.442	4.796	0.1	-4.4219e-008
724	22.885	2.9926	0.1	-3.6574e-006
725	23.441	3.5949	0.1	1.1418e-006
726	22.894	1.795	0.1	-4.1908e-006
727	23.445	2.3977	0.1	1.1909e-006
728	22.342	1.2006	0.1	-9.0298e-006
729	23.45	1.1974	0.1	-4.2848e-009
730	22.897	0.59736	0.1	-5.6619e-006
731	21.234	1.2096	0.1	-1.7529e-005
732	21.787	0.60321	0.1	-1.3991e-005
733	20.13	1.2181	0.1	-2.6047e-005
734	20.684	0.60637	0.1	-2.218e-005
735	19.017	1.2228	0.1	-3.4692e-005
736	19.578	0.61171	0.1	-3.0597e-005
737	17.894	1.2444	0.1	-4.4392e-005
738	18.466	0.61113	0.1	-3.8972e-005
739	16.738	1.3116	0.1	-5.347e-005
740	17.349	0.63332	0.1	-4.8644e-005
741	15.56	1.4154	0.1	-6.0845e-005
742	16.205	0.67826	0.1	-5.767e-005
743	14.392	1.4782	0.1	-7.113e-005
744	15.066	0.73711	0.1	-6.5381e-005
745	13.228	1.4843	0.1	-8.2428e-005
746	13.932	0.74114	0.1	-7.599e-005
747	12.06	1.4796	0.1	-9.1363e-005
748	12.796	0.74314	0.1	-8.6024e-005
749	10.906	1.4843	0.1	-9.9486e-005
750	11.659	0.73647	0.1	-9.6073e-005
751	9.7571	1.4968	0.1	-1.057e-004
752	10.537	0.74781	0.1	-1.0558e-004
753	8.5926	1.4737	0.1	-1.1325e-004
754	9.4049	0.74896	0.1	-1.1299e-004
755	7.3509	1.4193	0.1	-1.2714e-004
756	8.2676	0.72474	0.1	-1.2202e-004
757	1.0787	4.3133	0.1	-3.4783e-005
758	1.1613	3.1899	0.1	-1.649e-005
759	1.7689	3.9364	0.1	-5.3396e-005
760	0.56798	3.6804	0.1	-5.7946e-006
761	1.4986	4.9605	0.1	-1.1724e-004
762	0.51072	4.8329	0.1	-1.9691e-005
763	1.0032	5.4329	0.1	-1.242e-004
764	6.258	1.1084	0.1	-1.2208e-004
765	6.5742	2.0726	0.1	-1.1202e-004
766	6.0783	1.608	0.1	-1.1903e-004
767	7.058	0.69452	0.1	-1.2095e-004
768	2.6384	1.2425	0.1	-1.1317e-004
769	2.1211	0.799	0.1	-1.1586e-004
770	2.4417	5.1904	0.1	-1.4562e-004
771	2.1888	4.5836	0.1	-1.3559e-004
772	1.9729	5.5276	0.1	-1.5758e-004
773	0.59333	2.5095	0.1	-5.6893e-006
774	4.8629	5.2712	0.1	-9.4056e-005
775	4.5343	5.4885	0.1	-4.5196e-005
776	5.0869	5.7385	0.1	-1.0043e-004
777	5.3843	1.0268	0.1	-1.3913e-004
778	5.365	0.71286	0.1	-1.1051e-004
779	6.0696	0.41393	0.1	-1.1579e-004
780	3.7675	2.5627	0.1	-2.3713e-004
781	4.2963	2.7494	0.1	-2.5714e-004
782	4.1522	3.0125	0.1	-3.1113e-004
783	4.9701	4.8536	0.1	-1.2498e-004
784	5.3729	4.2354	0.1	-1.3986e-004
785	4.6415	4.5709	0.1	-1.0061e-004
786	5.2045	1.5264	0.1	-1.5115e-004
787	4.5265	1.3629	0.1	-8.4929e-005
788	5.9882	2.645	0.1	-1.2792e-004
789	6.0119	3.2925	0.1	-8.7708e-005
790	3.5408	2.1065	0.1	-2.1051e-004
791	3.7078	2.2116	0.1	-4.3994e-004
792	5.4923	2.1805	0.1	-1.3513e-004
793	5.0953	2.4886	0.1	-1.8783e-004
794	4.4353	5.0327	0.1	-3.9964e-005
795	3.4237	5.4127	0.1	-6.264e-005
796	2.9312	5.6627	0.1	-1.2329e-004
797	3.1709	4.306	0.1	-1.815e-004
798	4.5072	0.54894	0.1	-5.4128e-005
799	5.0598	0.29894	0.1	-1.0436e-004
800	3.4723	0.69346	0.1	-8.1476e-005
801	2.9798	0.44346	0.1	-1.3169e-004
802	3.773	1.6449	0.1	-3.8903e-005
803	4.838	3.9145	0.1	-2.7526e-004
804	4.601	2.6199	0.1	-2.7937e-004
805	4.7847	1.9135	0.1	-2.206e-004
806	4.1759	3.6614	0.1	-3.4624e-004
807	4.3877	2.2217	0.1	-2.952e-004
808	4.1067	4.25	0.1	-1.9705e-004
809	4.0233	4.	0.1	-4.0809e-004
810	4.1067	4.	5.e-002	-1.6784e-020
811	4.1067	4.75	0.1	-5.5377e-006
812	4.1067	4.5	5.e-002	-4.9473e-021
813	4.1067	5.25	0.1	2.6275e-007
814	4.1067	5.	5.e-002	1.0926e-013
815	4.1067	5.75	0.1	6.9104e-007
816	4.1067	5.5	5.e-002	-4.1358e-021
817	3.94	5.25	0.1	4.333e-006
818	3.94	5.75	0.1	-3.2449e-007
819	3.94	5.5	5.e-002	-8.9539e-021
820	3.94	4.75	0.1	-7.0482e-005
821	3.94	5.	5.e-002	-1.7672e-020
822	3.94	4.25	0.1	-3.359e-004
823	3.94	4.5	5.e-002	-8.7472e-013
824	3.94	4.	5.e-002	-8.9552e-021
825	4.1067	1.75	0.1	-1.233e-004
826	4.0233	2.	0.1	-4.1963e-004
827	4.1067	2.	5.e-002	8.6753e-012
828	4.1067	1.25	0.1	4.6599e-007
829	4.1067	1.5	5.e-002	-8.4043e-021
830	4.1067	0.75	0.1	-1.2377e-005
831	4.1067	1.	5.e-002	-1.7355e-020
832	4.1067	0.25	0.1	-6.9923e-006
833	4.1067	0.5	5.e-002	-3.0486e-021
834	3.94	0.75	0.1	-4.1509e-005
835	3.94	0.25	0.1	-1.4171e-005
836	3.94	0.5	5.e-002	-2.3385e-021
837	3.94	1.25	0.1	3.2747e-005
838	3.94	1.	5.e-002	5.9905e-012
839	3.94	1.75	0.1	-2.2472e-004
840	3.94	1.5	5.e-002	-4.793e-020
841	3.94	2.	5.e-002	-3.132e-020
842	4.6593	6.	0.1	-6.356e-005
843	4.1067	6.	5.e-002	8.418e-014
844	5.7644	6.	0.1	-1.1493e-004
845	5.2119	6.	5.e-002	-9.9716e-022
846	6.8696	6.	0.1	-1.2158e-004
847	6.317	6.	5.e-002	-1.2249e-021
848	7.9748	6.	0.1	-1.1883e-004
849	7.4222	6.	5.e-002	-1.9876e-021
850	9.08	6.	0.1	-1.2031e-004
851	8.5274	6.	5.e-002	2.6107e-012
852	10.185	6.	0.1	-1.0931e-004
853	9.6326	6.	5.e-002	-2.1965e-022
854	11.29	6.	0.1	-9.9757e-005
855	10.738	6.	5.e-002	-3.1954e-022
856	12.396	6.	0.1	-8.9299e-005
857	11.843	6.	5.e-002	-3.0902e-022
858	13.501	6.	0.1	-8.0333e-005
859	12.948	6.	5.e-002	-3.7495e-022
860	14.606	6.	0.1	-7.0668e-005
861	14.053	6.	5.e-002	-2.4988e-022
862	15.711	6.	0.1	-6.1707e-005
863	15.159	6.	5.e-002	-6.4165e-022
864	16.816	6.	0.1	-5.2869e-005
865	16.264	6.	5.e-002	-5.9009e-022
866	17.921	6.	0.1	-4.3698e-005
867	17.369	6.	5.e-002	-4.9814e-022
868	19.027	6.	0.1	-3.4488e-005
869	18.474	6.	5.e-002	-3.5001e-022
870	20.132	6.	0.1	-2.6584e-005
871	19.579	6.	5.e-002	-4.099e-022
872	21.237	6.	0.1	-1.8529e-005
873	20.684	6.	5.e-002	-3.8374e-022
874	22.342	6.	0.1	-1.0528e-005
875	21.79	6.	5.e-002	-4.1647e-013
876	23.447	6.	0.1	-3.0456e-006
877	22.895	6.	5.e-002	1.8197e-014
878	24.	5.4	0.1	2.0487e-006
879	24.	6.	5.e-002	8.3314e-014
880	24.	4.2	0.1	5.012e-006
881	24.	4.8	5.e-002	-4.5769e-015
882	24.	3.	0.1	5.6925e-006
883	24.	3.6	5.e-002	3.062e-014
884	24.	1.8	0.1	5.0101e-006
885	24.	2.4	5.e-002	-2.2107e-014
886	24.	0.6	0.1	2.0658e-006
887	24.	1.2	5.e-002	4.9588e-015
888	0.	1.8	0.1	2.9416e-006
889	0.	0.6	0.1	4.5896e-006
890	0.	1.2	5.e-002	-5.1589e-021
891	0.	3.	0.1	2.284e-005
892	0.	2.4	5.e-002	-1.5757e-021
893	0.	4.2	0.1	1.7921e-005
894	0.	3.6	5.e-002	-1.0285e-020
895	0.	5.4	0.1	2.3949e-006
896	0.	4.8	5.e-002	-3.901e-021
897	23.447	0.	0.1	-3.0427e-006
898	24.	0.	5.e-002	-1.3867e-014
899	22.342	0.	0.1	-1.0597e-005
900	22.895	0.	5.e-002	-1.2202e-013
901	21.237	0.	0.1	-1.8626e-005
902	21.79	0.	5.e-002	-2.9632e-022
903	20.132	0.	0.1	-2.6723e-005
904	20.684	0.	5.e-002	-3.533e-022
905	19.027	0.	0.1	-3.4868e-005
906	19.579	0.	5.e-002	-1.6332e-022
907	17.921	0.	0.1	-4.3201e-005
908	18.474	0.	5.e-002	-8.7872e-013
909	16.816	0.	0.1	-5.2857e-005
910	17.369	0.	5.e-002	-3.6518e-022
911	15.711	0.	0.1	-6.1445e-005
912	16.264	0.	5.e-002	-4.863e-022
913	14.606	0.	0.1	-7.0217e-005
914	15.159	0.	5.e-002	-3.151e-022
915	13.501	0.	0.1	-7.9902e-005
916	14.053	0.	5.e-002	-4.2481e-022
917	12.396	0.	0.1	-9.0063e-005
918	12.948	0.	5.e-002	-4.1763e-022
919	11.29	0.	0.1	-9.9004e-005
920	11.843	0.	5.e-002	-4.712e-022
921	10.185	0.	0.1	-1.0782e-004
922	10.738	0.	5.e-002	-2.8792e-022
923	9.08	0.	0.1	-1.1924e-004
924	9.6326	0.	5.e-002	-1.2974e-012
925	7.9748	0.	0.1	-1.162e-004
926	8.5274	0.	5.e-002	-3.094e-022
927	6.8696	0.	0.1	-1.1821e-004
928	7.4222	0.	5.e-002	-1.5095e-021
929	5.7644	0.	0.1	-1.1573e-004
930	6.317	0.	5.e-002	-1.246e-021
931	4.6593	0.	0.1	-6.2555e-005
932	5.2119	0.	5.e-002	-5.7871e-022
933	4.1067	0.	5.e-002	-2.5433e-021
934	3.4475	0.	0.1	-6.437e-005
935	3.94	0.	5.e-002	-5.3672e-021
936	2.4625	0.	0.1	-1.3645e-004
937	2.955	0.	5.e-002	-3.1831e-021
938	1.4775	0.	0.1	-1.8777e-004
939	1.97	0.	5.e-002	-2.4673e-021
940	0.4925	0.	0.1	-1.0731e-004
941	0.985	0.	5.e-002	-1.6754e-021
942	0.	0.	5.e-002	-1.2465e-020
943	0.4925	6.	0.1	-1.0498e-004
944	0.	6.	5.e-002	-1.2129e-020
945	1.4775	6.	0.1	-1.9292e-004
946	0.985	6.	5.e-002	-2.5873e-022
947	2.4625	6.	0.1	-1.4932e-004
948	1.97	6.	5.e-002	-4.149e-021
949	3.4475	6.	0.1	-5.8449e-005
950	2.955	6.	5.e-002	-2.0796e-021
951	3.94	6.	5.e-002	-6.0489e-022
952	2.4625	6.	0.	1.4932e-004
953	3.4475	6.	0.	5.8449e-005
954	1.4775	6.	0.	1.9292e-004
955	0.4925	6.	0.	1.0498e-004
956	3.94	5.75	0.	3.2449e-007
957	0.	5.4	0.	-2.3949e-006
958	1.4775	0.	0.	1.8777e-004
959	0.4925	0.	0.	1.0731e-004
960	2.4625	0.	0.	1.3645e-004
961	3.4475	0.	0.	6.437e-005
962	3.94	0.25	0.	1.4171e-005
963	0.	0.6	0.	-4.5896e-006
964	5.7644	0.	0.	1.1573e-004
965	4.6593	0.	0.	6.2555e-005
966	6.8696	0.	0.	1.1821e-004
967	7.9748	0.	0.	1.162e-004
968	9.08	0.	0.	1.1924e-004
969	10.185	0.	0.	1.0782e-004
970	11.29	0.	0.	9.9004e-005
971	12.396	0.	0.	9.0063e-005
972	13.501	0.	0.	7.9902e-005
973	14.606	0.	0.	7.0217e-005
974	15.711	0.	0.	6.1445e-005
975	16.816	0.	0.	5.2857e-005
976	17.921	0.	0.	4.3201e-005
977	19.027	0.	0.	3.4868e-005
978	20.132	0.	0.	2.6723e-005
979	21.237	0.	0.	1.8626e-005
980	22.342	0.	0.	1.0597e-005
981	23.447	0.	0.	3.0427e-006
982	4.1067	0.25	0.	6.9923e-006
983	24.	0.6	0.	-2.0658e-006
984	0.	4.2	0.	-1.7921e-005
985	0.	3.	0.	-2.284e-005
986	0.	1.8	0.	-2.9416e-006
987	24.	1.8	0.	-5.0101e-006
988	24.	3.	0.	-5.6925e-006
989	24.	4.2	0.	-5.012e-006
990	24.	5.4	0.	-2.0487e-006
991	23.447	6.	0.	3.0456e-006
992	22.342	6.	0.	1.0528e-005
993	21.237	6.	0.	1.8529e-005
994	20.132	6.	0.	2.6584e-005
995	19.027	6.	0.	3.4488e-005
996	17.921	6.	0.	4.3698e-005
997	16.816	6.	0.	5.2869e-005
998	15.711	6.	0.	6.1707e-005
999	14.606	6.	0.	7.0668e-005
1000	13.501	6.	0.	8.0333e-005
1001	12.396	6.	0.	8.9299e-005
1002	11.29	6.	0.	9.9757e-005
1003	10.185	6.	0.	1.0931e-004
1004	9.08	6.	0.	1.2031e-004
1005	7.9748	6.	0.	1.1883e-004
1006	6.8696	6.	0.	1.2158e-004
1007	5.7644	6.	0.	1.1493e-004
1008	4.6593	6.	0.	6.356e-005
1009	4.1067	5.75	0.	-6.9104e-007
1010	3.94	1.25	0.	-3.2747e-005
1011	3.94	1.75	0.	2.2472e-004
1012	3.94	0.75	0.	4.1509e-005
1013	4.0233	2.	0.	4.1963e-004
1014	4.1067	0.75	0.	1.2377e-005
1015	4.1067	1.25	0.	-4.6599e-007
1016	4.1067	1.75	0.	1.233e-004
1017	3.94	4.75	0.	7.0482e-005
1018	3.94	4.25	0.	3.359e-004
1019	3.94	5.25	0.	-4.333e-006
1020	4.0233	4.	0.	4.0809e-004
1021	4.1067	5.25	0.	-2.6275e-007
1022	4.1067	4.75	0.	5.5377e-006
1023	4.1067	4.25	0.	1.9705e-004
