Node Number	X Location (in)	Y Location (in)	Z Location (in)	Minimum Principal Stress (psi)
1	7.9207	2.2085	0.	-10640
2	8.1667	3.7875	0.	-11162
3	8.5577	3.7793	0.	-7896.
4	8.5756	2.3117	0.	-7703.4
5	7.1743	2.3977	0.	-6001.3
6	8.2024	3.5632	0.	-9176.3
7	7.5911	3.5579	0.	-7669.9
8	8.8035	3.4529	0.	-6528.2
9	7.0148	4.9431	0.	-3566.8
10	9.047	4.613	0.	-3396.6
11	7.1484	1.9701	0.	-5165.2
12	9.1321	2.1981	0.	-4661.
13	7.396	2.8847	0.	-6935.5
14	9.0247	3.1777	0.	-5829.3
15	9.0741	1.8329	0.	-4162.9
16	6.5761	4.1445	0.	-4595.9
17	6.6764	2.9159	0.	-5637.3
18	10.197	1.7423	0.	-3396.1
19	10.18	2.3075	0.	-3649.7
20	10.211	1.1684	0.	-3154.7
21	10.208	2.8758	0.	-3729.8
22	9.6991	4.7253	0.	-3277.6
23	6.9158	1.177	0.	-3815.1
24	9.9867	5.0494	0.	-3111.8
25	5.3407	3.3299	0.	-4878.7
26	11.449	2.6067	0.	-3032.9
27	4.6685	4.7154	0.	-4954.3
28	3.9929	4.7218	0.	-5172.9
29	3.2981	4.7032	0.	-5391.1
30	2.6234	4.6854	0.	-5610.
31	1.9564	4.6794	0.	-5772.2
32	1.3151	1.3069	0.	-6132.4
33	1.9813	1.2854	0.	-5768.7
34	2.6667	1.2693	0.	-5601.8
35	3.3333	1.2693	0.	-5381.3
36	4.0106	1.275	0.	-5163.7
37	4.6925	1.283	0.	-4940.2
38	5.3646	1.2709	0.	-4676.
39	12.125	1.2693	0.	-2784.1
40	12.785	1.2693	0.	-2612.8
41	13.444	1.2693	0.	-2440.
42	14.104	1.2693	0.	-2269.
43	14.764	1.2693	0.	-2100.9
44	15.424	1.2693	0.	-1935.1
45	16.083	1.2693	0.	-1771.9
46	16.743	1.2693	0.	-1611.2
47	17.403	1.2693	0.	-1453.
48	18.063	1.2693	0.	-1297.4
49	18.722	1.2693	0.	-1144.
50	19.382	1.2693	0.	-992.4
51	20.056	1.278	0.	-841.34
52	20.73	1.2935	0.	-692.71
53	21.396	1.3117	0.	-547.68
54	22.056	1.3198	0.	-408.23
55	1.2854	3.9972	0.	-6318.8
56	1.3089	3.3147	0.	-6412.9
57	1.324	2.6372	0.	-6406.
58	1.3173	1.9687	0.	-6306.7
59	22.724	1.9965	0.	-270.31
60	22.7	2.6948	0.	-278.01
61	22.699	3.3652	0.	-278.21
62	22.69	4.0442	0.	-277.64
63	22.025	4.7236	0.	-414.11
64	21.361	4.7307	0.	-555.36
65	20.701	4.7307	0.	-698.77
66	20.042	4.7307	0.	-845.13
67	19.382	4.7307	0.	-993.53
68	18.722	4.7307	0.	-1144.
69	18.063	4.7307	0.	-1297.1
70	17.403	4.7307	0.	-1452.9
71	16.743	4.7307	0.	-1611.2
72	16.083	4.7307	0.	-1771.9
73	15.424	4.7307	0.	-1935.2
74	14.764	4.7307	0.	-2101.
75	14.104	4.7307	0.	-2269.3
76	13.444	4.7307	0.	-2440.2
77	12.785	4.7307	0.	-2612.8
78	12.115	4.7306	0.	-2791.3
79	11.423	4.7353	0.	-2974.4
80	10.671	4.7388	0.	-3102.5
81	4.6621	3.3377	0.	-4965.3
82	12.125	3.35	0.	-2796.9
83	7.8758	3.6625	0.	-9458.8
84	8.2698	2.2639	0.	-10416
85	8.8099	5.6727	0.	-1676.1
86	8.7456	5.3298	0.	-1902.5
87	8.6757	4.988	0.	-2417.2
88	8.6161	4.6552	0.	-3167.1
89	8.6263	4.314	0.	-4827.6
90	8.5959	4.025	0.	-6592.9
91	23.344	5.3415	0.	-138.19
92	22.689	5.3551	0.	-269.77
93	22.026	5.3596	0.	-410.86
94	21.361	5.3654	0.	-554.45
95	20.701	5.3654	0.	-700.07
96	20.042	5.3654	0.	-847.23
97	19.382	5.3654	0.	-996.09
98	18.722	5.3654	0.	-1147.4
99	18.063	5.3654	0.	-1301.2
100	17.403	5.3654	0.	-1457.3
101	16.743	5.3654	0.	-1616.1
102	16.083	5.3654	0.	-1777.4
103	15.424	5.3654	0.	-1941.3
104	14.764	5.3654	0.	-2107.8
105	14.104	5.3654	0.	-2276.8
106	13.444	5.3654	0.	-2447.6
107	12.785	5.3654	0.	-2618.1
108	12.116	5.3634	0.	-2787.
109	11.45	5.358	0.	-2928.8
110	10.786	5.3943	0.	-2988.6
111	10.115	5.4662	0.	-2925.1
112	9.4784	5.5993	0.	-2568.
113	23.347	0.66343	0.	-138.53
114	23.357	1.3253	0.	-140.45
115	23.359	2.0038	0.	-140.36
116	23.351	2.6756	0.	-142.6
117	23.347	3.3495	0.	-143.25
118	23.345	4.017	0.	-143.13
119	23.344	4.6813	0.	-142.68
120	8.8976	0.48942	0.	-1862.9
121	9.5582	0.54083	0.	-2652.1
122	10.195	0.57846	0.	-2965.3
123	10.833	0.61149	0.	-3006.4
124	11.476	0.62927	0.	-2921.9
125	12.125	0.63465	0.	-2780.
126	12.785	0.63465	0.	-2616.9
127	13.444	0.63465	0.	-2447.1
128	14.104	0.63465	0.	-2276.7
129	14.764	0.63465	0.	-2107.6
130	15.424	0.63465	0.	-1941.2
131	16.083	0.63465	0.	-1777.4
132	16.743	0.63465	0.	-1616.1
133	17.403	0.63465	0.	-1457.4
134	18.063	0.63465	0.	-1301.3
135	18.722	0.63465	0.	-1147.4
136	19.382	0.63465	0.	-995.37
137	20.047	0.63941	0.	-845.62
138	20.709	0.64844	0.	-698.1
139	21.373	0.657	0.	-552.52
140	22.034	0.66318	0.	-409.59
141	22.692	0.66278	0.	-269.24
142	7.3095	0.3668	0.	-2187.
143	7.3527	0.69984	0.	-2442.3
144	7.4447	1.0317	0.	-2847.4
145	7.549	1.3459	0.	-3503.2
146	7.6047	1.6631	0.	-5242.
147	7.5586	1.9593	0.	-6765.7
148	0.66023	0.65907	0.	-5238.5
149	1.3233	0.65484	0.	-6030.4
150	1.9928	0.64443	0.	-5857.
151	2.6667	0.63465	0.	-5692.5
152	3.3333	0.63465	0.	-5458.4
153	4.	0.63465	0.	-5213.5
154	4.6717	0.64023	0.	-4951.2
155	5.3302	0.62223	0.	-4633.9
156	5.9757	0.56268	0.	-4181.1
157	6.6372	0.44512	0.	-3408.9
158	0.65843	5.3374	0.	-5242.3
159	0.64539	4.6758	0.	-5827.5
160	0.64212	3.9961	0.	-6164.9
161	0.65122	3.3261	0.	-6292.
162	0.65757	2.6551	0.	-6281.5
163	0.65909	1.9905	0.	-6142.5
164	0.6577	1.3207	0.	-5815.7
165	7.2531	5.4997	0.	-2324.8
166	6.5813	5.4404	0.	-3509.9
167	5.9526	5.3938	0.	-4217.5
168	5.3145	5.3687	0.	-4651.9
169	4.6667	5.3654	0.	-4959.8
170	3.9938	5.3598	0.	-5220.3
171	3.3245	5.35	0.	-5462.9
172	2.6527	5.3413	0.	-5697.1
173	1.9839	5.3356	0.	-5857.1
174	1.3189	5.3375	0.	-6024.7
175	7.6049	5.2639	0.	-1934.6
176	7.5403	4.9789	0.	-2800.1
177	7.5389	4.6571	0.	-3606.1
178	7.575	4.3333	0.	-5224.4
179	7.548	3.9375	0.	-6738.
180	8.5473	0.72641	0.	-1651.1
181	8.6006	1.0089	0.	-2424.8
182	8.5977	1.3718	0.	-3299.2
183	8.6195	1.733	0.	-5001.8
184	8.649	2.055	0.	-6429.3
185	7.569	2.1964	0.	-7638.1
186	9.3224	5.2433	0.	-2628.6
187	22.687	4.7023	0.	-274.91
188	22.708	1.3279	0.	-271.37
189	6.7215	0.85634	0.	-3571.3
190	1.2986	4.6731	0.	-6131.
191	9.0829	1.0247	0.	-2912.
192	9.1982	4.926	0.	-2892.7
193	7.9586	3.39	0.	-9214.9
194	7.9498	2.4272	0.	-9525.
195	8.2171	2.5073	0.	-9500.4
196	9.0723	4.2518	0.	-4044.8
197	9.6109	1.0971	0.	-3043.1
198	10.846	1.2169	0.	-3092.2
199	11.484	1.2573	0.	-2947.2
200	7.0982	1.4274	0.	-4107.5
201	7.2615	1.6744	0.	-4503.
202	6.0634	1.1208	0.	-4358.
203	6.5182	4.839	0.	-4050.
204	5.9643	4.7572	0.	-4462.8
205	7.0509	4.5309	0.	-4422.9
206	8.9579	1.4072	0.	-3565.3
207	5.319	4.7178	0.	-4732.9
208	7.0818	3.9168	0.	-5310.8
209	7.2353	4.2842	0.	-4527.
210	8.5084	3.5426	0.	-8329.4
211	7.7141	3.1621	0.	-8179.1
212	8.3003	3.2819	0.	-8413.1
213	7.6328	2.4701	0.	-8028.3
214	8.4624	2.6187	0.	-8228.8
215	9.1365	3.9075	0.	-4575.8
216	22.027	4.0654	0.	-414.92
217	9.4316	4.5261	0.	-3315.
218	22.068	2.0005	0.	-408.35
219	1.9865	1.9447	0.	-5780.3
220	6.7367	1.8456	0.	-4691.2
221	1.9593	3.992	0.	-5789.1
222	9.5919	1.6768	0.	-3587.4
223	7.0969	3.4541	0.	-5841.9
224	9.036	2.5714	0.	-5608.3
225	7.8744	2.9356	0.	-8505.1
226	8.0914	2.7388	0.	-8806.8
227	20.693	4.0884	0.	-701.61
228	20.035	4.0693	0.	-845.77
229	19.381	4.0783	0.	-992.36
230	18.722	4.0781	0.	-1142.2
231	18.062	4.078	0.	-1294.6
232	17.403	4.078	0.	-1450.
233	16.743	4.078	0.	-1607.9
234	16.083	4.078	0.	-1768.2
235	15.424	4.078	0.	-1930.9
236	14.764	4.078	0.	-2096.
237	14.104	4.078	0.	-2263.8
238	13.444	4.078	0.	-2435.
239	12.783	4.0759	0.	-2610.4
240	12.125	4.0961	0.	-2795.8
241	11.451	4.1023	0.	-3000.1
242	10.842	4.0517	0.	-3215.1
243	10.849	1.8089	0.	-3180.8
244	11.476	1.9046	0.	-2982.4
245	12.119	1.9134	0.	-2792.5
246	12.785	1.9039	0.	-2610.2
247	13.44	1.925	0.	-2435.8
248	14.1	1.9108	0.	-2264.8
249	14.764	1.9039	0.	-2096.4
250	15.424	1.9039	0.	-1931.
251	16.083	1.9039	0.	-1768.3
252	16.743	1.9039	0.	-1608.
253	17.403	1.9039	0.	-1450.2
254	18.063	1.9039	0.	-1294.9
255	18.722	1.9039	0.	-1141.9
256	19.387	1.9117	0.	-989.99
257	20.059	1.9309	0.	-840.02
258	20.73	1.9631	0.	-693.12
259	3.3364	1.912	0.	-5329.7
260	4.0213	1.9368	0.	-5129.7
261	4.7176	1.9538	0.	-4943.8
262	5.4533	1.9011	0.	-4760.2
263	5.3253	4.0341	0.	-4822.1
264	4.6686	4.0589	0.	-4957.
265	3.9802	4.025	0.	-5137.7
266	3.3026	4.0103	0.	-5332.9
267	9.6309	2.286	0.	-4079.6
268	8.5432	3.034	0.	-7592.9
269	7.6628	2.707	0.	-8042.2
270	8.819	2.8335	0.	-6513.5
271	8.8808	3.6548	0.	-5922.2
272	21.999	3.4197	0.	-422.3
273	21.361	4.0961	0.	-556.62
274	10.241	3.9767	0.	-3501.8
275	9.5095	4.2627	0.	-3728.4
276	21.392	1.9972	0.	-549.63
277	22.036	2.7047	0.	-415.69
278	1.9826	2.6192	0.	-5799.
279	2.658	1.9161	0.	-5558.
280	6.3464	1.5722	0.	-4472.6
281	2.6351	3.9956	0.	-5561.8
282	1.982	3.2992	0.	-5804.6
283	6.	4.0961	0.	-4735.5
284	20.701	3.4614	0.	-700.67
285	20.038	3.391	0.	-845.17
286	19.379	3.3517	0.	-992.27
287	18.722	3.3488	0.	-1141.4
288	18.062	3.3488	0.	-1293.6
289	17.403	3.3488	0.	-1448.6
290	16.743	3.3488	0.	-1606.1
291	16.083	3.3488	0.	-1766.
292	15.424	3.3488	0.	-1928.3
293	14.764	3.3488	0.	-2092.8
294	14.106	3.3522	0.	-2259.5
295	13.448	3.3288	0.	-2430.2
296	12.785	3.3394	0.	-2607.6
297	11.497	3.3691	0.	-2998.9
298	10.869	3.4092	0.	-3262.9
299	10.747	2.3225	0.	-3311.5
300	12.124	2.6291	0.	-2796.5
301	12.782	2.6256	0.	-2608.5
302	13.444	2.5926	0.	-2431.4
303	14.104	2.5386	0.	-2260.3
304	14.764	2.5386	0.	-2093.4
305	15.424	2.5386	0.	-1928.6
306	16.083	2.5386	0.	-1766.2
307	16.743	2.5386	0.	-1606.3
308	17.403	2.5386	0.	-1448.8
309	18.063	2.5386	0.	-1293.7
310	18.722	2.5386	0.	-1141.1
311	19.383	2.5874	0.	-991.01
312	20.045	2.6312	0.	-843.99
313	20.708	2.7011	0.	-699.19
314	3.3325	2.5774	0.	-5301.8
315	4.0012	2.6016	0.	-5114.2
316	4.7062	2.6308	0.	-4963.2
317	5.4178	2.589	0.	-4862.6
318	3.996	3.3158	0.	-5114.5
319	3.3176	3.2926	0.	-5301.3
320	8.6751	3.217	0.	-6890.2
321	9.6534	3.8805	0.	-3911.6
322	10.263	3.4154	0.	-3645.2
323	21.346	3.4288	0.	-561.58
324	21.369	2.7091	0.	-556.13
325	10.805	2.8268	0.	-3313.6
326	9.2561	3.5191	0.	-4704.1
327	2.6581	2.6082	0.	-5537.9
328	2.6506	3.3004	0.	-5539.
329	6.5586	3.4207	0.	-5258.4
330	5.9648	3.3689	0.	-4942.9
331	6.063	2.5613	0.	-4919.5
332	6.7081	2.3389	0.	-5321.5
333	9.698	3.4193	0.	-4106.8
334	9.5602	2.8686	0.	-4389.5
335	7.9311	2.6137	0.	-8775.9
336	8.4978	3.3594	0.	-7947.9
337	8.1154	3.1286	0.	-8631.
338	8.3202	2.8864	0.	-8276.7
339	10.096	4.4144	0.	-3367.9
340	10.096	4.4144	0.1	-35.633
341	8.3202	2.8864	0.1	-662.5
342	8.1154	3.1286	0.1	-823.15
343	8.4978	3.3594	0.1	-427.07
344	7.9311	2.6137	0.1	-1148.7
345	9.5602	2.8686	0.1	11.066
346	9.698	3.4193	0.1	8.9157e-002
347	6.7081	2.3389	0.1	-3.7698
348	6.063	2.5613	0.1	42.546
349	5.9648	3.3689	0.1	0.14871
350	6.5586	3.4207	0.1	33.73
351	2.6506	3.3004	0.1	6.0827
352	2.6581	2.6082	0.1	7.18
353	9.2561	3.5191	0.1	-25.95
354	10.805	2.8268	0.1	10.43
355	21.369	2.7091	0.1	-71.145
356	21.346	3.4288	0.1	-69.265
357	10.263	3.4154	0.1	-12.199
358	9.6534	3.8805	0.1	-13.733
359	8.6751	3.217	0.1	-348.4
360	3.3176	3.2926	0.1	-8.9254
361	3.996	3.3158	0.1	-5.6762
362	5.4178	2.589	0.1	-3.6587
363	4.7062	2.6308	0.1	-7.3823
364	4.0012	2.6016	0.1	-3.8261
365	3.3325	2.5774	0.1	-10.563
366	20.708	2.7011	0.1	-54.55
367	20.045	2.6312	0.1	-41.936
368	19.383	2.5874	0.1	-32.405
369	18.722	2.5386	0.1	-24.075
370	18.063	2.5386	0.1	-16.871
371	17.403	2.5386	0.1	-9.6991
372	16.743	2.5386	0.1	-2.4707
373	16.083	2.5386	0.1	-3.4133e-003
374	15.424	2.5386	0.1	-6.4543e-002
375	14.764	2.5386	0.1	-0.27842
376	14.104	2.5386	0.1	-0.61287
377	13.444	2.5926	0.1	-0.53412
378	12.782	2.6256	0.1	-0.21358
379	12.124	2.6291	0.1	-1.0854
380	10.747	2.3225	0.1	11.977
381	10.869	3.4092	0.1	7.9361
382	11.497	3.3691	0.1	2.8616
383	12.785	3.3394	0.1	-0.36109
384	13.448	3.3288	0.1	-1.0297
385	14.106	3.3522	0.1	-0.15445
386	14.764	3.3488	0.1	-0.32232
387	15.424	3.3488	0.1	-0.11885
388	16.083	3.3488	0.1	1.4452e-002
389	16.743	3.3488	0.1	-2.3251
390	17.403	3.3488	0.1	-9.5801
391	18.062	3.3488	0.1	-16.633
392	18.722	3.3488	0.1	-23.776
393	19.379	3.3517	0.1	-32.055
394	20.038	3.391	0.1	-42.19
395	20.701	3.4614	0.1	-53.795
396	6.	4.0961	0.1	-36.367
397	1.982	3.2992	0.1	-58.197
398	2.6351	3.9956	0.1	4.022
399	6.3464	1.5722	0.1	-101.4
400	2.658	1.9161	0.1	4.1744
401	1.9826	2.6192	0.1	-54.88
402	22.036	2.7047	0.1	-91.308
403	21.392	1.9972	0.1	-66.026
404	9.5095	4.2627	0.1	-92.613
405	10.241	3.9767	0.1	21.202
406	21.361	4.0961	0.1	-63.323
407	21.999	3.4197	0.1	-89.606
408	8.8808	3.6548	0.1	18.765
409	8.819	2.8335	0.1	60.753
410	7.6628	2.707	0.1	-632.61
411	8.5432	3.034	0.1	-464.84
412	9.6309	2.286	0.1	-4.4115
413	3.3026	4.0103	0.1	-9.6616
414	3.9802	4.025	0.1	-3.4912
415	4.6686	4.0589	0.1	-3.0871
416	5.3253	4.0341	0.1	5.9113
417	5.4533	1.9011	0.1	-14.788
418	4.7176	1.9538	0.1	3.4785
419	4.0213	1.9368	0.1	-2.6452
420	3.3364	1.912	0.1	-8.4688
421	20.73	1.9631	0.1	-51.233
422	20.059	1.9309	0.1	-40.299
423	19.387	1.9117	0.1	-31.122
424	18.722	1.9039	0.1	-23.456
425	18.063	1.9039	0.1	-16.706
426	17.403	1.9039	0.1	-10.551
427	16.743	1.9039	0.1	-4.0896
428	16.083	1.9039	0.1	5.1192e-002
429	15.424	1.9039	0.1	0.10606
430	14.764	1.9039	0.1	-0.16777
431	14.1	1.9108	0.1	-4.0013e-002
432	13.44	1.925	0.1	0.22078
433	12.785	1.9039	0.1	-0.84165
434	12.119	1.9134	0.1	6.1888e-002
435	11.476	1.9046	0.1	0.73051
436	10.849	1.8089	0.1	-1.5916
437	10.842	4.0517	0.1	-1.5132
438	11.451	4.1023	0.1	-3.3279
439	12.125	4.0961	0.1	2.0874
440	12.783	4.0759	0.1	-0.66817
441	13.444	4.078	0.1	-0.1858
442	14.104	4.078	0.1	-0.21761
443	14.764	4.078	0.1	-0.2512
444	15.424	4.078	0.1	-5.7075e-003
445	16.083	4.078	0.1	4.2841e-002
446	16.743	4.078	0.1	-3.9812
447	17.403	4.078	0.1	-10.559
448	18.062	4.078	0.1	-16.793
449	18.722	4.0781	0.1	-23.182
450	19.381	4.0783	0.1	-30.131
451	20.035	4.0693	0.1	-38.712
452	20.693	4.0884	0.1	-49.431
453	8.0914	2.7388	0.1	-966.55
454	7.8744	2.9356	0.1	-681.45
455	9.036	2.5714	0.1	-10.286
456	7.0969	3.4541	0.1	-176.95
457	9.5919	1.6768	0.1	-32.254
458	1.9593	3.992	0.1	-61.816
459	6.7367	1.8456	0.1	-228.92
460	1.9865	1.9447	0.1	-59.993
461	22.068	2.0005	0.1	-83.899
462	9.4316	4.5261	0.1	-55.565
463	22.027	4.0654	0.1	-81.836
464	9.1365	3.9075	0.1	-47.825
465	8.4624	2.6187	0.1	-556.74
466	7.6328	2.4701	0.1	-877.1
467	8.3003	3.2819	0.1	-815.66
468	7.7141	3.1621	0.1	-575.12
469	8.5084	3.5426	0.1	-522.62
470	7.2353	4.2842	0.1	-508.26
471	7.0818	3.9168	0.1	-515.02
472	5.319	4.7178	0.1	5.2354
473	8.9579	1.4072	0.1	-216.
474	7.0509	4.5309	0.1	-586.36
475	5.9643	4.7572	0.1	-33.204
476	6.5182	4.839	0.1	-210.13
477	6.0634	1.1208	0.1	-104.86
478	7.2615	1.6744	0.1	-665.87
479	7.0982	1.4274	0.1	-592.03
480	11.484	1.2573	0.1	-1.203
481	10.846	1.2169	0.1	-1.7887
482	9.6109	1.0971	0.1	-60.574
483	9.0723	4.2518	0.1	-94.54
484	8.2171	2.5073	0.1	-979.25
485	7.9498	2.4272	0.1	-1233.1
486	7.9586	3.39	0.1	-951.54
487	9.1982	4.926	0.1	-201.39
488	9.0829	1.0247	0.1	-172.24
489	1.2986	4.6731	0.1	215.69
490	6.7215	0.85634	0.1	-289.52
491	22.708	1.3279	0.1	-84.642
492	22.687	4.7023	0.1	-82.816
493	9.3224	5.2433	0.1	-200.35
494	7.569	2.1964	0.1	-470.41
495	8.649	2.055	0.1	85.537
496	8.6195	1.733	0.1	-864.94
497	8.5977	1.3718	0.1	-1182.3
498	8.6006	1.0089	0.1	-649.4
499	8.5473	0.72641	0.1	-770.23
500	7.548	3.9375	0.1	-390.53
501	7.575	4.3333	0.1	-1719.7
502	7.5389	4.6571	0.1	-1317.9
503	7.5403	4.9789	0.1	-895.15
504	7.6049	5.2639	0.1	-1057.6
505	1.3189	5.3375	0.1	167.49
506	1.9839	5.3356	0.1	-27.864
507	2.6527	5.3413	0.1	16.463
508	3.3245	5.35	0.1	6.1048
509	3.9938	5.3598	0.1	6.5712
510	4.6667	5.3654	0.1	0.7188
511	5.3145	5.3687	0.1	-5.9668
512	5.9526	5.3938	0.1	-70.502
513	6.5813	5.4404	0.1	-210.13
514	7.2531	5.4997	0.1	-343.45
515	0.6577	1.3207	0.1	-1092.
516	0.65909	1.9905	0.1	-1117.2
517	0.65757	2.6551	0.1	-1139.7
518	0.65122	3.3261	0.1	-1137.9
519	0.64212	3.9961	0.1	-1109.5
520	0.64539	4.6758	0.1	-1083.2
521	0.65843	5.3374	0.1	-842.39
522	6.6372	0.44512	0.1	-193.86
523	5.9757	0.56268	0.1	-89.963
524	5.3302	0.62223	0.1	-4.2988
525	4.6717	0.64023	0.1	-2.9605
526	4.	0.63465	0.1	4.9817
527	3.3333	0.63465	0.1	4.0881
528	2.6667	0.63465	0.1	14.647
529	1.9928	0.64443	0.1	-29.975
530	1.3233	0.65484	0.1	167.44
531	0.66023	0.65907	0.1	-844.39
532	7.5586	1.9593	0.1	-455.76
533	7.6047	1.6631	0.1	-1884.2
534	7.549	1.3459	0.1	-1493.
535	7.4447	1.0317	0.1	-785.86
536	7.3527	0.69984	0.1	-419.46
537	7.3095	0.3668	0.1	-191.26
538	22.692	0.66278	0.1	-54.193
539	22.034	0.66318	0.1	-45.029
540	21.373	0.657	0.1	-38.197
541	20.709	0.64844	0.1	-32.77
542	20.047	0.63941	0.1	-28.324
543	19.382	0.63465	0.1	-24.864
544	18.722	0.63465	0.1	-21.238
545	18.063	0.63465	0.1	-17.867
546	17.403	0.63465	0.1	-14.637
547	16.743	0.63465	0.1	-11.296
548	16.083	0.63465	0.1	-7.6574
549	15.424	0.63465	0.1	-3.5745
550	14.764	0.63465	0.1	0.45103
551	14.104	0.63465	0.1	0.48553
552	13.444	0.63465	0.1	0.90417
553	12.785	0.63465	0.1	0.68821
554	12.125	0.63465	0.1	-0.11656
555	11.476	0.62927	0.1	-1.8758
556	10.833	0.61149	0.1	-12.453
557	10.195	0.57846	0.1	-50.76
558	9.5582	0.54083	0.1	-140.87
559	8.8976	0.48942	0.1	-244.1
560	23.344	4.6813	0.1	-106.25
561	23.345	4.017	0.1	-133.3
562	23.347	3.3495	0.1	-146.32
563	23.351	2.6756	0.1	-146.31
564	23.359	2.0038	0.1	-135.19
565	23.357	1.3253	0.1	-107.14
566	23.347	0.66343	0.1	-65.559
567	9.4784	5.5993	0.1	-137.93
568	10.115	5.4662	0.1	-70.77
569	10.786	5.3943	0.1	-34.855
570	11.45	5.358	0.1	-6.6987
571	12.116	5.3634	0.1	1.0586
572	12.785	5.3654	0.1	0.40358
573	13.444	5.3654	0.1	0.8958
574	14.104	5.3654	0.1	0.61148
575	14.764	5.3654	0.1	0.47584
576	15.424	5.3654	0.1	-3.3537
577	16.083	5.3654	0.1	-7.5325
578	16.743	5.3654	0.1	-11.229
579	17.403	5.3654	0.1	-14.597
580	18.063	5.3654	0.1	-17.825
581	18.722	5.3654	0.1	-21.15
582	19.382	5.3654	0.1	-24.708
583	20.042	5.3654	0.1	-28.534
584	20.701	5.3654	0.1	-32.902
585	21.361	5.3654	0.1	-38.419
586	22.026	5.3596	0.1	-44.809
587	22.689	5.3551	0.1	-53.469
588	23.344	5.3415	0.1	-65.428
589	8.5959	4.025	0.1	46.924
590	8.6263	4.314	0.1	-994.87
591	8.6161	4.6552	0.1	-1073.5
592	8.6757	4.988	0.1	-586.72
593	8.7456	5.3298	0.1	-279.66
594	8.8099	5.6727	0.1	-133.33
595	8.2698	2.2639	0.1	-1657.5
596	7.8758	3.6625	0.1	-1646.7
597	12.125	3.35	0.1	-3.1079
598	4.6621	3.3377	0.1	-2.4584
599	10.671	4.7388	0.1	3.5702
600	11.423	4.7353	0.1	-16.482
601	12.115	4.7306	0.1	5.9967
602	12.785	4.7307	0.1	-1.3483
603	13.444	4.7307	0.1	0.34092
604	14.104	4.7307	0.1	-0.27606
605	14.764	4.7307	0.1	0.14402
606	15.424	4.7307	0.1	3.0648e-002
607	16.083	4.7307	0.1	-1.3323
608	16.743	4.7307	0.1	-6.889
609	17.403	4.7307	0.1	-11.95
610	18.063	4.7307	0.1	-16.842
611	18.722	4.7307	0.1	-21.882
612	19.382	4.7307	0.1	-27.331
613	20.042	4.7307	0.1	-33.711
614	20.701	4.7307	0.1	-41.71
615	21.361	4.7307	0.1	-51.407
616	22.025	4.7236	0.1	-63.609
617	22.69	4.0442	0.1	-105.72
618	22.699	3.3652	0.1	-116.6
619	22.7	2.6948	0.1	-117.54
620	22.724	1.9965	0.1	-108.13
621	1.3173	1.9687	0.1	261.99
622	1.324	2.6372	0.1	259.76
623	1.3089	3.3147	0.1	256.09
624	1.2854	3.9972	0.1	253.12
625	22.056	1.3198	0.1	-65.923
626	21.396	1.3117	0.1	-53.273
627	20.73	1.2935	0.1	-42.8
628	20.056	1.278	0.1	-34.306
629	19.382	1.2693	0.1	-27.763
630	18.722	1.2693	0.1	-21.838
631	18.063	1.2693	0.1	-16.738
632	17.403	1.2693	0.1	-11.939
633	16.743	1.2693	0.1	-6.9713
634	16.083	1.2693	0.1	-1.5039
635	15.424	1.2693	0.1	9.7786e-003
636	14.764	1.2693	0.1	0.12322
637	14.104	1.2693	0.1	-8.0387e-002
638	13.444	1.2693	0.1	-0.48679
639	12.785	1.2693	0.1	-0.23099
640	12.125	1.2693	0.1	-0.23728
641	5.3646	1.2709	0.1	-20.813
642	4.6925	1.283	0.1	2.8028
643	4.0106	1.275	0.1	-5.5769
644	3.3333	1.2693	0.1	-8.4115
645	2.6667	1.2693	0.1	0.11687
646	1.9813	1.2854	0.1	-73.637
647	1.3151	1.3069	0.1	221.9
648	1.9564	4.6794	0.1	-75.708
649	2.6234	4.6854	0.1	-1.652
650	3.2981	4.7032	0.1	-11.092
651	3.9929	4.7218	0.1	-5.1477
652	4.6685	4.7154	0.1	-2.9323
653	11.449	2.6067	0.1	9.5798
654	5.3407	3.3299	0.1	-4.3605
655	9.9867	5.0494	0.1	-83.155
656	6.9158	1.177	0.1	-475.38
657	9.6991	4.7253	0.1	-55.802
658	10.208	2.8758	0.1	1.4198
659	10.211	1.1684	0.1	-19.146
660	10.18	2.3075	0.1	-10.343
661	10.197	1.7423	0.1	-15.909
662	6.6764	2.9159	0.1	1.4188
663	6.5761	4.1445	0.1	-40.811
664	9.0741	1.8329	0.1	-170.06
665	9.0247	3.1777	0.1	8.1082
666	7.396	2.8847	0.1	-134.61
667	9.1321	2.1981	0.1	-58.513
668	7.1484	1.9701	0.1	-536.39
669	9.047	4.613	0.1	-345.11
670	7.0148	4.9431	0.1	-378.06
671	8.8035	3.4529	0.1	28.447
672	7.5911	3.5579	0.1	-763.13
673	8.2024	3.5632	0.1	-1241.2
674	7.1743	2.3977	0.1	-123.54
675	8.5756	2.3117	0.1	-95.411
676	8.5577	3.7793	0.1	-176.65
677	8.1667	3.7875	0.1	-2526.7
678	7.9207	2.2085	0.1	-2516.8
679	8.1667	5.6667	0.1	138.42
680	8.1667	5.3333	0.1	-22.114
681	8.1667	5.	0.1	-468.16
682	8.1667	4.6667	0.1	-1099.7
683	8.1667	4.3333	0.1	-2756.6
684	8.1667	4.	0.1	-1686.7
685	8.	4.	0.1	-2324.5
686	8.	4.3333	0.1	-4154.3
687	8.	4.6667	0.1	-1505.8
688	8.	5.	0.1	-868.4
689	8.	5.3333	0.1	-168.64
690	8.	5.6667	0.1	145.3
691	8.1667	0.33333	0.1	111.68
692	8.1667	0.66667	0.1	-142.15
693	8.1667	1.	0.1	-602.8
694	8.1667	1.3333	0.1	-1112.3
695	8.1667	1.6667	0.1	-2806.6
696	8.1667	2.	0.1	-1025.2
697	8.	2.	0.1	-3208.
698	8.	1.6667	0.1	-4211.5
699	8.	1.3333	0.1	-1397.6
700	8.	1.	0.1	-590.04
701	8.	0.66667	0.1	24.372
702	8.	0.33333	0.1	188.43
703	8.1667	6.	0.1	130.49
704	8.8264	6.	0.1	-22.46
705	9.4861	6.	0.1	-101.96
706	10.146	6.	0.1	-62.438
707	10.806	6.	0.1	-34.057
708	11.465	6.	0.1	-16.141
709	12.125	6.	0.1	-2.719
710	12.785	6.	0.1	2.2618
711	13.444	6.	0.1	0.12304
712	14.104	6.	0.1	-3.2694
713	14.764	6.	0.1	-6.7782
714	15.424	6.	0.1	-10.051
715	16.083	6.	0.1	-13.042
716	16.743	6.	0.1	-15.773
717	17.403	6.	0.1	-18.366
718	18.063	6.	0.1	-20.9
719	18.722	6.	0.1	-23.465
720	19.382	6.	0.1	-26.27
721	20.042	6.	0.1	-29.315
722	20.701	6.	0.1	-32.488
723	21.361	6.	0.1	-36.362
724	22.021	6.	0.1	-39.992
725	22.681	6.	0.1	-44.307
726	23.34	6.	0.1	-46.643
727	24.	6.	0.1	-39.28
728	24.	5.3333	0.1	-75.775
729	24.	4.6667	0.1	-121.76
730	24.	4.	0.1	-149.77
731	24.	3.3333	0.1	-162.43
732	24.	2.6667	0.1	-162.81
733	24.	2.	0.1	-150.28
734	24.	1.3333	0.1	-122.55
735	24.	0.66667	0.1	-75.665
736	5.8279e-015	0.66667	0.1	3362.7
737	1.1656e-014	1.3333	0.1	3808.6
738	1.7484e-014	2.	0.1	4043.8
739	2.3312e-014	2.6667	0.1	4143.5
740	2.914e-014	3.3333	0.1	4141.6
741	3.4968e-014	4.	0.1	4039.3
742	4.0796e-014	4.6667	0.1	3808.
743	4.6624e-014	5.3333	0.1	3368.9
744	24.	0.	0.1	-39.115
745	23.34	0.	0.1	-46.92
746	22.681	0.	0.1	-44.917
747	22.021	0.	0.1	-40.011
748	21.361	0.	0.1	-35.915
749	20.701	0.	0.1	-32.357
750	20.042	0.	0.1	-28.852
751	19.382	0.	0.1	-26.317
752	18.722	0.	0.1	-23.549
753	18.063	0.	0.1	-20.959
754	17.403	0.	0.1	-18.408
755	16.743	0.	0.1	-15.826
756	16.083	0.	0.1	-13.129
757	15.424	0.	0.1	-10.182
758	14.764	0.	0.1	-6.9627
759	14.104	0.	0.1	-3.6089
760	13.444	0.	0.1	-0.54576
761	12.785	0.	0.1	0.98866
762	12.125	0.	0.1	7.7968e-002
763	11.465	0.	0.1	-6.1517
764	10.806	0.	0.1	-25.292
765	10.146	0.	0.1	-68.283
766	9.4861	0.	0.1	-138.83
767	8.8264	0.	0.1	-142.93
768	8.1667	0.	0.1	189.02
769	8.	0.	0.1	175.4
770	7.3333	1.1121e-030	0.1	-67.417
771	6.6667	1.011e-030	0.1	-136.87
772	6.	9.0989e-031	0.1	-70.341
773	5.3333	8.0879e-031	0.1	-9.2977
774	4.6667	7.0769e-031	0.1	5.8064
775	4.	6.0659e-031	0.1	18.583
776	3.3333	5.0549e-031	0.1	21.995
777	2.6667	4.0439e-031	0.1	35.108
778	2.	3.033e-031	0.1	19.194
779	1.3333	2.022e-031	0.1	109.81
780	0.66667	1.011e-031	0.1	-401.53
781	0.	0.	0.1	1040.4
782	3.937e-014	6.	0.1	1040.8
783	0.66667	6.	0.1	-400.49
784	1.3333	6.	0.1	114.33
785	2.	6.	0.1	23.242
786	2.6667	6.	0.1	38.032
787	3.3333	6.	0.1	23.442
788	4.	6.	0.1	16.771
789	4.6667	6.	0.1	7.6339
790	5.3333	6.	0.1	-10.93
791	6.	6.	0.1	-88.181
792	6.6667	6.	0.1	-187.57
793	7.3333	6.	0.1	-174.61
794	8.	6.	0.1	241.14
795	7.3333	6.	0.	-1916.5
796	6.6667	6.	0.	-3144.5
797	6.	6.	0.	-4048.1
798	5.3333	6.	0.	-4601.
799	4.6667	6.	0.	-4988.8
800	4.	6.	0.	-5299.8
801	3.3333	6.	0.	-5585.4
802	2.6667	6.	0.	-5860.3
803	2.	6.	0.	-6083.5
804	1.3333	6.	0.	-6274.4
805	0.66667	6.	0.	-5349.6
806	8.	6.	0.	-1214.1
807	3.937e-014	6.	0.	-3726.4
808	0.66667	1.011e-031	0.	-5346.8
809	1.3333	2.022e-031	0.	-6271.5
810	2.	3.033e-031	0.	-6076.5
811	2.6667	4.0439e-031	0.	-5854.2
812	3.3333	5.0549e-031	0.	-5581.
813	4.	6.0659e-031	0.	-5295.6
814	4.6667	7.0769e-031	0.	-4983.8
815	5.3333	8.0879e-031	0.	-4587.8
816	6.	9.0989e-031	0.	-4060.3
817	6.6667	1.011e-030	0.	-3195.7
818	7.3333	1.1121e-030	0.	-1906.6
819	8.	0.	0.	-1060.7
820	0.	0.	0.	-3716.1
821	8.8264	0.	0.	-1542.7
822	9.4861	0.	0.	-2385.4
823	10.146	0.	0.	-2851.
824	10.806	0.	0.	-2961.5
825	11.465	0.	0.	-2909.9
826	12.125	0.	0.	-2783.2
827	12.785	0.	0.	-2625.9
828	13.444	0.	0.	-2457.1
829	14.104	0.	0.	-2286.
830	14.764	0.	0.	-2115.8
831	15.424	0.	0.	-1947.9
832	16.083	0.	0.	-1782.8
833	16.743	0.	0.	-1620.5
834	17.403	0.	0.	-1460.9
835	18.063	0.	0.	-1303.8
836	18.722	0.	0.	-1149.1
837	19.382	0.	0.	-996.69
838	20.042	0.	0.	-846.57
839	20.701	0.	0.	-697.98
840	21.361	0.	0.	-551.51
841	22.021	0.	0.	-406.32
842	22.681	0.	0.	-261.18
843	23.34	0.	0.	-121.04
844	8.1667	0.	0.	-967.89
845	24.	0.	0.	-38.037
846	4.6624e-014	5.3333	0.	-6838.6
847	4.0796e-014	4.6667	0.	-7741.3
848	3.4968e-014	4.	0.	-8210.6
849	2.914e-014	3.3333	0.	-8405.3
850	2.3312e-014	2.6667	0.	-8408.9
851	1.7484e-014	2.	0.	-8217.3
852	1.1656e-014	1.3333	0.	-7739.6
853	5.8279e-015	0.66667	0.	-6825.6
854	24.	0.66667	0.	-57.768
855	24.	1.3333	0.	-61.276
856	24.	2.	0.	-60.834
857	24.	2.6667	0.	-61.999
858	24.	3.3333	0.	-62.092
859	24.	4.	0.	-62.07
860	24.	4.6667	0.	-62.39
861	24.	5.3333	0.	-57.57
862	24.	6.	0.	-37.589
863	23.34	6.	0.	-120.45
864	22.681	6.	0.	-261.06
865	22.021	6.	0.	-405.83
866	21.361	6.	0.	-551.27
867	20.701	6.	0.	-698.37
868	20.042	6.	0.	-846.81
869	19.382	6.	0.	-997.01
870	18.722	6.	0.	-1149.3
871	18.063	6.	0.	-1303.8
872	17.403	6.	0.	-1460.8
873	16.743	6.	0.	-1620.5
874	16.083	6.	0.	-1782.9
875	15.424	6.	0.	-1948.1
876	14.764	6.	0.	-2116.1
877	14.104	6.	0.	-2286.6
878	13.444	6.	0.	-2458.3
879	12.785	6.	0.	-2628.6
880	12.125	6.	0.	-2785.5
881	11.465	6.	0.	-2895.3
882	10.806	6.	0.	-2939.1
883	10.146	6.	0.	-2848.
884	9.4861	6.	0.	-2419.5
885	8.8264	6.	0.	-1553.8
886	8.1667	6.	0.	-822.02
887	8.	1.6667	0.	-5701.4
888	8.	1.3333	0.	-3540.7
889	8.	1.	0.	-2680.8
890	8.	0.66667	0.	-2070.1
891	8.	0.33333	0.	-1508.
892	8.	2.	0.	-16970
893	8.1667	0.33333	0.	-1411.7
894	8.1667	0.66667	0.	-1220.2
895	8.1667	1.	0.	-2120.8
896	8.1667	1.3333	0.	-3467.7
897	8.1667	1.6667	0.	-6394.1
898	8.1667	2.	0.	-17559
899	8.	4.3333	0.	-5815.6
900	8.	4.6667	0.	-3541.
901	8.	5.	0.	-2435.3
902	8.	5.3333	0.	-1341.7
903	8.	5.6667	0.	-1695.
904	8.	4.	0.	-17023
905	8.1667	5.6667	0.	-1183.7
906	8.1667	5.3333	0.	-1714.4
907	8.1667	5.	0.	-2336.4
908	8.1667	4.6667	0.	-3486.1
909	8.1667	4.3333	0.	-5958.7
910	8.1667	4.	0.	-17706
911	8.0952	2.2362	0.	-10258
912	7.7448	2.2024	0.	-9109.9
913	7.9353	2.3178	0.	-10067
914	7.9207	2.2085	5.e-002	-434.79
915	7.9604	2.1042	0.	-13650
916	8.3622	3.7834	0.	-9473.2
917	8.1845	3.6754	0.	-10159
918	8.0212	3.725	0.	-10155
919	8.1667	3.7875	5.e-002	-263.14
920	8.1667	3.8937	0.	-14208
921	8.5768	3.9021	0.	-7236.6
922	8.5331	3.661	0.	-8086.4
923	8.7193	3.7171	0.	-6892.4
924	8.5577	3.7793	5.e-002	-301.68
925	8.4227	2.2878	0.	-9052.8
926	8.6123	2.1833	0.	-7056.5
927	8.519	2.4652	0.	-7936.8
928	8.8058	2.4415	0.	-6636.5
929	8.5756	2.3117	5.e-002	-216.05
930	7.1613	2.1839	0.	-5581.6
931	7.2852	2.6412	0.	-6445.8
932	7.3716	2.2971	0.	-6803.3
933	7.4035	2.4339	0.	-7013.7
934	6.9412	2.3683	0.	-5650.7
935	7.1743	2.3977	5.e-002	-58.399
936	8.0805	3.4766	0.	-9178.3
937	8.3554	3.5529	0.	-8731.5
938	8.2514	3.4226	0.	-8793.6
939	8.2024	3.5632	5.e-002	-22.386
940	7.7334	3.6102	0.	-8561.8
941	7.5695	3.7477	0.	-7176.8
942	7.6526	3.36	0.	-7905.1
943	7.344	3.506	0.	-6752.9
944	7.5911	3.5579	5.e-002	-215.92
945	8.9141	3.3153	0.	-6168.8
946	8.6559	3.4977	0.	-7427.2
947	8.8421	3.5538	0.	-6222.6
948	8.7393	3.3349	0.	-6700.
949	8.8035	3.4529	5.e-002	-11.977
950	7.134	5.2214	0.	-2941.7
951	7.2775	4.961	0.	-3086.
952	6.7665	4.8911	0.	-3798.9
953	7.0329	4.737	0.	-3994.8
954	7.0148	4.9431	5.e-002	-80.282
955	8.8316	4.6341	0.	-3214.3
956	9.1226	4.7695	0.	-3143.5
957	9.0596	4.4324	0.	-3719.1
958	9.2393	4.5696	0.	-3345.9
959	9.047	4.613	5.e-002	-71.914
960	7.3535	1.9647	0.	-5939.3
961	7.2049	1.8223	0.	-4816.5
962	6.9426	1.9078	0.	-4926.3
963	7.1484	1.9701	5.e-002	-103.68
964	9.1031	2.0155	0.	-4406.
965	8.8905	2.1265	0.	-5517.4
966	9.084	2.3847	0.	-5132.7
967	9.3815	2.2421	0.	-4365.1
968	9.1321	2.1981	5.e-002	-55.806
969	7.0362	2.9003	0.	-6286.3
970	7.5551	3.0234	0.	-7552.5
971	7.2465	3.1694	0.	-6370.9
972	7.5294	2.7958	0.	-7484.1
973	7.396	2.8847	5.e-002	-42.086
974	8.9218	3.0056	0.	-6158.6
975	8.8499	3.1973	0.	-6359.6
976	9.1404	3.3484	0.	-5264.3
977	9.2924	3.0231	0.	-5105.
978	9.0247	3.1777	5.e-002	-42.651
979	8.8468	1.7829	0.	-4545.1
980	9.016	1.62	0.	-3857.3
981	9.333	1.7549	0.	-3865.9
982	9.0741	1.8329	5.e-002	-48.387
983	6.5472	4.4917	0.	-4322.7
984	6.8135	4.3377	0.	-4492.9
985	6.829	4.0306	0.	-4952.3
986	6.288	4.1203	0.	-4660.6
987	6.5673	3.7826	0.	-4918.
988	6.5761	4.1445	5.e-002	-48.526
989	6.6175	3.1683	0.	-5446.
990	6.3697	2.7386	0.	-5278.4
991	6.6923	2.6274	0.	-5478.7
992	6.6764	2.9159	5.e-002	-31.614
993	10.189	2.0249	0.	-3522.6
994	10.204	1.4554	0.	-3275.3
995	9.8945	1.7096	0.	-3486.9
996	10.523	1.7756	0.	-3287.8
997	10.197	1.7423	5.e-002	-21.543
998	10.194	2.5916	0.	-3689.5
999	9.9055	2.2968	0.	-3862.5
1000	10.464	2.315	0.	-3480.4
1001	10.18	2.3075	5.e-002	-39.401
1002	10.203	0.87343	0.	-3060.
1003	9.9109	1.1327	0.	-3094.6
1004	10.528	1.1926	0.	-3122.8
1005	10.211	1.1684	5.e-002	-8.159
1006	10.235	3.1456	0.	-3687.1
1007	10.506	2.8513	0.	-3521.7
1008	9.8839	2.8722	0.	-4059.6
1009	10.208	2.8758	5.e-002	-27.057
1010	9.8429	4.8874	0.	-3194.3
1011	9.4486	4.8256	0.	-3073.5
1012	9.5653	4.6257	0.	-3293.5
1013	9.8976	4.5699	0.	-3320.8
1014	9.6991	4.7253	5.e-002	-27.401
1015	7.1803	1.1044	0.	-3271.8
1016	6.8187	1.0167	0.	-3690.2
1017	7.007	1.3022	0.	-3959.5
1018	6.6311	1.3746	0.	-4127.7
1019	6.9158	1.177	5.e-002	-84.507
1020	10.329	4.8941	0.	-3105.
1021	10.051	5.2578	0.	-3018.1
1022	9.6545	5.1463	0.	-2862.7
1023	9.9867	5.0494	5.e-002	-33.936
1024	5.0014	3.3338	0.	-4922.
1025	5.333	3.682	0.	-4850.3
1026	5.3792	2.9594	0.	-4870.4
1027	5.6528	3.3494	0.	-4910.8
1028	5.3407	3.3299	5.e-002	-7.5336
1029	11.462	2.2556	0.	-3007.6
1030	11.473	2.9879	0.	-3015.9
1031	11.098	2.4646	0.	-3172.1
1032	11.786	2.6179	0.	-2914.7
1033	11.127	2.7167	0.	-3173.2
1034	11.449	2.6067	5.e-002	-12.726
1035	4.3307	4.7186	0.	-5063.4
1036	4.6676	5.0404	0.	-4957.
1037	4.9937	4.7166	0.	-4843.6
1038	4.6685	4.3871	0.	-4955.6
1039	4.6685	4.7154	5.e-002	-16.323
1040	3.6455	4.7125	0.	-5281.6
1041	3.9933	5.0408	0.	-5196.6
1042	3.9865	4.3734	0.	-5155.1
1043	3.9929	4.7218	5.e-002	-16.612
1044	2.9607	4.6943	0.	-5499.9
1045	3.3113	5.0266	0.	-5427.
1046	3.3003	4.3568	0.	-5361.6
1047	3.2981	4.7032	5.e-002	-18.869
1048	2.2899	4.6824	0.	-5690.5
1049	2.638	5.0134	0.	-5653.5
1050	2.6293	4.3405	0.	-5585.1
1051	2.6234	4.6854	5.e-002	-22.941
1052	1.9701	5.0075	0.	-5814.2
1053	1.6275	4.6762	0.	-5951.4
1054	1.9578	4.3357	0.	-5778.9
1055	1.9564	4.6794	5.e-002	-28.448
1056	1.6482	1.2961	0.	-5950.3
1057	1.3162	1.6378	0.	-6216.3
1058	1.3192	0.98085	0.	-6078.3
1059	0.98642	1.3138	0.	-5972.7
1060	1.3151	1.3069	5.e-002	-55.528
1061	2.324	1.2774	0.	-5684.6
1062	1.9871	0.96493	0.	-5812.4
1063	1.9839	1.6151	0.	-5773.
1064	1.9813	1.2854	5.e-002	-27.145
1065	3.	1.2693	0.	-5490.9
1066	2.6667	0.95197	0.	-5647.1
1067	2.6623	1.5927	0.	-5579.2
1068	2.6667	1.2693	5.e-002	-22.163
1069	3.672	1.2721	0.	-5272.1
1070	3.3333	0.95197	0.	-5419.8
1071	3.3348	1.5907	0.	-5355.2
1072	3.3333	1.2693	5.e-002	-18.834
1073	4.3516	1.279	0.	-5051.8
1074	4.0053	0.9548	0.	-5188.6
1075	4.0159	1.6059	0.	-5146.5
1076	4.0106	1.275	5.e-002	-17.629
1077	5.0286	1.2769	0.	-4808.1
1078	4.6821	0.9616	0.	-4945.7
1079	4.705	1.6184	0.	-4941.9
1080	4.6925	1.283	5.e-002	-21.664
1081	5.3474	0.94657	0.	-4655.
1082	5.714	1.1959	0.	-4515.3
1083	5.4089	1.586	0.	-4718.1
1084	5.3646	1.2709	5.e-002	-23.479
1085	12.455	1.2693	0.	-2698.4
1086	12.125	0.95197	0.	-2781.9
1087	11.804	1.2633	0.	-2865.6
1088	12.122	1.5914	0.	-2788.2
1089	12.125	1.2693	5.e-002	-11.761
1090	13.115	1.2693	0.	-2526.4
1091	12.785	0.95197	0.	-2614.7
1092	12.785	1.5866	0.	-2611.4
1093	12.785	1.2693	5.e-002	-11.623
1094	13.774	1.2693	0.	-2354.5
1095	13.444	0.95197	0.	-2443.4
1096	13.442	1.5972	0.	-2437.8
1097	13.444	1.2693	5.e-002	-11.063
1098	14.434	1.2693	0.	-2184.9
1099	14.104	0.95197	0.	-2272.7
1100	14.102	1.5901	0.	-2266.8
1101	14.104	1.2693	5.e-002	-10.929
1102	15.094	1.2693	0.	-2018.
1103	14.764	0.95197	0.	-2104.1
1104	14.764	1.5866	0.	-2098.5
1105	14.764	1.2693	5.e-002	-10.768
1106	15.753	1.2693	0.	-1853.5
1107	15.424	0.95197	0.	-1938.
1108	15.424	1.5866	0.	-1932.9
1109	15.424	1.2693	5.e-002	-10.597
1110	16.413	1.2693	0.	-1691.6
1111	16.083	0.95197	0.	-1774.4
1112	16.083	1.5866	0.	-1769.9
1113	16.083	1.2693	5.e-002	-10.422
1114	17.073	1.2693	0.	-1532.1
1115	16.743	0.95197	0.	-1613.4
1116	16.743	1.5866	0.	-1609.4
1117	16.743	1.2693	5.e-002	-10.256
1118	17.733	1.2693	0.	-1375.2
1119	17.403	0.95197	0.	-1455.
1120	17.403	1.5866	0.	-1451.4
1121	17.403	1.2693	5.e-002	-10.076
1122	18.392	1.2693	0.	-1220.7
1123	18.063	0.95197	0.	-1299.1
1124	18.063	1.5866	0.	-1295.9
1125	18.063	1.2693	5.e-002	-9.8785
1126	19.052	1.2693	0.	-1068.2
1127	18.722	0.95197	0.	-1145.4
1128	18.722	1.5866	0.	-1142.7
1129	18.722	1.2693	5.e-002	-9.8282
1130	19.719	1.2736	0.	-916.86
1131	19.382	0.95197	0.	-993.59
1132	19.385	1.5905	0.	-990.95
1133	19.382	1.2693	5.e-002	-9.6823
1134	20.393	1.2857	0.	-767.02
1135	20.052	0.95871	0.	-843.15
1136	20.058	1.6044	0.	-840.42
1137	20.056	1.278	5.e-002	-9.6163
1138	21.063	1.3026	0.	-620.19
1139	20.72	0.97096	0.	-695.04
1140	20.73	1.6283	0.	-692.63
1141	20.73	1.2935	5.e-002	-9.2712
1142	21.726	1.3157	0.	-477.95
1143	21.384	0.98435	0.	-549.68
1144	21.394	1.6544	0.	-548.37
1145	21.396	1.3117	5.e-002	-9.0327
1146	22.045	0.99149	0.	-408.44
1147	22.382	1.3238	0.	-339.79
1148	22.062	1.6601	0.	-408.04
1149	22.056	1.3198	5.e-002	-8.8853
1150	1.2972	3.656	0.	-6363.8
1151	0.96377	3.9967	0.	-6240.8
1152	1.292	4.3352	0.	-6221.5
1153	1.6223	3.9946	0.	-6053.9
1154	1.2854	3.9972	5.e-002	-43.722
1155	1.3164	2.9759	0.	-6407.7
1156	0.98006	3.3204	0.	-6352.3
1157	1.6455	3.3069	0.	-6108.7
1158	1.3089	3.3147	5.e-002	-44.314
1159	1.3206	2.3029	0.	-6354.2
1160	0.99076	2.6461	0.	-6343.6
1161	1.6533	2.6282	0.	-6102.5
1162	1.324	2.6372	5.e-002	-44.184
1163	0.98821	1.9796	0.	-6223.5
1164	1.6519	1.9567	0.	-6043.5
1165	1.3173	1.9687	5.e-002	-43.924
1166	22.712	2.3456	0.	-274.04
1167	23.042	2.0001	0.	-205.29
1168	22.716	1.6622	0.	-270.64
1169	22.396	1.9985	0.	-339.32
1170	22.724	1.9965	5.e-002	-8.9781
1171	22.699	3.03	0.	-278.
1172	23.025	2.6852	0.	-210.25
1173	22.368	2.6997	0.	-346.84
1174	22.7	2.6948	5.e-002	-9.1575
1175	22.694	3.7047	0.	-277.82
1176	23.023	3.3573	0.	-210.68
1177	22.349	3.3924	0.	-350.25
1178	22.699	3.3652	5.e-002	-9.0157
1179	23.017	4.0306	0.	-210.34
1180	22.688	4.3732	0.	-276.07
1181	22.359	4.0548	0.	-346.26
1182	22.69	4.0442	5.e-002	-8.9279
1183	21.693	4.7271	0.	-484.73
1184	22.025	5.0416	0.	-412.02
1185	22.356	4.7129	0.	-344.5
1186	22.026	4.3945	0.	-414.28
1187	22.025	4.7236	5.e-002	-8.9822
1188	21.031	4.7307	0.	-627.05
1189	21.361	5.048	0.	-554.51
1190	21.361	4.4134	0.	-555.71
1191	21.361	4.7307	5.e-002	-9.181
1192	20.372	4.7307	0.	-771.94
1193	20.701	5.048	0.	-699.06
1194	20.697	4.4095	0.	-699.94
1195	20.701	4.7307	5.e-002	-9.4127
1196	19.712	4.7307	0.	-919.32
1197	20.042	5.048	0.	-845.85
1198	20.038	4.4	0.	-845.19
1199	20.042	4.7307	5.e-002	-9.2671
1200	19.052	4.7307	0.	-1068.7
1201	19.382	5.048	0.	-994.52
1202	19.381	4.4045	0.	-992.68
1203	19.382	4.7307	5.e-002	-9.6273
1204	18.392	4.7307	0.	-1220.5
1205	18.722	5.048	0.	-1145.4
1206	18.722	4.4044	0.	-1142.8
1207	18.722	4.7307	5.e-002	-9.8722
1208	17.733	4.7307	0.	-1375.
1209	18.063	5.048	0.	-1298.9
1210	18.062	4.4044	0.	-1295.7
1211	18.063	4.7307	5.e-002	-9.913
1212	17.073	4.7307	0.	-1532.
1213	17.403	5.048	0.	-1454.9
1214	17.403	4.4044	0.	-1451.3
1215	17.403	4.7307	5.e-002	-10.07
1216	16.413	4.7307	0.	-1691.5
1217	16.743	5.048	0.	-1613.4
1218	16.743	4.4044	0.	-1609.3
1219	16.743	4.7307	5.e-002	-10.251
1220	15.753	4.7307	0.	-1853.6
1221	16.083	5.048	0.	-1774.5
1222	16.083	4.4044	0.	-1769.9
1223	16.083	4.7307	5.e-002	-10.421
1224	15.094	4.7307	0.	-2018.1
1225	15.424	5.048	0.	-1938.1
1226	15.424	4.4044	0.	-1932.9
1227	15.424	4.7307	5.e-002	-10.588
1228	14.434	4.7307	0.	-2185.1
1229	14.764	5.048	0.	-2104.2
1230	14.764	4.4044	0.	-2098.4
1231	14.764	4.7307	5.e-002	-10.727
1232	13.774	4.7307	0.	-2354.8
1233	14.104	5.048	0.	-2272.9
1234	14.104	4.4044	0.	-2266.4
1235	14.104	4.7307	5.e-002	-11.058
1236	13.115	4.7307	0.	-2526.5
1237	13.444	5.048	0.	-2443.8
1238	13.444	4.4044	0.	-2437.5
1239	13.444	4.7307	5.e-002	-10.93
1240	12.45	4.7307	0.	-2702.
1241	12.785	5.048	0.	-2615.4
1242	12.784	4.4033	0.	-2611.5
1243	12.785	4.7307	5.e-002	-11.887
1244	11.769	4.733	0.	-2882.9
1245	12.116	5.047	0.	-2789.
1246	12.12	4.4133	0.	-2793.5
1247	12.115	4.7306	5.e-002	-9.7381
1248	11.047	4.737	0.	-3038.2
1249	11.437	5.0467	0.	-2951.5
1250	11.437	4.4188	0.	-2987.3
1251	11.423	4.7353	5.e-002	-12.519
1252	10.729	5.0665	0.	-3045.4
1253	10.757	4.3952	0.	-3158.
1254	10.384	4.5766	0.	-3234.6
1255	10.671	4.7388	5.e-002	-8.6524
1256	4.6653	3.6983	0.	-4961.
1257	4.6841	2.9843	0.	-4964.
1258	4.329	3.3268	0.	-5039.9
1259	4.6621	3.3377	5.e-002	-7.9459
1260	12.125	3.723	0.	-2796.3
1261	12.455	3.3447	0.	-2702.3
1262	11.811	3.3596	0.	-2897.9
1263	12.125	2.9896	0.	-2796.7
1264	12.125	3.35	5.e-002	-13.874
1265	7.9172	3.5263	0.	-9315.6
1266	7.8758	3.6625	5.e-002	-419.7
1267	7.9379	3.8312	0.	-13098
1268	8.2434	2.3856	0.	-9924.6
1269	8.2698	2.2639	5.e-002	-471.14
1270	8.2182	2.1319	0.	-13825
1271	8.7778	5.5013	0.	-1782.3
1272	9.1442	5.636	0.	-2106.8
1273	8.8099	5.6727	5.e-002	-88.689
1274	8.8182	5.8364	0.	-1603.9
1275	8.4883	5.6697	0.	-1382.8
1276	8.7107	5.1589	0.	-2155.1
1277	9.034	5.2865	0.	-2231.9
1278	8.7456	5.3298	5.e-002	-100.14
1279	8.4561	5.3316	0.	-1734.2
1280	8.6459	4.8216	0.	-2791.8
1281	8.937	4.957	0.	-2596.6
1282	8.6757	4.988	5.e-002	-113.42
1283	8.4212	4.994	0.	-2295.9
1284	8.6212	4.4846	0.	-3978.
1285	8.6161	4.6552	5.e-002	-146.13
1286	8.3914	4.6609	0.	-3226.4
1287	8.6111	4.1695	0.	-5696.
1288	8.8493	4.2829	0.	-4398.9
1289	8.6263	4.314	5.e-002	-143.38
1290	8.3965	4.3236	0.	-5125.5
1291	8.8662	3.9662	0.	-5543.4
1292	8.5959	4.025	5.e-002	-327.98
1293	8.3813	4.0125	0.	-12143
1294	23.017	5.3483	0.	-203.95
1295	23.344	5.0114	0.	-140.12
1296	23.344	5.3415	5.e-002	-8.7111
1297	23.672	5.3374	0.	-97.322
1298	23.342	5.6708	0.	-128.31
1299	22.357	5.3574	0.	-340.3
1300	22.688	5.0287	0.	-271.88
1301	22.689	5.3551	5.e-002	-8.5178
1302	22.685	5.6776	0.	-264.59
1303	21.693	5.3625	0.	-482.63
1304	22.026	5.3596	5.e-002	-8.7931
1305	22.023	5.6798	0.	-407.78
1306	21.031	5.3654	0.	-627.23
1307	21.361	5.3654	5.e-002	-8.945
1308	21.361	5.6827	0.	-552.42
1309	20.372	5.3654	0.	-773.62
1310	20.701	5.3654	5.e-002	-8.9996
1311	20.701	5.6827	0.	-698.86
1312	19.712	5.3654	0.	-921.63
1313	20.042	5.3654	5.e-002	-9.07
1314	20.042	5.6827	0.	-846.71
1315	19.052	5.3654	0.	-1071.7
1316	19.382	5.3654	5.e-002	-9.2285
1317	19.382	5.6827	0.	-996.28
1318	18.392	5.3654	0.	-1224.3
1319	18.722	5.3654	5.e-002	-9.293
1320	18.722	5.6827	0.	-1148.1
1321	17.733	5.3654	0.	-1379.2
1322	18.063	5.3654	5.e-002	-9.4391
1323	18.063	5.6827	0.	-1302.3
1324	17.073	5.3654	0.	-1536.7
1325	17.403	5.3654	5.e-002	-9.6078
1326	17.403	5.6827	0.	-1458.9
1327	16.413	5.3654	0.	-1696.7
1328	16.743	5.3654	5.e-002	-9.7654
1329	16.743	5.6827	0.	-1618.1
1330	15.753	5.3654	0.	-1859.3
1331	16.083	5.3654	5.e-002	-9.9343
1332	16.083	5.6827	0.	-1779.9
1333	15.094	5.3654	0.	-2024.6
1334	15.424	5.3654	5.e-002	-10.127
1335	15.424	5.6827	0.	-1944.5
1336	14.434	5.3654	0.	-2192.3
1337	14.764	5.3654	5.e-002	-10.308
1338	14.764	5.6827	0.	-2111.8
1339	13.774	5.3654	0.	-2362.2
1340	14.104	5.3654	5.e-002	-10.507
1341	14.104	5.6827	0.	-2281.5
1342	13.115	5.3654	0.	-2532.8
1343	13.444	5.3654	5.e-002	-10.606
1344	13.444	5.6827	0.	-2452.8
1345	12.45	5.3644	0.	-2702.5
1346	12.785	5.3654	5.e-002	-10.776
1347	12.785	5.6827	0.	-2623.3
1348	11.783	5.3607	0.	-2857.9
1349	12.116	5.3634	5.e-002	-10.077
1350	12.121	5.6817	0.	-2786.1
1351	11.118	5.3762	0.	-2958.4
1352	11.45	5.358	5.e-002	-8.2228
1353	11.458	5.679	0.	-2912.
1354	10.45	5.4302	0.	-2956.7
1355	10.786	5.3943	5.e-002	-3.7184
1356	10.796	5.6972	0.	-2963.8
1357	9.7967	5.5328	0.	-2742.9
1358	10.115	5.4662	5.e-002	-12.944
1359	10.13	5.7331	0.	-2886.4
1360	9.4004	5.4213	0.	-2596.4
1361	9.4784	5.5993	5.e-002	-59.096
1362	9.4823	5.7997	0.	-2491.8
1363	23.352	0.99435	0.	-139.17
1364	23.019	0.66311	0.	-203.85
1365	23.347	0.66343	5.e-002	-8.7924
1366	23.344	0.33172	0.	-128.76
1367	23.673	0.66505	0.	-97.592
1368	23.358	1.6645	0.	-140.29
1369	23.032	1.3266	0.	-205.86
1370	23.357	1.3253	5.e-002	-8.9594
1371	23.678	1.3293	0.	-100.53
1372	23.355	2.3397	0.	-141.4
1373	23.359	2.0038	5.e-002	-8.9421
1374	23.679	2.0019	0.	-100.32
1375	23.349	3.0125	0.	-142.87
1376	23.351	2.6756	5.e-002	-9.0297
1377	23.675	2.6711	0.	-102.04
1378	23.346	3.6832	0.	-143.12
1379	23.347	3.3495	5.e-002	-9.049
1380	23.674	3.3414	0.	-102.42
1381	23.344	4.3491	0.	-142.8
1382	23.345	4.017	5.e-002	-8.8813
1383	23.672	4.0085	0.	-102.33
1384	23.016	4.6918	0.	-208.74
1385	23.344	4.6813	5.e-002	-8.9275
1386	23.672	4.674	0.	-102.21
1387	9.2279	0.51512	0.	-2234.
1388	8.7224	0.60791	0.	-1715.6
1389	8.9903	0.75705	0.	-2385.1
1390	8.8976	0.48942	5.e-002	-84.107
1391	8.862	0.24471	0.	-1697.8
1392	8.5321	0.41138	0.	-1585.8
1393	9.8766	0.55964	0.	-2806.1
1394	9.5846	0.81896	0.	-2847.5
1395	9.5582	0.54083	5.e-002	-35.644
1396	9.5222	0.27042	0.	-2517.4
1397	10.514	0.59497	0.	-2985.4
1398	10.195	0.57846	5.e-002	-11.895
1399	10.17	0.28923	0.	-2908.
1400	11.155	0.62038	0.	-2964.1
1401	10.839	0.91418	0.	-3049.2
1402	10.833	0.61149	5.e-002	-3.5483
1403	10.819	0.30575	0.	-2983.9
1404	11.8	0.63196	0.	-2851.
1405	11.48	0.94327	0.	-2934.4
1406	11.476	0.62927	5.e-002	-7.9801
1407	11.471	0.31463	0.	-2915.8
1408	12.455	0.63465	0.	-2698.4
1409	12.125	0.63465	5.e-002	-9.8059
1410	12.125	0.31732	0.	-2781.5
1411	13.115	0.63465	0.	-2532.
1412	12.785	0.63465	5.e-002	-10.516
1413	12.785	0.31732	0.	-2621.3
1414	13.774	0.63465	0.	-2361.9
1415	13.444	0.63465	5.e-002	-10.578
1416	13.444	0.31732	0.	-2452.
1417	14.434	0.63465	0.	-2192.1
1418	14.104	0.63465	5.e-002	-10.531
1419	14.104	0.31732	0.	-2281.2
1420	15.094	0.63465	0.	-2024.4
1421	14.764	0.63465	5.e-002	-10.307
1422	14.764	0.31732	0.	-2111.6
1423	15.753	0.63465	0.	-1859.3
1424	15.424	0.63465	5.e-002	-10.105
1425	15.424	0.31732	0.	-1944.4
1426	16.413	0.63465	0.	-1696.7
1427	16.083	0.63465	5.e-002	-9.9288
1428	16.083	0.31732	0.	-1779.9
1429	17.073	0.63465	0.	-1536.7
1430	16.743	0.63465	5.e-002	-9.7594
1431	16.743	0.31732	0.	-1618.1
1432	17.733	0.63465	0.	-1379.3
1433	17.403	0.63465	5.e-002	-9.607
1434	17.403	0.31732	0.	-1458.9
1435	18.392	0.63465	0.	-1224.3
1436	18.063	0.63465	5.e-002	-9.4439
1437	18.063	0.31732	0.	-1302.3
1438	19.052	0.63465	0.	-1071.3
1439	18.722	0.63465	5.e-002	-9.3362
1440	18.722	0.31732	0.	-1148.
1441	19.714	0.63703	0.	-920.47
1442	19.382	0.63465	5.e-002	-9.2172
1443	19.382	0.31732	0.	-995.75
1444	20.378	0.64393	0.	-771.83
1445	20.047	0.63941	5.e-002	-9.1254
1446	20.044	0.31971	0.	-845.78
1447	21.041	0.65272	0.	-625.28
1448	20.709	0.64844	5.e-002	-8.9734
1449	20.705	0.32422	0.	-697.67
1450	21.704	0.66009	0.	-481.03
1451	21.373	0.657	5.e-002	-8.8148
1452	21.367	0.3285	0.	-551.56
1453	22.363	0.66298	0.	-339.4
1454	22.034	0.66318	5.e-002	-8.7282
1455	22.028	0.33159	0.	-407.36
1456	22.7	0.99534	0.	-269.84
1457	22.692	0.66278	5.e-002	-8.532
1458	22.686	0.33139	0.	-264.36
1459	7.3311	0.53332	0.	-2308.3
1460	6.9733	0.40596	0.	-2779.6
1461	7.3095	0.3668	5.e-002	-117.51
1462	7.3214	0.1834	0.	-2037.4
1463	7.6547	0.35007	0.	-1790.1
1464	7.3987	0.86578	0.	-2639.4
1465	7.0371	0.77809	0.	-2967.1
1466	7.3527	0.69984	5.e-002	-132.23
1467	7.6763	0.68326	0.	-2168.
1468	7.4969	1.1888	0.	-3172.7
1469	7.4447	1.0317	5.e-002	-152.9
1470	7.7224	1.0159	0.	-2666.7
1471	7.5769	1.5045	0.	-4362.2
1472	7.3236	1.3867	0.	-3725.4
1473	7.549	1.3459	5.e-002	-178.39
1474	7.7745	1.3396	0.	-3412.
1475	7.5817	1.8112	0.	-5973.
1476	7.4331	1.6688	0.	-4843.9
1477	7.6047	1.6631	5.e-002	-171.69
1478	7.8024	1.6649	0.	-5164.4
1479	7.5638	2.0779	0.	-7194.3
1480	7.5586	1.9593	5.e-002	-298.91
1481	7.7793	1.9796	0.	-11858
1482	0.99177	0.65696	0.	-5634.
1483	0.65897	0.98988	0.	-5515.1
1484	0.66023	0.65907	5.e-002	-82.903
1485	0.66345	0.32953	0.	-5277.3
1486	0.33011	0.66287	0.	-5998.1
1487	1.6581	0.64964	0.	-5941.1
1488	1.3233	0.65484	5.e-002	-51.587
1489	1.3283	0.32742	0.	-6149.5
1490	2.3297	0.63954	0.	-5773.1
1491	1.9928	0.64443	5.e-002	-30.302
1492	1.9964	0.32222	0.	-5966.
1493	3.	0.63465	0.	-5574.5
1494	2.6667	0.63465	5.e-002	-24.033
1495	2.6667	0.31732	0.	-5773.
1496	3.6667	0.63465	0.	-5335.4
1497	3.3333	0.63465	5.e-002	-22.536
1498	3.3333	0.31732	0.	-5519.4
1499	4.3359	0.63744	0.	-5082.2
1500	4.	0.63465	5.e-002	-20.206
1501	4.	0.31732	0.	-5254.4
1502	5.001	0.63123	0.	-4792.6
1503	4.6717	0.64023	5.e-002	-18.785
1504	4.6692	0.32012	0.	-4967.4
1505	5.653	0.59246	0.	-4407.
1506	5.3302	0.62223	5.e-002	-24.032
1507	5.3318	0.31112	0.	-4610.7
1508	6.3064	0.5039	0.	-3792.2
1509	6.0196	0.84175	0.	-4269.4
1510	5.9757	0.56268	5.e-002	-33.151
1511	5.9879	0.28134	0.	-4120.1
1512	6.6793	0.65073	0.	-3488.9
1513	6.6372	0.44512	5.e-002	-75.418
1514	6.6519	0.22256	0.	-3300.1
1515	0.65191	5.0066	0.	-5522.7
1516	0.98868	5.3375	0.	-5633.
1517	0.65843	5.3374	5.e-002	-84.198
1518	0.66255	5.6687	0.	-5280.6
1519	0.32921	5.3354	0.	-6006.7
1520	0.64375	4.336	0.	-5993.3
1521	0.97201	4.6744	0.	-5978.
1522	0.64539	4.6758	5.e-002	-31.194
1523	0.32269	4.6712	0.	-6776.6
1524	0.64667	3.6611	0.	-6227.8
1525	0.64212	3.9961	5.e-002	-21.278
1526	0.32106	3.9981	0.	-7186.5
1527	0.6544	2.9906	0.	-6286.4
1528	0.65122	3.3261	5.e-002	-18.387
1529	0.32561	3.3297	0.	-7348.5
1530	0.65833	2.3228	0.	-6211.4
1531	0.65757	2.6551	5.e-002	-18.985
1532	0.32879	2.6609	0.	-7345.
1533	0.6584	1.6556	0.	-5976.2
1534	0.65909	1.9905	5.e-002	-22.219
1535	0.32955	1.9953	0.	-7178.6
1536	0.6577	1.3207	5.e-002	-31.104
1537	0.32885	1.327	0.	-6769.5
1538	6.9172	5.4701	0.	-2890.9
1539	7.429	5.3818	0.	-2076.1
1540	7.2531	5.4997	5.e-002	-108.36
1541	7.2932	5.7499	0.	-2115.8
1542	7.6265	5.5832	0.	-1947.4
1543	6.2669	5.4171	0.	-3860.9
1544	6.5498	5.1397	0.	-3779.6
1545	6.5813	5.4404	5.e-002	-61.138
1546	6.624	5.7202	0.	-3325.
1547	5.6335	5.3813	0.	-4434.3
1548	5.9584	5.0755	0.	-4340.1
1549	5.9526	5.3938	5.e-002	-42.938
1550	5.9763	5.6969	0.	-4132.3
1551	4.9906	5.367	0.	-4805.9
1552	5.3167	5.0433	0.	-4692.4
1553	5.3145	5.3687	5.e-002	-25.133
1554	5.3239	5.6844	0.	-4626.2
1555	4.3302	5.3626	0.	-5089.9
1556	4.6667	5.3654	5.e-002	-19.732
1557	4.6667	5.6827	0.	-4974.1
1558	3.6591	5.3549	0.	-5341.1
1559	3.9938	5.3598	5.e-002	-19.933
1560	3.9969	5.6799	0.	-5259.9
1561	2.9886	5.3456	0.	-5579.1
1562	3.3245	5.35	5.e-002	-21.496
1563	3.3289	5.675	0.	-5524.
1564	2.3183	5.3384	0.	-5775.5
1565	2.6527	5.3413	5.e-002	-24.285
1566	2.6597	5.6707	0.	-5778.3
1567	1.6514	5.3365	0.	-5938.3
1568	1.9839	5.3356	5.e-002	-31.676
1569	1.9919	5.6678	0.	-5969.6
1570	1.3088	5.0053	0.	-6074.6
1571	1.3189	5.3375	5.e-002	-52.347
1572	1.3261	5.6687	0.	-6148.1
1573	7.5726	5.1214	0.	-2364.9
1574	7.6049	5.2639	5.e-002	-87.771
1575	7.8025	5.2986	0.	-1591.3
1576	7.5396	4.818	0.	-3200.4
1577	7.5403	4.9789	5.e-002	-171.47
1578	7.7701	4.9894	0.	-2551.
1579	7.557	4.4952	0.	-4400.6
1580	7.2949	4.594	0.	-3929.2
1581	7.5389	4.6571	5.e-002	-185.24
1582	7.7695	4.6619	0.	-3459.3
1583	7.5615	4.1354	0.	-5946.
1584	7.4052	4.3088	0.	-4853.
1585	7.575	4.3333	5.e-002	-175.8
1586	7.7875	4.3333	0.	-5210.6
1587	7.3149	3.9271	0.	-5999.
1588	7.548	3.9375	5.e-002	-174.37
1589	7.774	3.9687	0.	-11872
1590	8.5739	0.86765	0.	-2036.4
1591	8.5473	0.72641	5.e-002	-87.792
1592	8.357	0.69654	0.	-1386.1
1593	8.5991	1.1903	0.	-2859.7
1594	8.8417	1.0168	0.	-2583.5
1595	8.6006	1.0089	5.e-002	-112.09
1596	8.3836	1.0044	0.	-2219.2
1597	8.6086	1.5524	0.	-4118.8
1598	8.7778	1.3895	0.	-3369.2
1599	8.5977	1.3718	5.e-002	-157.65
1600	8.3822	1.3525	0.	-3287.3
1601	8.6342	1.894	0.	-5696.9
1602	8.6195	1.733	5.e-002	-178.62
1603	8.3931	1.6998	0.	-5429.
1604	8.649	2.055	5.e-002	-230.27
1605	8.4078	2.0275	0.	-11976
1606	7.6009	2.3332	0.	-7806.3
1607	7.569	2.1964	5.e-002	-215.98
1608	9.2603	5.0846	0.	-2759.2
1609	9.3224	5.2433	5.e-002	-61.96
1610	22.687	4.7023	5.e-002	-8.7789
1611	22.708	1.3279	5.e-002	-8.8722
1612	6.3925	0.98858	0.	-3958.7
1613	6.7215	0.85634	5.e-002	-70.477
1614	1.2986	4.6731	5.e-002	-56.735
1615	9.3469	1.0609	0.	-2964.1
1616	9.0204	1.2159	0.	-3237.5
1617	9.0829	1.0247	5.e-002	-53.774
1618	9.1982	4.926	5.e-002	-58.096
1619	7.8364	3.2761	0.	-8696.4
1620	8.037	3.2593	0.	-8921.2
1621	7.9586	3.39	5.e-002	-16.885
1622	8.0835	2.4672	0.	-9471.3
1623	7.7913	2.4486	0.	-8768.3
1624	7.9405	2.5204	0.	-9148.8
1625	7.9498	2.4272	5.e-002	-47.982
1626	8.3397	2.563	0.	-8862.3
1627	8.1543	2.623	0.	-9143.4
1628	8.2171	2.5073	5.e-002	-61.23
1629	9.1044	4.0796	0.	-4304.7
1630	9.2909	4.2572	0.	-3870.4
1631	9.0723	4.2518	5.e-002	-23.702
1632	9.6014	1.387	0.	-3315.1
1633	9.6109	1.0971	5.e-002	-23.652
1634	11.165	1.2371	0.	-3019.6
1635	10.848	1.5129	0.	-3136.4
1636	10.846	1.2169	5.e-002	-8.8208
1637	11.48	1.5809	0.	-2964.7
1638	11.484	1.2573	5.e-002	-11.117
1639	7.1798	1.5509	0.	-4303.6
1640	6.9174	1.6365	0.	-4385.3
1641	7.0982	1.4274	5.e-002	-93.536
1642	7.2615	1.6744	5.e-002	-127.22
1643	6.2049	1.3465	0.	-4415.2
1644	6.0634	1.1208	5.e-002	-35.162
1645	6.2412	4.7981	0.	-4251.2
1646	6.5182	4.839	5.e-002	-40.852
1647	5.6416	4.7375	0.	-4597.3
1648	5.9821	4.4266	0.	-4599.
1649	5.9643	4.7572	5.e-002	-24.831
1650	7.1431	4.4076	0.	-4472.3
1651	7.0509	4.5309	5.e-002	-115.94
1652	9.2749	1.542	0.	-3546.8
1653	8.9579	1.4072	5.e-002	-49.161
1654	5.3221	4.3759	0.	-4777.4
1655	5.319	4.7178	5.e-002	-21.207
1656	7.1586	4.1005	0.	-4893.1
1657	7.0894	3.6854	0.	-5574.9
1658	7.0818	3.9168	5.e-002	-113.55
1659	7.2353	4.2842	5.e-002	-119.1
1660	8.5031	3.451	0.	-8129.
1661	8.5084	3.5426	5.e-002	-162.72
1662	7.7942	3.0489	0.	-8338.
1663	7.7141	3.1621	5.e-002	-50.426
1664	8.4218	3.1579	0.	-8001.3
1665	8.3991	3.3206	0.	-8175.5
1666	8.2079	3.2052	0.	-8519.3
1667	8.3003	3.2819	5.e-002	-55.625
1668	7.6478	2.5885	0.	-8029.2
1669	7.6328	2.4701	5.e-002	-192.05
1670	8.6407	2.7261	0.	-7366.6
1671	8.3913	2.7526	0.	-8239.7
1672	8.4624	2.6187	5.e-002	-107.43
1673	9.0086	3.7811	0.	-5248.8
1674	9.3949	3.894	0.	-4239.
1675	9.1963	3.7133	0.	-4634.9
1676	9.1365	3.9075	5.e-002	-20.244
1677	22.013	3.7426	0.	-418.43
1678	21.694	4.0807	0.	-485.76
1679	22.027	4.0654	5.e-002	-8.9759
1680	9.4706	4.3944	0.	-3518.
1681	9.4316	4.5261	5.e-002	-47.438
1682	21.73	1.9988	0.	-478.98
1683	22.052	2.3526	0.	-411.83
1684	22.068	2.0005	5.e-002	-8.9851
1685	1.9845	2.2819	0.	-5787.5
1686	2.3222	1.9304	0.	-5669.
1687	1.9865	1.9447	5.e-002	-25.906
1688	6.5416	1.7089	0.	-4578.7
1689	6.7224	2.0922	0.	-4997.4
1690	6.7367	1.8456	5.e-002	-57.814
1691	2.2972	3.9938	0.	-5675.4
1692	1.9706	3.6456	0.	-5794.7
1693	1.9593	3.992	5.e-002	-25.481
1694	9.6114	1.9814	0.	-3831.6
1695	9.5919	1.6768	5.e-002	-46.333
1696	6.8278	3.4374	0.	-5542.4
1697	7.0969	3.4541	5.e-002	-69.583
1698	8.9275	2.7025	0.	-6055.9
1699	9.2981	2.72	0.	-4989.7
1700	9.036	2.5714	5.e-002	-36.261
1701	7.9829	2.8372	0.	-8655.8
1702	7.7686	2.8213	0.	-8266.4
1703	7.9949	3.0321	0.	-8568.1
1704	7.8744	2.9356	5.e-002	-22.385
1705	8.0113	2.6762	0.	-8787.7
1706	8.2058	2.8126	0.	-8541.2
1707	8.0914	2.7388	5.e-002	-32.713
1708	20.364	4.0788	0.	-773.68
1709	21.027	4.0922	0.	-629.11
1710	20.697	3.7749	0.	-700.92
1711	20.693	4.0884	5.e-002	-9.7196
1712	19.708	4.0738	0.	-919.06
1713	20.037	3.7301	0.	-845.22
1714	20.035	4.0693	5.e-002	-9.4185
1715	19.051	4.0782	0.	-1067.3
1716	19.38	3.715	0.	-992.06
1717	19.381	4.0783	5.e-002	-9.3001
1718	18.392	4.0781	0.	-1218.4
1719	18.722	3.7134	0.	-1141.5
1720	18.722	4.0781	5.e-002	-9.6732
1721	17.733	4.078	0.	-1372.3
1722	18.062	3.7134	0.	-1293.9
1723	18.062	4.078	5.e-002	-10.06
1724	17.073	4.078	0.	-1529.
1725	17.403	3.7134	0.	-1449.1
1726	17.403	4.078	5.e-002	-10.144
1727	16.413	4.078	0.	-1688.
1728	16.743	3.7134	0.	-1606.8
1729	16.743	4.078	5.e-002	-10.282
1730	15.753	4.078	0.	-1849.5
1731	16.083	3.7134	0.	-1766.9
1732	16.083	4.078	5.e-002	-10.448
1733	15.094	4.078	0.	-2013.5
1734	15.424	3.7134	0.	-1929.5
1735	15.424	4.078	5.e-002	-10.59
1736	14.434	4.078	0.	-2179.9
1737	14.764	3.7134	0.	-2094.3
1738	14.764	4.078	5.e-002	-10.847
1739	13.774	4.078	0.	-2349.4
1740	14.105	3.7151	0.	-2261.5
1741	14.104	4.078	5.e-002	-11.088
1742	13.114	4.077	0.	-2522.7
1743	13.446	3.7034	0.	-2432.5
1744	13.444	4.078	5.e-002	-11.078
1745	12.454	4.086	0.	-2703.1
1746	12.784	3.7076	0.	-2608.9
1747	12.783	4.0759	5.e-002	-12.081
1748	11.788	4.0992	0.	-2898.
1749	12.125	4.0961	5.e-002	-10.941
1750	11.146	4.077	0.	-3107.6
1751	11.474	3.7357	0.	-2999.4
1752	11.451	4.1023	5.e-002	-15.271
1753	10.542	4.0142	0.	-3357.7
1754	10.856	3.7305	0.	-3239.
1755	10.842	4.0517	5.e-002	-25.121
1756	11.163	1.8567	0.	-3081.6
1757	10.798	2.0657	0.	-3246.1
1758	10.849	1.8089	5.e-002	-15.78
1759	11.797	1.909	0.	-2887.4
1760	11.476	1.9046	5.e-002	-13.3
1761	12.452	1.9087	0.	-2701.3
1762	12.121	2.2713	0.	-2794.4
1763	12.119	1.9134	5.e-002	-11.799
1764	13.113	1.9145	0.	-2523.
1765	12.783	2.2647	0.	-2609.3
1766	12.785	1.9039	5.e-002	-11.392
1767	13.77	1.9179	0.	-2350.3
1768	13.442	2.2588	0.	-2433.5
1769	13.44	1.925	5.e-002	-11.298
1770	14.432	1.9074	0.	-2180.6
1771	14.102	2.2247	0.	-2262.5
1772	14.1	1.9108	5.e-002	-11.297
1773	15.094	1.9039	0.	-2013.7
1774	14.764	2.2213	0.	-2094.8
1775	14.764	1.9039	5.e-002	-10.885
1776	15.753	1.9039	0.	-1849.6
1777	15.424	2.2213	0.	-1929.6
1778	15.424	1.9039	5.e-002	-10.601
1779	16.413	1.9039	0.	-1688.1
1780	16.083	2.2213	0.	-1767.1
1781	16.083	1.9039	5.e-002	-10.455
1782	17.073	1.9039	0.	-1529.1
1783	16.743	2.2213	0.	-1607.
1784	16.743	1.9039	5.e-002	-10.292
1785	17.733	1.9039	0.	-1372.5
1786	17.403	2.2213	0.	-1449.3
1787	17.403	1.9039	5.e-002	-10.12
1788	18.392	1.9039	0.	-1218.4
1789	18.063	2.2213	0.	-1294.1
1790	18.063	1.9039	5.e-002	-10.095
1791	19.055	1.9078	0.	-1066.
1792	18.722	2.2213	0.	-1141.3
1793	18.722	1.9039	5.e-002	-9.9439
1794	19.723	1.9213	0.	-915.
1795	19.385	2.2496	0.	-990.28
1796	19.387	1.9117	5.e-002	-9.7095
1797	20.395	1.947	0.	-766.57
1798	20.052	2.281	0.	-841.75
1799	20.059	1.9309	5.e-002	-9.399
1800	21.061	1.9801	0.	-621.37
1801	20.719	2.3321	0.	-695.88
1802	20.73	1.9631	5.e-002	-9.007
1803	3.6788	1.9244	0.	-5229.4
1804	2.9972	1.9141	0.	-5443.6
1805	3.3344	2.2447	0.	-5315.
1806	3.3364	1.912	5.e-002	-16.086
1807	4.3694	1.9453	0.	-5036.6
1808	4.0112	2.2692	0.	-5121.6
1809	4.0213	1.9368	5.e-002	-13.324
1810	5.0854	1.9275	0.	-4851.9
1811	4.7119	2.2923	0.	-4953.3
1812	4.7176	1.9538	5.e-002	-18.57
1813	5.8998	1.7366	0.	-4613.9
1814	5.4355	2.245	0.	-4810.9
1815	5.4533	1.9011	5.e-002	-21.95
1816	4.9969	4.0465	0.	-4889.5
1817	5.6626	4.0651	0.	-4778.4
1818	5.3253	4.0341	5.e-002	-9.4843
1819	4.3244	4.0419	0.	-5047.3
1820	4.6686	4.0589	5.e-002	-12.419
1821	3.6414	4.0176	0.	-5235.1
1822	3.9881	3.6704	0.	-5125.7
1823	3.9802	4.025	5.e-002	-13.576
1824	2.9689	4.003	0.	-5447.1
1825	3.3101	3.6515	0.	-5316.2
1826	3.3026	4.0103	5.e-002	-16.501
1827	9.5955	2.5773	0.	-4231.2
1828	9.6309	2.286	5.e-002	-22.666
1829	8.6811	2.9337	0.	-7047.2
1830	8.6091	3.1255	0.	-7237.9
1831	8.4317	2.9602	0.	-7932.9
1832	8.5432	3.034	5.e-002	-11.853
1833	7.7969	2.6603	0.	-8407.3
1834	7.6628	2.707	5.e-002	-124.
1835	8.819	2.8335	5.e-002	-71.079
1836	9.0684	3.5869	0.	-5305.5
1837	8.8808	3.6548	5.e-002	-83.03
1838	22.017	3.0622	0.	-418.85
1839	21.672	3.4242	0.	-491.93
1840	21.999	3.4197	5.e-002	-9.0382
1841	21.354	3.7624	0.	-558.92
1842	21.361	4.0961	5.e-002	-9.1556
1843	9.9474	3.9286	0.	-3704.3
1844	10.252	3.696	0.	-3573.1
1845	10.169	4.1955	0.	-3434.1
1846	10.241	3.9767	5.e-002	-40.12
1847	9.5814	4.0716	0.	-3819.8
1848	9.8028	4.3386	0.	-3546.8
1849	9.5095	4.2627	5.e-002	-112.27
1850	21.38	2.3531	0.	-552.66
1851	21.392	1.9972	5.e-002	-9.168
1852	21.702	2.7069	0.	-485.91
1853	22.036	2.7047	5.e-002	-9.2334
1854	1.9823	2.9592	0.	-5799.6
1855	2.3203	2.6137	0.	-5668.4
1856	1.9826	2.6192	5.e-002	-24.34
1857	2.6581	2.2622	0.	-5546.6
1858	2.658	1.9161	5.e-002	-20.839
1859	6.2047	2.0668	0.	-4692.4
1860	6.3464	1.5722	5.e-002	-58.623
1861	2.6428	3.648	0.	-5548.9
1862	2.6351	3.9956	5.e-002	-20.917
1863	2.3163	3.2998	0.	-5671.8
1864	1.982	3.2992	5.e-002	-23.882
1865	5.9824	3.7325	0.	-4838.4
1866	6.	4.0961	5.e-002	-21.179
1867	20.37	3.4262	0.	-772.92
1868	20.705	3.0813	0.	-699.68
1869	21.024	3.4451	0.	-631.12
1870	20.701	3.4614	5.e-002	-9.3633
1871	19.709	3.3713	0.	-918.72
1872	20.042	3.0111	0.	-844.3
1873	20.038	3.391	5.e-002	-9.5854
1874	19.051	3.3502	0.	-1066.8
1875	19.381	2.9695	0.	-991.32
1876	19.379	3.3517	5.e-002	-9.5527
1877	18.392	3.3488	0.	-1217.5
1878	18.722	2.9437	0.	-1141.
1879	18.722	3.3488	5.e-002	-9.4545
1880	17.733	3.3488	0.	-1371.1
1881	18.062	2.9437	0.	-1293.4
1882	18.062	3.3488	5.e-002	-9.8054
1883	17.073	3.3488	0.	-1527.3
1884	17.403	2.9437	0.	-1448.4
1885	17.403	3.3488	5.e-002	-10.13
1886	16.413	3.3488	0.	-1686.
1887	16.743	2.9437	0.	-1605.9
1888	16.743	3.3488	5.e-002	-10.255
1889	15.753	3.3488	0.	-1847.2
1890	16.083	2.9437	0.	-1765.9
1891	16.083	3.3488	5.e-002	-10.422
1892	15.094	3.3488	0.	-2010.6
1893	15.424	2.9437	0.	-1928.2
1894	15.424	3.3488	5.e-002	-10.567
1895	14.435	3.3505	0.	-2176.2
1896	14.764	2.9437	0.	-2093.
1897	14.764	3.3488	5.e-002	-10.687
1898	13.777	3.3405	0.	-2344.8
1899	14.105	2.9454	0.	-2259.8
1900	14.106	3.3522	5.e-002	-10.749
1901	13.116	3.3341	0.	-2518.9
1902	13.446	2.9607	0.	-2430.7
1903	13.448	3.3288	5.e-002	-11.332
1904	12.783	2.9825	0.	-2608.
1905	12.785	3.3394	5.e-002	-11.701
1906	11.183	3.3892	0.	-3130.9
1907	11.497	3.3691	5.e-002	-15.037
1908	10.566	3.4123	0.	-3453.9
1909	10.837	3.118	0.	-3288.2
1910	10.869	3.4092	5.e-002	-22.782
1911	10.776	2.5746	0.	-3312.4
1912	10.747	2.3225	5.e-002	-18.889
1913	12.453	2.6273	0.	-2702.5
1914	12.124	2.6291	5.e-002	-13.237
1915	13.113	2.6091	0.	-2519.9
1916	12.782	2.6256	5.e-002	-11.155
1917	13.774	2.5656	0.	-2345.8
1918	13.444	2.5926	5.e-002	-11.281
1919	14.434	2.5386	0.	-2176.8
1920	14.104	2.5386	5.e-002	-11.068
1921	15.094	2.5386	0.	-2011.
1922	14.764	2.5386	5.e-002	-10.72
1923	15.753	2.5386	0.	-1847.4
1924	15.424	2.5386	5.e-002	-10.547
1925	16.413	2.5386	0.	-1686.2
1926	16.083	2.5386	5.e-002	-10.432
1927	17.073	2.5386	0.	-1527.5
1928	16.743	2.5386	5.e-002	-10.262
1929	17.733	2.5386	0.	-1371.2
1930	17.403	2.5386	5.e-002	-10.111
1931	18.392	2.5386	0.	-1217.4
1932	18.063	2.5386	5.e-002	-9.8468
1933	19.053	2.563	0.	-1066.1
1934	18.722	2.5386	5.e-002	-9.7253
1935	19.714	2.6093	0.	-917.5
1936	19.383	2.5874	5.e-002	-9.8134
1937	20.377	2.6662	0.	-771.59
1938	20.045	2.6312	5.e-002	-9.3462
1939	21.038	2.7051	0.	-627.66
1940	20.708	2.7011	5.e-002	-8.8266
1941	3.6668	2.5895	0.	-5208.
1942	3.325	2.935	0.	-5300.6
1943	2.9953	2.5928	0.	-5419.8
1944	3.3325	2.5774	5.e-002	-15.459
1945	4.3537	2.6162	0.	-5038.7
1946	3.9986	2.9587	0.	-5113.9
1947	4.0012	2.6016	5.e-002	-10.481
1948	5.062	2.6099	0.	-4912.9
1949	4.7062	2.6308	5.e-002	-4.735
1950	5.7404	2.5751	0.	-4890.8
1951	5.4178	2.589	5.e-002	-11.441
1952	3.6568	3.3042	0.	-5207.9
1953	3.996	3.3158	5.e-002	-12.631
1954	2.9841	3.2965	0.	-5420.1
1955	3.3176	3.2926	5.e-002	-14.474
1956	8.5864	3.2882	0.	-7416.9
1957	8.6751	3.217	5.e-002	-90.102
1958	9.6757	3.6499	0.	-4007.
1959	9.6534	3.8805	5.e-002	-44.697
1960	9.9806	3.4174	0.	-3875.4
1961	10.263	3.4154	5.e-002	-33.134
1962	21.358	3.069	0.	-558.62
1963	21.346	3.4288	5.e-002	-9.2143
1964	21.369	2.7091	5.e-002	-9.1509
1965	10.805	2.8268	5.e-002	-22.937
1966	9.4771	3.4692	0.	-4402.9
1967	9.2561	3.5191	5.e-002	-35.274
1968	2.6543	2.9543	0.	-5536.7
1969	2.6581	2.6082	5.e-002	-18.547
1970	2.6506	3.3004	5.e-002	-18.153
1971	6.2617	3.3948	0.	-5100.6
1972	6.5586	3.4207	5.e-002	-14.569
1973	6.0139	2.9651	0.	-4930.1
1974	5.9648	3.3689	5.e-002	-20.379
1975	6.3855	2.4501	0.	-5119.8
1976	6.063	2.5613	5.e-002	-30.668
1977	6.7081	2.3389	5.e-002	-8.6403
1978	9.6291	3.144	0.	-4245.2
1979	9.698	3.4193	5.e-002	-28.814
1980	9.5602	2.8686	5.e-002	-14.815
1981	7.9311	2.6137	5.e-002	-28.807
1982	8.4978	3.3594	5.e-002	-27.923
1983	8.2178	3.0075	0.	-8452.6
1984	8.1154	3.1286	5.e-002	-5.947
1985	8.3202	2.8864	5.e-002	-55.237
1986	10.096	4.4144	5.e-002	-68.607
1987	9.8028	4.3386	0.1	-63.396
1988	10.169	4.1955	0.1	-2.3605
1989	10.384	4.5766	0.1	-10.993
1990	9.8976	4.5699	0.1	-40.269
1991	8.2178	3.0075	0.1	-740.21
1992	8.4317	2.9602	0.1	-560.75
1993	8.2058	2.8126	0.1	-811.73
1994	8.3913	2.7526	0.1	-595.8
1995	7.9949	3.0321	0.1	-752.27
1996	8.2079	3.2052	0.1	-815.64
1997	8.037	3.2593	0.1	-885.57
1998	8.5864	3.2882	0.1	-384.04
1999	8.3991	3.3206	0.1	-615.6
2000	8.5031	3.451	0.1	-460.28
2001	7.7969	2.6603	0.1	-888.2
2002	8.0113	2.6762	0.1	-1054.
2003	7.9405	2.5204	0.1	-1189.2
2004	9.6291	3.144	0.1	6.4435
2005	9.5955	2.5773	0.1	3.4017
2006	9.2981	2.72	0.1	1.5352
2007	9.8839	2.8722	0.1	6.3202
2008	9.2924	3.0231	0.1	12.58
2009	9.4771	3.4692	0.1	-12.862
2010	9.9806	3.4174	0.1	-5.5078
2011	9.6757	3.6499	0.1	-4.6881
2012	6.3855	2.4501	0.1	19.452
2013	6.7224	2.0922	0.1	-79.198
2014	6.6923	2.6274	0.1	-1.0832
2015	6.9412	2.3683	0.1	-19.253
2016	6.0139	2.9651	0.1	23.205
2017	5.7404	2.5751	0.1	20.359
2018	6.2047	2.0668	0.1	-21.027
2019	6.3697	2.7386	0.1	22.435
2020	6.2617	3.3948	0.1	16.975
2021	5.9824	3.7325	0.1	-17.691
2022	5.6528	3.3494	0.1	-2.0908
2023	6.8278	3.4374	0.1	-17.236
2024	6.6175	3.1683	0.1	18.188
2025	6.5673	3.7826	0.1	4.5646
2026	2.6543	2.9543	0.1	6.6554
2027	2.9841	3.2965	0.1	-1.421
2028	2.3163	3.2998	0.1	-26.056
2029	2.6428	3.648	0.1	5.0833
2030	2.9953	2.5928	0.1	-1.6913
2031	2.6581	2.2622	0.1	5.7042
2032	2.3203	2.6137	0.1	-23.848
2033	9.0684	3.5869	0.1	14.012
2034	9.1963	3.7133	0.1	-36.545
2035	9.1404	3.3484	0.1	-8.3004
2036	10.776	2.5746	0.1	11.206
2037	10.837	3.118	0.1	9.2158
2038	11.127	2.7167	0.1	10.011
2039	10.506	2.8513	0.1	5.9289
2040	21.358	3.069	0.1	-69.972
2041	21.038	2.7051	0.1	-62.847
2042	21.702	2.7069	0.1	-81.226
2043	21.38	2.3531	0.1	-68.359
2044	21.024	3.4451	0.1	-61.529
2045	21.354	3.7624	0.1	-66.108
2046	21.672	3.4242	0.1	-79.434
2047	10.566	3.4123	0.1	-2.1238
2048	10.252	3.696	0.1	6.0752
2049	10.235	3.1456	0.1	-5.3815
2050	9.5814	4.0716	0.1	-38.607
2051	9.9474	3.9286	0.1	3.9682
2052	9.3949	3.894	0.1	-29.939
2053	8.6091	3.1255	0.1	-400.97
2054	8.8499	3.1973	0.1	-118.71
2055	8.7393	3.3349	0.1	-117.85
2056	3.6568	3.3042	0.1	-7.3006
2057	3.325	2.935	0.1	-9.7249
2058	3.3101	3.6515	0.1	-9.2666
2059	3.9986	2.9587	0.1	-4.7367
2060	3.9881	3.6704	0.1	-4.5662
2061	4.329	3.3268	0.1	-4.066
2062	5.062	2.6099	0.1	-5.4147
2063	5.4355	2.245	0.1	-9.0233
2064	5.3792	2.9594	0.1	-3.81
2065	4.3537	2.6162	0.1	-5.6001
2066	4.7119	2.2923	0.1	-1.888
2067	4.6841	2.9843	0.1	-4.9152
2068	3.6668	2.5895	0.1	-7.1935
2069	4.0112	2.2692	0.1	-3.2213
2070	3.3344	2.2447	0.1	-9.5016
2071	20.377	2.6662	0.1	-48.241
2072	20.705	3.0813	0.1	-53.916
2073	20.719	2.3321	0.1	-52.618
2074	19.714	2.6093	0.1	-37.17
2075	20.042	3.0111	0.1	-41.774
2076	20.052	2.281	0.1	-40.852
2077	19.053	2.563	0.1	-28.239
2078	19.381	2.9695	0.1	-31.905
2079	19.385	2.2496	0.1	-31.535
2080	18.392	2.5386	0.1	-20.472
2081	18.722	2.9437	0.1	-23.624
2082	18.722	2.2213	0.1	-23.545
2083	17.733	2.5386	0.1	-13.284
2084	18.062	2.9437	0.1	-16.442
2085	18.063	2.2213	0.1	-16.593
2086	17.073	2.5386	0.1	-6.0823
2087	17.403	2.9437	0.1	-9.348
2088	17.403	2.2213	0.1	-9.9432
2089	16.413	2.5386	0.1	4.6154e-002
2090	16.743	2.9437	0.1	-2.1273
2091	16.743	2.2213	0.1	-3.1142
2092	15.753	2.5386	0.1	-3.3415e-002
2093	16.083	2.9437	0.1	6.6731e-003
2094	16.083	2.2213	0.1	2.8341e-002
2095	15.094	2.5386	0.1	-0.17135
2096	15.424	2.9437	0.1	-9.1682e-002
2097	15.424	2.2213	0.1	2.0946e-002
2098	14.434	2.5386	0.1	-0.44562
2099	14.764	2.9437	0.1	-0.30032
2100	14.764	2.2213	0.1	-0.22308
2101	13.774	2.5656	0.1	-0.57341
2102	14.105	2.9454	0.1	-0.38345
2103	14.102	2.2247	0.1	-0.32567
2104	13.113	2.6091	0.1	-0.37328
2105	13.446	2.9607	0.1	-0.78134
2106	13.442	2.2588	0.1	-0.15199
2107	12.453	2.6273	0.1	-0.64919
2108	12.783	2.9825	0.1	-0.28385
2109	12.783	2.2647	0.1	-0.52304
2110	12.121	2.2713	0.1	-0.50843
2111	12.125	2.9896	0.1	-2.0945
2112	11.786	2.6179	0.1	4.248
2113	10.798	2.0657	0.1	5.2194
2114	11.098	2.4646	0.1	10.781
2115	10.464	2.315	0.1	0.87283
2116	11.183	3.3892	0.1	5.4211
2117	10.856	3.7305	0.1	3.4958
2118	11.474	3.7357	0.1	-0.2331
2119	11.811	3.3596	0.1	-9.2221e-002
2120	11.473	2.9879	0.1	6.2957
2121	13.116	3.3341	0.1	-0.69536
2122	12.784	3.7076	0.1	-0.51089
2123	12.455	3.3447	0.1	-1.7332
2124	13.777	3.3405	0.1	-0.5919
2125	13.446	3.7034	0.1	-0.60721
2126	14.435	3.3505	0.1	-0.23829
2127	14.105	3.7151	0.1	-0.18534
2128	15.094	3.3488	0.1	-0.22051
2129	14.764	3.7134	0.1	-0.28658
2130	15.753	3.3488	0.1	-5.1854e-002
2131	15.424	3.7134	0.1	-6.215e-002
2132	16.413	3.3488	0.1	5.9397e-002
2133	16.083	3.7134	0.1	3.2883e-002
2134	17.073	3.3488	0.1	-5.951
2135	16.743	3.7134	0.1	-2.9351
2136	17.733	3.3488	0.1	-13.106
2137	17.403	3.7134	0.1	-9.83
2138	18.392	3.3488	0.1	-20.204
2139	18.062	3.7134	0.1	-16.452
2140	19.051	3.3502	0.1	-27.913
2141	18.722	3.7134	0.1	-23.193
2142	19.709	3.3713	0.1	-37.121
2143	19.38	3.715	0.1	-30.842
2144	20.37	3.4262	0.1	-47.989
2145	20.037	3.7301	0.1	-40.204
2146	20.697	3.7749	0.1	-51.385
2147	5.6626	4.0651	0.1	-14.87
2148	5.9821	4.4266	0.1	-29.932
2149	6.288	4.1203	0.1	-30.912
2150	1.9823	2.9592	0.1	-56.516
2151	1.9706	3.6456	0.1	-59.973
2152	1.6455	3.3069	0.1	98.962
2153	2.9689	4.003	0.1	-2.8191
2154	2.2972	3.9938	0.1	-28.896
2155	2.6293	4.3405	0.1	1.235
2156	5.8998	1.7366	0.1	-47.189
2157	6.5416	1.7089	0.1	-147.02
2158	6.2049	1.3465	0.1	-81.76
2159	6.6311	1.3746	0.1	-246.41
2160	2.9972	1.9141	0.1	-2.1465
2161	2.3222	1.9304	0.1	-27.908
2162	2.6623	1.5927	0.1	2.1854
2163	1.9845	2.2819	0.1	-57.402
2164	1.6533	2.6282	0.1	102.46
2165	22.017	3.0622	0.1	-90.303
2166	22.052	2.3526	0.1	-87.415
2167	22.368	2.6997	0.1	-104.42
2168	21.061	1.9801	0.1	-58.629
2169	21.73	1.9988	0.1	-74.963
2170	21.394	1.6544	0.1	-59.364
2171	9.4706	4.3944	0.1	-66.434
2172	9.2909	4.2572	0.1	-83.994
2173	10.542	4.0142	0.1	10.116
2174	21.027	4.0922	0.1	-56.377
2175	21.694	4.0807	0.1	-72.579
2176	21.361	4.4134	0.1	-57.082
2177	22.013	3.7426	0.1	-85.535
2178	22.349	3.3924	0.1	-103.1
2179	9.0086	3.7811	0.1	1.5789
2180	8.8421	3.5538	0.1	36.925
2181	8.7193	3.7171	0.1	-15.978
2182	8.6811	2.9337	0.1	-136.63
2183	8.9275	2.7025	0.1	25.695
2184	8.6407	2.7261	0.1	-187.01
2185	8.9218	3.0056	0.1	36.607
2186	7.7686	2.8213	0.1	-649.35
2187	7.6478	2.5885	0.1	-748.6
2188	7.5294	2.7958	0.1	-374.
2189	8.4218	3.1579	0.1	-637.77
2190	9.6114	1.9814	0.1	-7.1748
2191	9.9055	2.2968	0.1	-6.8368
2192	9.3815	2.2421	0.1	-29.197
2193	3.6414	4.0176	0.1	-6.5762
2194	3.3003	4.3568	0.1	-10.345
2195	4.3244	4.0419	0.1	-3.2887
2196	3.9865	4.3734	0.1	-4.2946
2197	4.9969	4.0465	0.1	1.4186
2198	4.6653	3.6983	0.1	-2.7572
2199	4.6685	4.3871	0.1	-2.9752
2200	5.3221	4.3759	0.1	5.665
2201	5.333	3.682	0.1	0.7943
2202	5.0854	1.9275	0.1	-5.3885
2203	5.4089	1.586	0.1	-17.621
2204	4.3694	1.9453	0.1	0.42596
2205	4.705	1.6184	0.1	3.1632
2206	3.6788	1.9244	0.1	-5.5568
2207	4.0159	1.6059	0.1	-4.0789
2208	3.3348	1.5907	0.1	-8.4073
2209	20.395	1.947	0.1	-45.764
2210	20.73	1.6283	0.1	-46.723
2211	19.723	1.9213	0.1	-35.708
2212	20.058	1.6044	0.1	-37.039
2213	19.055	1.9078	0.1	-27.286
2214	19.385	1.5905	0.1	-29.196
2215	18.392	1.9039	0.1	-20.075
2216	18.722	1.5866	0.1	-22.423
2217	17.733	1.9039	0.1	-13.624
2218	18.063	1.5866	0.1	-16.511
2219	17.073	1.9039	0.1	-7.3131
2220	17.403	1.5866	0.1	-11.049
2221	16.413	1.9039	0.1	-0.61828
2222	16.743	1.5866	0.1	-5.3525
2223	15.753	1.9039	0.1	8.515e-002
2224	16.083	1.5866	0.1	-1.6117e-002
2225	15.094	1.9039	0.1	-3.021e-002
2226	15.424	1.5866	0.1	5.9572e-002
2227	14.432	1.9074	0.1	-0.1035
2228	14.764	1.5866	0.1	-2.2198e-002
2229	13.77	1.9179	0.1	9.0952e-002
2230	14.102	1.5901	0.1	-5.9761e-002
2231	13.113	1.9145	0.1	-0.31035
2232	13.442	1.5972	0.1	-0.13049
2233	12.452	1.9087	0.1	-0.38977
2234	12.785	1.5866	0.1	-0.53263
2235	11.797	1.909	0.1	0.39993
2236	12.122	1.5914	0.1	-7.6309e-002
2237	11.163	1.8567	0.1	-0.42669
2238	11.48	1.5809	0.1	-0.21306
2239	11.462	2.2556	0.1	5.168
2240	10.848	1.5129	0.1	-1.6131
2241	10.523	1.7756	0.1	-8.5916
2242	11.146	4.077	0.1	-2.2885
2243	10.757	4.3952	0.1	1.1177
2244	11.788	4.0992	0.1	-0.61701
2245	11.437	4.4188	0.1	-9.892
2246	12.454	4.086	0.1	0.70998
2247	12.125	3.723	0.1	-0.4995
2248	12.12	4.4133	0.1	4.0479
2249	13.114	4.077	0.1	-0.42582
2250	12.784	4.4033	0.1	-1.006
2251	13.774	4.078	0.1	-0.20164
2252	13.444	4.4044	0.1	8.0623e-002
2253	14.434	4.078	0.1	-0.23422
2254	14.104	4.4044	0.1	-0.24599
2255	15.094	4.078	0.1	-0.12779
2256	14.764	4.4044	0.1	-5.3503e-002
2257	15.753	4.078	0.1	2.443e-002
2258	15.424	4.4044	0.1	1.4321e-002
2259	16.413	4.078	0.1	-0.46164
2260	16.083	4.4044	0.1	2.4748e-003
2261	17.073	4.078	0.1	-7.2628
2262	16.743	4.4044	0.1	-5.2475
2263	17.733	4.078	0.1	-13.672
2264	17.403	4.4044	0.1	-11.048
2265	18.392	4.0781	0.1	-19.982
2266	18.062	4.4044	0.1	-16.597
2267	19.051	4.0782	0.1	-26.654
2268	18.722	4.4044	0.1	-22.29
2269	19.708	4.0738	0.1	-34.417
2270	19.381	4.4045	0.1	-28.457
2271	20.364	4.0788	0.1	-44.066
2272	20.038	4.4	0.1	-35.947
2273	20.697	4.4095	0.1	-45.317
2274	7.9829	2.8372	0.1	-823.82
2275	8.1543	2.623	0.1	-962.08
2276	7.7942	3.0489	0.1	-623.97
2277	9.084	2.3847	0.1	-33.698
2278	8.8058	2.4415	0.1	0.16188
2279	7.0894	3.6854	0.1	-330.39
2280	7.2465	3.1694	0.1	-138.33
2281	7.344	3.506	0.1	-466.45
2282	9.2749	1.542	0.1	-83.108
2283	9.6014	1.387	0.1	-32.719
2284	9.8945	1.7096	0.1	-18.335
2285	9.333	1.7549	0.1	-88.521
2286	1.6223	3.9946	0.1	95.666
2287	1.9578	4.3357	0.1	-68.688
2288	6.9174	1.6365	0.1	-396.08
2289	6.9426	1.9078	0.1	-377.78
2290	1.6519	1.9567	0.1	101.01
2291	1.9839	1.6151	0.1	-66.757
2292	22.396	1.9985	0.1	-96.013
2293	22.062	1.6601	0.1	-74.656
2294	9.5653	4.6257	0.1	-51.462
2295	9.2393	4.5696	0.1	-190.4
2296	22.026	4.3945	0.1	-72.483
2297	22.359	4.0548	0.1	-93.774
2298	9.1044	4.0796	0.1	-56.923
2299	8.8662	3.9662	0.1	83.57
2300	8.3397	2.563	0.1	-763.07
2301	8.519	2.4652	0.1	-278.44
2302	7.7913	2.4486	0.1	-1046.3
2303	7.6009	2.3332	0.1	-641.11
2304	7.4035	2.4339	0.1	-496.76
2305	8.2514	3.4226	0.1	-1025.8
2306	7.8364	3.2761	0.1	-762.47
2307	7.5551	3.0234	0.1	-348.46
2308	7.6526	3.36	0.1	-648.05
2309	8.6559	3.4977	0.1	-213.11
2310	8.3554	3.5529	0.1	-852.63
2311	8.5331	3.661	0.1	-274.96
2312	7.1586	4.1005	0.1	-483.89
2313	7.1431	4.4076	0.1	-531.55
2314	7.4052	4.3088	0.1	-1077.1
2315	7.3149	3.9271	0.1	-428.78
2316	6.829	4.0306	0.1	-263.43
2317	5.6416	4.7375	0.1	-8.885
2318	5.3167	5.0433	0.1	-0.25829
2319	4.9937	4.7166	0.1	1.1905
2320	9.0204	1.2159	0.1	-193.04
2321	8.7778	1.3895	0.1	-634.2
2322	9.016	1.62	0.1	-184.12
2323	7.2949	4.594	0.1	-865.39
2324	6.8135	4.3377	0.1	-275.75
2325	7.0329	4.737	0.1	-481.77
2326	6.2412	4.7981	0.1	-106.83
2327	5.9584	5.0755	0.1	-43.004
2328	6.5498	5.1397	0.1	-209.77
2329	6.5472	4.4917	0.1	-105.28
2330	6.7665	4.8911	0.1	-284.46
2331	6.3925	0.98858	0.1	-190.79
2332	6.0196	0.84175	0.1	-97.187
2333	5.714	1.1959	0.1	-13.833
2334	7.1798	1.5509	0.1	-627.36
2335	7.4331	1.6688	0.1	-1240.
2336	7.2049	1.8223	0.1	-580.15
2337	7.3236	1.3867	0.1	-961.29
2338	7.007	1.3022	0.1	-531.68
2339	11.165	1.2371	0.1	-1.4729
2340	11.48	0.94327	0.1	-1.4589
2341	11.804	1.2633	0.1	-0.71477
2342	10.839	0.91418	0.1	-5.1596
2343	10.528	1.1926	0.1	-9.622
2344	9.3469	1.0609	0.1	-103.17
2345	9.5846	0.81896	0.1	-100.47
2346	9.9109	1.1327	0.1	-29.535
2347	8.8493	4.2829	0.1	-501.71
2348	9.0596	4.4324	0.1	-215.27
2349	8.0835	2.4672	0.1	-1065.1
2350	8.2434	2.3856	0.1	-1289.2
2351	7.9353	2.3178	0.1	-1864.2
2352	7.9172	3.5263	0.1	-1279.7
2353	8.0805	3.4766	0.1	-1079.1
2354	9.2603	5.0846	0.1	-199.81
2355	8.937	4.957	0.1	-334.
2356	9.4486	4.8256	0.1	-115.27
2357	9.1226	4.7695	0.1	-271.34
2358	8.8417	1.0168	0.1	-325.39
2359	8.9903	0.75705	0.1	-205.91
2360	1.3088	5.0053	0.1	192.34
2361	0.97201	4.6744	0.1	-433.31
2362	1.292	4.3352	0.1	234.65
2363	1.6275	4.6762	0.1	70.058
2364	6.6793	0.65073	0.1	-240.42
2365	7.0371	0.77809	0.1	-314.57
2366	6.8187	1.0167	0.1	-379.44
2367	22.7	0.99534	0.1	-68.929
2368	23.032	1.3266	0.1	-95.885
2369	22.716	1.6622	0.1	-96.181
2370	22.382	1.3238	0.1	-75.282
2371	23.016	4.6918	0.1	-94.525
2372	22.688	5.0287	0.1	-67.651
2373	22.356	4.7129	0.1	-73.212
2374	22.688	4.3732	0.1	-94.051
2375	9.4004	5.4213	0.1	-167.54
2376	9.034	5.2865	0.1	-207.19
2377	9.6545	5.1463	0.1	-127.74
2378	7.5638	2.0779	0.1	-402.51
2379	7.3716	2.2971	0.1	-280.83
2380	7.7448	2.2024	0.1	-1448.8
2381	8.6342	1.894	0.1	-331.14
2382	8.8905	2.1265	0.1	79.949
2383	8.6123	2.1833	0.1	130.88
2384	8.4078	2.0275	0.1	-345.74
2385	8.6086	1.5524	0.1	-991.4
2386	8.8468	1.7829	0.1	-472.29
2387	8.3931	1.6998	0.1	-1594.6
2388	8.5991	1.1903	0.1	-913.46
2389	8.3822	1.3525	0.1	-1041.8
2390	8.5739	0.86765	0.1	-709.54
2391	8.3836	1.0044	0.1	-573.74
2392	8.7224	0.60791	0.1	-468.8
2393	8.357	0.69654	0.1	-365.74
2394	7.5615	4.1354	0.1	-1017.2
2395	7.5695	3.7477	0.1	-529.56
2396	7.774	3.9687	0.1	-1323.1
2397	7.557	4.4952	0.1	-1503.9
2398	7.7875	4.3333	0.1	-2669.9
2399	7.5396	4.818	0.1	-1103.6
2400	7.7695	4.6619	0.1	-1290.1
2401	7.5726	5.1214	0.1	-975.98
2402	7.2775	4.961	0.1	-538.75
2403	7.7701	4.9894	0.1	-810.59
2404	7.429	5.3818	0.1	-650.06
2405	7.8025	5.2986	0.1	-515.09
2406	1.6514	5.3365	0.1	69.965
2407	0.98868	5.3375	0.1	-336.91
2408	1.3261	5.6687	0.1	148.93
2409	2.3183	5.3384	0.1	-5.6989
2410	1.9701	5.0075	0.1	-51.499
2411	1.9919	5.6678	0.1	-1.8264
2412	2.9886	5.3456	0.1	11.286
2413	2.638	5.0134	0.1	7.5697
2414	2.6597	5.6707	0.1	27.711
2415	3.6591	5.3549	0.1	6.3399
2416	3.3113	5.0266	0.1	-2.3712
2417	3.3289	5.675	0.1	15.063
2418	4.3302	5.3626	0.1	3.6511
2419	3.9933	5.0408	0.1	0.81517
2420	3.9969	5.6799	0.1	11.858
2421	4.9906	5.367	0.1	-2.5592
2422	4.6676	5.0404	0.1	-1.0206
2423	4.6667	5.6827	0.1	4.261
2424	5.6335	5.3813	0.1	-19.793
2425	5.3239	5.6844	0.1	-8.3634
2426	6.2669	5.4171	0.1	-137.44
2427	5.9763	5.6969	0.1	-78.744
2428	6.9172	5.4701	0.1	-249.98
2429	6.624	5.7202	0.1	-194.47
2430	7.134	5.2214	0.1	-356.45
2431	7.6265	5.5832	0.1	-1.3475e-002
2432	7.2932	5.7499	0.1	-251.22
2433	0.6584	1.6556	0.1	-1104.6
2434	0.65897	0.98988	0.1	-967.3
2435	0.98642	1.3138	0.1	-434.65
2436	0.32885	1.327	0.1	1364.1
2437	0.65833	2.3228	0.1	-1128.4
2438	0.98821	1.9796	0.1	-427.47
2439	0.32955	1.9953	0.1	1467.1
2440	0.6544	2.9906	0.1	-1138.8
2441	0.99076	2.6461	0.1	-439.94
2442	0.32879	2.6609	0.1	1502.1
2443	0.64667	3.6611	0.1	-1123.7
2444	0.98006	3.3204	0.1	-440.87
2445	0.32561	3.3297	0.1	1502.1
2446	0.64375	4.336	0.1	-1096.3
2447	0.96377	3.9967	0.1	-428.07
2448	0.32106	3.9981	0.1	1469.2
2449	0.65191	5.0066	0.1	-961.82
2450	0.32269	4.6712	0.1	1368.9
2451	0.32921	5.3354	0.1	1264.3
2452	0.66255	5.6687	0.1	-619.08
2453	6.3064	0.5039	0.1	-138.79
2454	6.9733	0.40596	0.1	-174.28
2455	6.6519	0.22256	0.1	-162.19
2456	5.653	0.59246	0.1	-33.149
2457	5.9879	0.28134	0.1	-79.476
2458	5.001	0.63123	0.1	-3.4329
2459	5.3474	0.94657	0.1	-12.513
2460	5.3318	0.31112	0.1	-5.0303
2461	4.3359	0.63744	0.1	1.0239
2462	4.6821	0.9616	0.1	2.934e-002
2463	4.6692	0.32012	0.1	1.5626
2464	3.6667	0.63465	0.1	4.5368
2465	4.0053	0.9548	0.1	-0.1936
2466	4.	0.31732	0.1	11.942
2467	3.	0.63465	0.1	9.3696
2468	3.3333	0.95197	0.1	-2.017
2469	3.3333	0.31732	0.1	13.316
2470	2.3297	0.63954	0.1	-7.6639
2471	2.6667	0.95197	0.1	7.5472
2472	2.6667	0.31732	0.1	25.397
2473	1.6581	0.64964	0.1	68.886
2474	1.9871	0.96493	0.1	-51.527
2475	1.9964	0.32222	0.1	-4.8517
2476	0.99177	0.65696	0.1	-337.9
2477	1.3192	0.98085	0.1	195.42
2478	1.3283	0.32742	0.1	147.67
2479	0.33011	0.66287	0.1	1260.1
2480	0.66345	0.32953	0.1	-620.54
2481	7.5817	1.8112	0.1	-1124.1
2482	7.3535	1.9647	0.1	-463.7
2483	7.7793	1.9796	0.1	-1762.8
2484	7.5769	1.5045	0.1	-1676.8
2485	7.8024	1.6649	0.1	-2795.
2486	7.4969	1.1888	0.1	-1136.
2487	7.7745	1.3396	0.1	-1321.6
2488	7.3987	0.86578	0.1	-597.57
2489	7.1803	1.1044	0.1	-571.36
2490	7.7224	1.0159	0.1	-584.2
2491	7.3311	0.53332	0.1	-299.28
2492	7.6763	0.68326	0.1	-105.48
2493	7.6547	0.35007	0.1	101.94
2494	7.3214	0.1834	0.1	-118.89
2495	22.363	0.66298	0.1	-49.604
2496	23.019	0.66311	0.1	-59.874
2497	22.686	0.33139	0.1	-48.592
2498	21.704	0.66009	0.1	-41.591
2499	22.045	0.99149	0.1	-54.993
2500	22.028	0.33159	0.1	-41.833
2501	21.041	0.65272	0.1	-35.457
2502	21.384	0.98435	0.1	-45.302
2503	21.367	0.3285	0.1	-36.541
2504	20.378	0.64393	0.1	-30.518
2505	20.72	0.97096	0.1	-37.414
2506	20.705	0.32422	0.1	-32.148
2507	19.714	0.63703	0.1	-26.565
2508	20.052	0.95871	0.1	-30.987
2509	20.044	0.31971	0.1	-28.234
2510	19.052	0.63465	0.1	-23.022
2511	19.382	0.95197	0.1	-26.014
2512	19.382	0.31732	0.1	-25.281
2513	18.392	0.63465	0.1	-19.527
2514	18.722	0.95197	0.1	-21.269
2515	18.722	0.31732	0.1	-22.126
2516	17.733	0.63465	0.1	-16.228
2517	18.063	0.95197	0.1	-17.053
2518	18.063	0.31732	0.1	-19.173
2519	17.073	0.63465	0.1	-12.944
2520	17.403	0.95197	0.1	-13.061
2521	17.403	0.31732	0.1	-16.307
2522	16.413	0.63465	0.1	-9.4548
2523	16.743	0.95197	0.1	-8.9247
2524	16.743	0.31732	0.1	-13.367
2525	15.753	0.63465	0.1	-5.5939
2526	16.083	0.95197	0.1	-4.3681
2527	16.083	0.31732	0.1	-10.222
2528	15.094	0.63465	0.1	-1.1718
2529	15.424	0.95197	0.1	8.1384e-002
2530	15.424	0.31732	0.1	-6.733
2531	14.434	0.63465	0.1	0.47648
2532	14.764	0.95197	0.1	0.29137
2533	14.764	0.31732	0.1	-2.7988
2534	13.774	0.63465	0.1	0.6949
2535	14.104	0.95197	0.1	0.20465
2536	14.104	0.31732	0.1	0.60276
2537	13.115	0.63465	0.1	0.797
2538	13.444	0.95197	0.1	0.21039
2539	13.444	0.31732	0.1	1.1236
2540	12.455	0.63465	0.1	0.28926
2541	12.785	0.95197	0.1	0.23498
2542	12.785	0.31732	0.1	0.97398
2543	11.8	0.63196	0.1	-0.97001
2544	12.125	0.95197	0.1	-0.15612
2545	12.125	0.31732	0.1	0.17283
2546	11.155	0.62038	0.1	-5.7198
2547	11.471	0.31463	0.1	-2.169
2548	10.514	0.59497	0.1	-30.31
2549	10.819	0.30575	0.1	-17.375
2550	9.8766	0.55964	0.1	-93.204
2551	10.203	0.87343	0.1	-27.682
2552	10.17	0.28923	0.1	-59.086
2553	9.2279	0.51512	0.1	-168.6
2554	9.5222	0.27042	0.1	-136.86
2555	8.5321	0.41138	0.1	25.479
2556	8.862	0.24471	0.1	-185.1
2557	23.344	4.3491	0.1	-119.66
2558	23.344	5.0114	0.1	-85.48
2559	23.672	4.674	0.1	-113.95
2560	23.346	3.6832	0.1	-139.73
2561	23.017	4.0306	0.1	-119.51
2562	23.672	4.0085	0.1	-141.52
2563	23.349	3.0125	0.1	-146.26
2564	23.023	3.3573	0.1	-131.46
2565	23.674	3.3414	0.1	-154.37
2566	23.355	2.3397	0.1	-140.68
2567	23.025	2.6852	0.1	-131.93
2568	23.675	2.6711	0.1	-154.56
2569	23.358	1.6645	0.1	-121.05
2570	23.042	2.0001	0.1	-121.66
2571	23.679	2.0019	0.1	-142.72
2572	23.352	0.99435	0.1	-85.991
2573	23.678	1.3293	0.1	-114.79
2574	23.673	0.66505	0.1	-70.341
2575	23.344	0.33172	0.1	-55.099
2576	9.7967	5.5328	0.1	-99.684
2577	9.1442	5.636	0.1	-120.5
2578	9.4823	5.7997	0.1	-115.74
2579	10.45	5.4302	0.1	-52.424
2580	10.051	5.2578	0.1	-75.567
2581	10.13	5.7331	0.1	-66.304
2582	11.118	5.3762	0.1	-12.096
2583	10.729	5.0665	0.1	4.6041
2584	10.796	5.6972	0.1	-34.307
2585	11.783	5.3607	0.1	-2.8025
2586	11.437	5.0467	0.1	-11.482
2587	11.458	5.679	0.1	-3.6527
2588	12.45	5.3644	0.1	0.74497
2589	12.116	5.047	0.1	3.5723
2590	12.121	5.6817	0.1	-0.64499
2591	13.115	5.3654	0.1	0.64973
2592	12.785	5.048	0.1	-0.46742
2593	12.785	5.6827	0.1	1.4148
2594	13.774	5.3654	0.1	0.75426
2595	13.444	5.048	0.1	0.62309
2596	13.444	5.6827	0.1	1.1303
2597	14.434	5.3654	0.1	0.54909
2598	14.104	5.048	0.1	0.16913
2599	14.104	5.6827	0.1	0.73493
2600	15.094	5.3654	0.1	-0.90983
2601	14.764	5.048	0.1	0.3122
2602	14.764	5.6827	0.1	-2.5608
2603	15.753	5.3654	0.1	-5.4208
2604	15.424	5.048	0.1	0.10839
2605	15.424	5.6827	0.1	-6.5593
2606	16.413	5.3654	0.1	-9.3588
2607	16.083	5.048	0.1	-4.2158
2608	16.083	5.6827	0.1	-10.116
2609	17.073	5.3654	0.1	-12.891
2610	16.743	5.048	0.1	-8.8504
2611	16.743	5.6827	0.1	-13.308
2612	17.733	5.3654	0.1	-16.187
2613	17.403	5.048	0.1	-13.046
2614	17.403	5.6827	0.1	-16.266
2615	18.392	5.3654	0.1	-19.462
2616	18.063	5.048	0.1	-17.085
2617	18.063	5.6827	0.1	-19.122
2618	19.052	5.3654	0.1	-22.9
2619	18.722	5.048	0.1	-21.248
2620	18.722	5.6827	0.1	-22.04
2621	19.712	5.3654	0.1	-26.59
2622	19.382	5.048	0.1	-25.725
2623	19.382	5.6827	0.1	-25.196
2624	20.372	5.3654	0.1	-30.687
2625	20.042	5.048	0.1	-30.781
2626	20.042	5.6827	0.1	-28.586
2627	21.031	5.3654	0.1	-35.628
2628	20.701	5.048	0.1	-36.94
2629	20.701	5.6827	0.1	-32.294
2630	21.693	5.3625	0.1	-41.591
2631	21.361	5.048	0.1	-44.503
2632	21.361	5.6827	0.1	-36.892
2633	22.357	5.3574	0.1	-49.131
2634	22.025	5.0416	0.1	-53.734
2635	22.023	5.6798	0.1	-41.739
2636	23.017	5.3483	0.1	-59.444
2637	22.685	5.6776	0.1	-47.945
2638	23.342	5.6708	0.1	-54.901
2639	23.672	5.3374	0.1	-70.317
2640	8.6111	4.1695	0.1	-425.34
2641	8.5768	3.9021	0.1	135.38
2642	8.3813	4.0125	0.1	-681.68
2643	8.6212	4.4846	0.1	-1014.7
2644	8.3965	4.3236	0.1	-1637.3
2645	8.6459	4.8216	0.1	-829.18
2646	8.8316	4.6341	0.1	-640.3
2647	8.3914	4.6609	0.1	-972.48
2648	8.7107	5.1589	0.1	-427.95
2649	8.4212	4.994	0.1	-443.64
2650	8.7778	5.5013	0.1	-200.18
2651	8.4561	5.3316	0.1	-71.865
2652	8.4883	5.6697	0.1	70.237
2653	8.8182	5.8364	0.1	-66.203
2654	8.4227	2.2878	0.1	-839.12
2655	8.0952	2.2362	0.1	-1832.8
2656	8.2182	2.1319	0.1	-1193.3
2657	7.7334	3.6102	0.1	-1188.7
2658	8.0212	3.725	0.1	-1925.1
2659	7.9379	3.8312	0.1	-1831.6
2660	5.0014	3.3338	0.1	-3.3935
2661	11.047	4.737	0.1	-6.4033
2662	10.329	4.8941	0.1	-5.5303
2663	11.769	4.733	0.1	-5.2396
2664	12.45	4.7307	0.1	2.325
2665	13.115	4.7307	0.1	-0.50352
2666	13.774	4.7307	0.1	3.285e-002
2667	14.434	4.7307	0.1	-6.4339e-002
2668	15.094	4.7307	0.1	9.036e-002
2669	15.753	4.7307	0.1	3.3497e-002
2670	16.413	4.7307	0.1	-4.074
2671	17.073	4.7307	0.1	-9.4072
2672	17.733	4.7307	0.1	-14.385
2673	18.392	4.7307	0.1	-19.35
2674	19.052	4.7307	0.1	-24.594
2675	19.712	4.7307	0.1	-30.511
2676	20.372	4.7307	0.1	-37.7
2677	21.031	4.7307	0.1	-46.551
2678	21.693	4.7271	0.1	-57.507
2679	22.694	3.7047	0.1	-111.05
2680	22.699	3.03	0.1	-116.96
2681	22.712	2.3456	0.1	-112.72
2682	1.3206	2.3029	0.1	260.93
2683	1.3162	1.6378	0.1	242.17
2684	1.3164	2.9759	0.1	257.95
2685	1.2972	3.656	0.1	254.65
2686	21.726	1.3157	0.1	-59.597
2687	21.063	1.3026	0.1	-48.034
2688	20.393	1.2857	0.1	-38.545
2689	19.719	1.2736	0.1	-31.024
2690	19.052	1.2693	0.1	-24.789
2691	18.392	1.2693	0.1	-19.276
2692	17.733	1.2693	0.1	-14.327
2693	17.073	1.2693	0.1	-9.4428
2694	16.413	1.2693	0.1	-4.2057
2695	15.753	1.2693	0.1	1.5437e-002
2696	15.094	1.2693	0.1	6.9273e-002
2697	14.434	1.2693	0.1	2.2872e-002
2698	13.774	1.2693	0.1	-0.28208
2699	13.115	1.2693	0.1	-0.35882
2700	12.455	1.2693	0.1	-0.23357
2701	5.0286	1.2769	0.1	-8.9892
2702	4.3516	1.279	0.1	-1.3805
2703	3.672	1.2721	0.1	-6.9935
2704	3.	1.2693	0.1	-4.1472
2705	2.324	1.2774	0.1	-36.759
2706	1.6482	1.2961	0.1	74.199
2707	2.2899	4.6824	0.1	-38.679
2708	2.9607	4.6943	0.1	-6.372
2709	3.6455	4.7125	0.1	-8.1199
2710	4.3307	4.7186	0.1	-4.0351
2711	9.8429	4.8874	0.1	-68.467
2712	10.194	2.5916	0.1	-4.3542
2713	10.204	1.4554	0.1	-16.571
2714	10.189	2.0249	0.1	-12.878
2715	7.0362	2.9003	0.1	25.813
2716	9.1031	2.0155	0.1	-67.178
2717	8.9141	3.3153	0.1	18.648
2718	7.2852	2.6412	0.1	-94.657
2719	7.1613	2.1839	0.1	-320.31
2720	8.1845	3.6754	0.1	-1871.5
2721	8.3622	3.7834	0.1	-1202.5
2722	8.1667	3.8937	0.1	-1868.3
2723	7.9604	2.1042	0.1	-2720.
2724	8.1667	5.5	0.1	120.51
2725	8.1667	5.8333	0.1	142.33
2726	8.1667	5.6667	5.e-002	-108.93
2727	8.1667	5.1667	0.1	-244.94
2728	8.1667	5.3333	5.e-002	-157.96
2729	8.1667	4.8333	0.1	-779.15
2730	8.1667	5.	5.e-002	-281.46
2731	8.1667	4.5	0.1	-1912.7
2732	8.1667	4.6667	5.e-002	-566.17
2733	8.1667	4.1667	0.1	-1742.5
2734	8.1667	4.3333	5.e-002	-969.75
2735	8.0833	4.	0.1	-232.56
2736	8.1667	4.	5.e-002	-1039.1
2737	8.	4.1667	0.1	-2670.6
2738	8.	4.	5.e-002	-466.14
2739	8.	4.5	0.1	-2824.6
2740	8.	4.3333	5.e-002	-1209.
2741	8.	4.8333	0.1	-1184.5
2742	8.	4.6667	5.e-002	-612.58
2743	8.	5.1667	0.1	-479.01
2744	8.	5.	5.e-002	-344.64
2745	8.	5.5	0.1	-1.2207
2746	8.	5.3333	5.e-002	-194.78
2747	8.	5.8333	0.1	228.26
2748	8.	5.6667	5.e-002	-200.52
2749	8.1667	0.5	0.1	-4.395
2750	8.1667	0.16667	0.1	175.34
2751	8.1667	0.33333	5.e-002	-161.13
2752	8.1667	0.83333	0.1	-339.23
2753	8.1667	0.66667	5.e-002	-162.65
2754	8.1667	1.1667	0.1	-851.24
2755	8.1667	1.	5.e-002	-273.88
2756	8.1667	1.5	0.1	-1943.6
2757	8.1667	1.3333	5.e-002	-578.31
2758	8.1667	1.8333	0.1	-1528.3
2759	8.1667	1.6667	5.e-002	-1077.5
2760	8.0833	2.	0.1	-203.64
2761	8.1667	2.	5.e-002	-503.64
2762	8.	1.8333	0.1	-3127.3
2763	8.	2.	5.e-002	-848.09
2764	8.	1.5	0.1	-2800.6
2765	8.	1.6667	5.e-002	-1343.7
2766	8.	1.1667	0.1	-990.68
2767	8.	1.3333	5.e-002	-630.34
2768	8.	0.83333	0.1	-282.44
2769	8.	1.	5.e-002	-319.06
2770	8.	0.5	0.1	175.45
2771	8.	0.66667	5.e-002	-190.97
2772	8.	0.16667	0.1	193.22
2773	8.	0.33333	5.e-002	-142.6
2774	8.4965	6.	0.1	75.232
2775	8.1667	6.	5.e-002	-56.107
2776	9.1563	6.	0.1	-60.266
2777	8.8264	6.	5.e-002	-10.775
2778	9.816	6.	0.1	-80.694
2779	9.4861	6.	5.e-002	-20.217
2780	10.476	6.	0.1	-47.239
2781	10.146	6.	5.e-002	-24.614
2782	11.135	6.	0.1	-25.053
2783	10.806	6.	5.e-002	-24.53
2784	11.795	6.	0.1	-8.6192
2785	11.465	6.	5.e-002	-20.599
2786	12.455	6.	0.1	1.5199e-002
2787	12.125	6.	5.e-002	-28.699
2788	13.115	6.	0.1	1.4452
2789	12.785	6.	5.e-002	-31.081
2790	13.774	6.	0.1	-1.4789
2791	13.444	6.	5.e-002	-32.746
2792	14.434	6.	0.1	-4.989
2793	14.104	6.	5.e-002	-33.76
2794	15.094	6.	0.1	-8.3838
2795	14.764	6.	5.e-002	-34.402
2796	15.753	6.	0.1	-11.516
2797	15.424	6.	5.e-002	-34.681
2798	16.413	6.	0.1	-14.376
2799	16.083	6.	5.e-002	-34.686
2800	17.073	6.	0.1	-17.036
2801	16.743	6.	5.e-002	-34.465
2802	17.733	6.	0.1	-19.595
2803	17.403	6.	5.e-002	-34.049
2804	18.392	6.	0.1	-22.139
2805	18.063	6.	5.e-002	-33.455
2806	19.052	6.	0.1	-24.817
2807	18.722	6.	5.e-002	-32.656
2808	19.712	6.	0.1	-27.731
2809	19.382	6.	5.e-002	-31.66
2810	20.372	6.	0.1	-30.828
2811	20.042	6.	5.e-002	-30.469
2812	21.031	6.	0.1	-34.327
2813	20.701	6.	5.e-002	-28.92
2814	21.691	6.	0.1	-38.053
2815	21.361	6.	5.e-002	-27.156
2816	22.351	6.	0.1	-41.985
2817	22.021	6.	5.e-002	-24.485
2818	23.01	6.	0.1	-45.378
2819	22.681	6.	5.e-002	-20.756
2820	23.67	6.	0.1	-42.576
2821	23.34	6.	5.e-002	-16.013
2822	24.	5.6667	0.1	-57.165
2823	24.	6.	5.e-002	-8.2348
2824	24.	5.	0.1	-98.725
2825	24.	5.3333	5.e-002	-9.2143
2826	24.	4.3333	0.1	-135.73
2827	24.	4.6667	5.e-002	-9.0978
2828	24.	3.6667	0.1	-156.07
2829	24.	4.	5.e-002	-9.0117
2830	24.	3.	0.1	-162.6
2831	24.	3.3333	5.e-002	-9.0167
2832	24.	2.3333	0.1	-156.52
2833	24.	2.6667	5.e-002	-9.0833
2834	24.	1.6667	0.1	-136.38
2835	24.	2.	5.e-002	-8.9924
2836	24.	1.	0.1	-99.064
2837	24.	1.3333	5.e-002	-9.159
2838	24.	0.33333	0.1	-57.026
2839	24.	0.66667	5.e-002	-9.384
2840	8.7419e-015	1.	0.1	3589.6
2841	2.914e-015	0.33333	0.1	2385.8
2842	5.9068e-015	0.66667	5.e-002	-119.13
2843	1.457e-014	1.6667	0.1	3926.2
2844	1.1814e-014	1.3333	5.e-002	-45.893
2845	2.0398e-014	2.3333	0.1	4094.
2846	1.772e-014	2.	5.e-002	-37.999
2847	2.6226e-014	3.	0.1	4142.8
2848	2.3627e-014	2.6667	5.e-002	-24.631
2849	3.2054e-014	3.6667	0.1	4090.7
2850	2.9534e-014	3.3333	5.e-002	-25.39
2851	3.7882e-014	4.3333	0.1	3923.7
2852	3.5441e-014	4.	5.e-002	-39.964
2853	4.371e-014	5.	0.1	3592.8
2854	4.1348e-014	4.6667	5.e-002	-48.939
2855	4.9538e-014	5.6667	0.1	2389.2
2856	4.7254e-014	5.3333	5.e-002	-116.96
2857	23.67	0.	0.1	-42.644
2858	24.	0.	5.e-002	-8.3194
2859	23.01	0.	0.1	-45.819
2860	23.34	0.	5.e-002	-16.072
2861	22.351	0.	0.1	-42.305
2862	22.681	0.	5.e-002	-20.4
2863	21.691	0.	0.1	-37.839
2864	22.021	0.	5.e-002	-23.915
2865	21.031	0.	0.1	-34.041
2866	21.361	0.	5.e-002	-26.41
2867	20.372	0.	0.1	-30.528
2868	20.701	0.	5.e-002	-28.526
2869	19.712	0.	0.1	-27.524
2870	20.042	0.	5.e-002	-30.305
2871	19.052	0.	0.1	-24.881
2872	19.382	0.	5.e-002	-31.751
2873	18.392	0.	0.1	-22.212
2874	18.722	0.	5.e-002	-32.664
2875	17.733	0.	0.1	-19.646
2876	18.063	0.	5.e-002	-33.469
2877	17.073	0.	0.1	-17.083
2878	17.403	0.	5.e-002	-34.06
2879	16.413	0.	0.1	-14.446
2880	16.743	0.	5.e-002	-34.477
2881	15.753	0.	0.1	-11.625
2882	16.083	0.	5.e-002	-34.706
2883	15.094	0.	0.1	-8.5418
2884	15.424	0.	5.e-002	-34.715
2885	14.434	0.	0.1	-5.253
2886	14.764	0.	5.e-002	-34.447
2887	13.774	0.	0.1	-2.0295
2888	14.104	0.	5.e-002	-33.815
2889	13.115	0.	0.1	0.42108
2890	13.444	0.	5.e-002	-32.84
2891	12.455	0.	0.1	0.55138
2892	12.785	0.	5.e-002	-31.217
2893	11.795	0.	0.1	-2.8671
2894	12.125	0.	5.e-002	-28.544
2895	11.135	0.	0.1	-15.715
2896	11.465	0.	5.e-002	-25.199
2897	10.476	0.	0.1	-46.668
2898	10.806	0.	5.e-002	-20.858
2899	9.816	0.	0.1	-103.09
2900	10.146	0.	5.e-002	-13.439
2901	9.1563	0.	0.1	-129.55
2902	9.4861	0.	5.e-002	-18.662
2903	8.4965	0.	0.1	90.529
2904	8.8264	0.	5.e-002	-22.971
2905	8.1667	0.	5.e-002	-138.12
2906	7.6667	1.1626e-030	0.1	92.775
2907	8.	1.2132e-030	5.e-002	-85.847
2908	7.	1.0615e-030	0.1	-98.435
2909	7.3333	0.	5.e-002	-34.319
2910	6.3333	9.6044e-031	0.1	-102.91
2911	6.6667	0.	5.e-002	-26.525
2912	5.6667	8.5934e-031	0.1	-39.631
2913	6.	0.	5.e-002	-14.47
2914	5.	7.5824e-031	0.1	0.15286
2915	5.3333	0.	5.e-002	-16.947
2916	4.3333	6.5714e-031	0.1	12.215
2917	4.6667	0.	5.e-002	-10.069
2918	3.6667	5.5604e-031	0.1	20.289
2919	4.	0.	5.e-002	-11.754
2920	3.	4.5494e-031	0.1	28.556
2921	3.3333	0.	5.e-002	-29.662
2922	2.3333	3.5385e-031	0.1	27.185
2923	2.6667	0.	5.e-002	-53.42
2924	1.6667	2.5275e-031	0.1	71.174
2925	2.	0.	5.e-002	-94.452
2926	1.	1.5165e-031	0.1	-139.9
2927	1.3333	0.	5.e-002	-197.44
2928	0.33333	5.0549e-032	0.1	432.93
2929	0.66667	0.	5.e-002	-287.35
2930	0.	0.	5.e-002	-1007.9
2931	0.33333	6.	0.1	435.78
2932	5.2451e-014	6.	5.e-002	-1011.8
2933	1.	6.	0.1	-137.83
2934	0.66667	6.	5.e-002	-285.98
2935	1.6667	6.	0.1	74.517
2936	1.3333	6.	5.e-002	-195.72
2937	2.3333	6.	0.1	30.672
2938	2.	6.	5.e-002	-92.137
2939	3.	6.	0.1	30.737
2940	2.6667	6.	5.e-002	-51.586
2941	3.6667	6.	0.1	20.107
2942	3.3333	6.	5.e-002	-28.806
2943	4.3333	6.	0.1	12.204
2944	4.	6.	5.e-002	-12.045
2945	5.	6.	0.1	-1.5726
2946	4.6667	6.	5.e-002	-9.7519
2947	5.6667	6.	0.1	-47.404
2948	5.3333	6.	5.e-002	-15.418
2949	6.3333	6.	0.1	-137.29
2950	6.	6.	5.e-002	-26.786
2951	7.	6.	0.1	-166.27
2952	6.6667	6.	5.e-002	-47.407
2953	7.6667	6.	0.1	115.54
2954	7.3333	6.	5.e-002	-27.592
2955	8.	6.	5.e-002	-174.49
2956	7.	6.	0.	-2516.1
2957	7.6667	6.	0.	-1552.2
2958	6.3333	6.	0.	-3595.8
2959	5.6667	6.	0.	-4324.4
2960	5.	6.	0.	-4794.9
2961	4.3333	6.	0.	-5144.1
2962	3.6667	6.	0.	-5442.1
2963	3.	6.	0.	-5722.
2964	2.3333	6.	0.	-5970.4
2965	1.6667	6.	0.	-6172.4
2966	1.	6.	0.	-5792.1
2967	0.33333	6.	0.	-4403.7
2968	8.	5.8333	0.	-1367.9
2969	4.9538e-014	5.6667	0.	-5098.
2970	1.	1.5165e-031	0.	-5789.1
2971	0.33333	5.0549e-032	0.	-4397.7
2972	1.6667	2.5275e-031	0.	-6167.5
2973	2.3333	3.5385e-031	0.	-5963.9
2974	3.	4.5494e-031	0.	-5716.7
2975	3.6667	5.5604e-031	0.	-5437.8
2976	4.3333	6.5714e-031	0.	-5139.5
2977	5.	7.5824e-031	0.	-4785.8
2978	5.6667	8.5934e-031	0.	-4323.9
2979	6.3333	9.6044e-031	0.	-3627.3
2980	7.	1.0615e-030	0.	-2547.3
2981	7.6667	1.1626e-030	0.	-1477.9
2982	8.	0.16667	0.	-1252.3
2983	2.914e-015	0.33333	0.	-5086.6
2984	9.1563	0.	0.	-1953.1
2985	8.4965	0.	0.	-1244.4
2986	9.816	0.	0.	-2617.7
2987	10.476	0.	0.	-2906.1
2988	11.135	0.	0.	-2935.7
2989	11.795	0.	0.	-2846.6
2990	12.455	0.	0.	-2704.6
2991	13.115	0.	0.	-2541.5
2992	13.774	0.	0.	-2371.5
2993	14.434	0.	0.	-2200.9
2994	15.094	0.	0.	-2031.8
2995	15.753	0.	0.	-1865.3
2996	16.413	0.	0.	-1701.6
2997	17.073	0.	0.	-1540.6
2998	17.733	0.	0.	-1382.3
2999	18.392	0.	0.	-1226.4
3000	19.052	0.	0.	-1072.9
3001	19.712	0.	0.	-921.57
3002	20.372	0.	0.	-772.2
3003	21.031	0.	0.	-624.65
3004	21.691	0.	0.	-478.79
3005	22.351	0.	0.	-333.59
3006	23.01	0.	0.	-190.96
3007	23.67	0.	0.	-79.087
3008	8.1667	0.16667	0.	-1117.2
3009	24.	0.33333	0.	-47.593
3010	4.371e-014	5.	0.	-7288.
3011	3.7882e-014	4.3333	0.	-7975.9
3012	3.2054e-014	3.6667	0.	-8307.9
3013	2.6226e-014	3.	0.	-8407.1
3014	2.0398e-014	2.3333	0.	-8313.1
3015	1.457e-014	1.6667	0.	-7978.4
3016	8.7419e-015	1.	0.	-7280.6
3017	24.	1.	0.	-59.506
3018	24.	1.6667	0.	-61.026
3019	24.	2.3333	0.	-61.391
3020	24.	3.	0.	-62.024
3021	24.	3.6667	0.	-62.054
3022	24.	4.3333	0.	-62.203
3023	24.	5.	0.	-59.965
3024	24.	5.6667	0.	-47.27
3025	23.67	6.	0.	-78.567
3026	23.01	6.	0.	-190.61
3027	22.351	6.	0.	-333.28
3028	21.691	6.	0.	-478.42
3029	21.031	6.	0.	-624.72
3030	20.372	6.	0.	-772.52
3031	19.712	6.	0.	-921.85
3032	19.052	6.	0.	-1073.1
3033	18.392	6.	0.	-1226.5
3034	17.733	6.	0.	-1382.3
3035	17.073	6.	0.	-1540.6
3036	16.413	6.	0.	-1701.6
3037	15.753	6.	0.	-1865.4
3038	15.094	6.	0.	-2032.
3039	14.434	6.	0.	-2201.3
3040	13.774	6.	0.	-2372.4
3041	13.115	6.	0.	-2543.4
3042	12.455	6.	0.	-2707.
3043	11.795	6.	0.	-2840.4
3044	11.135	6.	0.	-2917.2
3045	10.476	6.	0.	-2893.5
3046	9.816	6.	0.	-2633.1
3047	9.1563	6.	0.	-1985.
3048	8.4965	6.	0.	-1181.1
3049	8.1667	5.8333	0.	-976.53
3050	8.	1.5	0.	-4616.4
3051	8.	1.8333	0.	-10609
3052	8.	1.1667	0.	-3110.
3053	8.	0.83333	0.	-2374.7
3054	8.	0.5	0.	-1785.1
3055	8.0833	2.	0.	-15134
3056	8.1667	0.5	0.	-1298.3
3057	8.1667	0.83333	0.	-1668.8
3058	8.1667	1.1667	0.	-2793.3
3059	8.1667	1.5	0.	-4923.1
3060	8.1667	1.8333	0.	-11476
3061	8.	4.5	0.	-4674.8
3062	8.	4.1667	0.	-10710
3063	8.	4.8333	0.	-2987.5
3064	8.	5.1667	0.	-1886.9
3065	8.	5.5	0.	-1502.3
3066	8.0833	4.	0.	-15382
3067	8.1667	5.5	0.	-1444.9
3068	8.1667	5.1667	0.	-2024.9
3069	8.1667	4.8333	0.	-2911.
3070	8.1667	4.5	0.	-4719.1
3071	8.1667	4.1667	0.	-11266
