Node Number	X Location (in)	Y Location (in)	Z Location (in)	Equivalent (von-Mises) Stress (psi)
1	5.101	2.5544	0.	2215.7
2	5.4766	3.4914	0.	2053.
3	4.4956	2.0748	0.	1583.2
4	3.5027	3.7629	0.	1252.5
5	5.6253	3.0479	0.	1913.8
6	3.9893	1.2228	0.	1120.7
7	3.7379	4.8745	0.	1203.3
8	4.6655	2.581	0.	1896.2
9	7.5425	2.5693	0.	657.93
10	7.4417	3.8771	0.	664.57
11	4.9547	3.3487	0.	2008.8
12	5.6467	2.5998	0.	1788.6
13	21.672	4.022	0.	28.779
14	19.319	4.0029	0.	75.772
15	16.98	3.9574	0.	153.8
16	14.577	3.9952	0.	267.88
17	12.12	3.9867	0.	412.84
18	9.5804	4.123	0.	438.25
19	21.659	2.0098	0.	28.961
20	9.5546	1.9493	0.	432.54
21	12.132	2.0382	0.	412.21
22	14.568	1.9973	0.	268.01
23	16.97	1.9924	0.	154.14
24	19.323	2.0115	0.	75.583
25	5.8934	3.8834	0.	1282.6
26	6.901	4.3871	0.	663.19
27	4.5313	1.654	0.	1377.
28	1.778	2.0303	0.	1319.5
29	1.7287	3.9796	0.	1303.5
30	6.464	2.4248	0.	854.14
31	6.9853	1.7604	0.	667.66
32	6.4431	3.6211	0.	875.92
33	6.1468	3.186	0.	1288.9
34	3.5684	2.3315	0.	1257.1
35	5.8298	3.538	0.	1858.9
36	7.5385	5.1023	0.	624.07
37	5.2441	2.9537	0.	2069.7
38	6.1649	2.7758	0.	1459.6
39	7.5102	1.0085	0.	614.19
40	7.5102	1.0085	0.1	614.19
41	6.1649	2.7758	0.1	1459.6
42	5.2441	2.9537	0.1	2069.7
43	7.5385	5.1023	0.1	624.07
44	5.8298	3.538	0.1	1858.9
45	3.5684	2.3315	0.1	1257.1
46	6.1468	3.186	0.1	1288.9
47	6.4431	3.6211	0.1	875.92
48	6.9853	1.7604	0.1	667.66
49	6.464	2.4248	0.1	854.14
50	1.7287	3.9796	0.1	1303.5
51	1.778	2.0303	0.1	1319.5
52	4.5313	1.654	0.1	1377.
53	6.901	4.3871	0.1	663.19
54	5.8934	3.8834	0.1	1282.6
55	19.323	2.0115	0.1	75.583
56	16.97	1.9924	0.1	154.14
57	14.568	1.9973	0.1	268.01
58	12.132	2.0382	0.1	412.21
59	9.5546	1.9493	0.1	432.54
60	21.659	2.0098	0.1	28.961
61	9.5804	4.123	0.1	438.25
62	12.12	3.9867	0.1	412.84
63	14.577	3.9952	0.1	267.88
64	16.98	3.9574	0.1	153.8
65	19.319	4.0029	0.1	75.772
66	21.672	4.022	0.1	28.779
67	5.6467	2.5998	0.1	1788.6
68	4.9547	3.3487	0.1	2008.8
69	7.4417	3.8771	0.1	664.57
70	7.5425	2.5693	0.1	657.93
71	4.6655	2.581	0.1	1896.2
72	3.7379	4.8745	0.1	1203.3
73	3.9893	1.2228	0.1	1120.7
74	5.6253	3.0479	0.1	1913.8
75	3.5027	3.7629	0.1	1252.5
76	4.4956	2.0748	0.1	1583.2
77	5.4766	3.4914	0.1	2053.
78	5.101	2.5544	0.1	2215.7
79	5.2667	5.	0.1	712.17
80	5.2667	4.5	0.1	1508.
81	5.2667	4.	0.1	3644.5
82	5.1	4.	0.1	3058.3
83	5.1	4.5	0.1	1537.
84	5.1	5.	0.1	842.2
85	5.2667	1.	0.1	756.58
86	5.2667	1.5	0.1	1393.5
87	5.2667	2.	0.1	3439.7
88	5.1	2.	0.1	3802.1
89	5.1	1.5	0.1	1841.8
90	5.1	1.	0.1	884.45
91	5.2667	6.	0.1	562.34
92	7.6083	6.	0.1	477.11
93	9.95	6.	0.1	486.83
94	12.292	6.	0.1	422.86
95	14.633	6.	0.1	262.35
96	16.975	6.	0.1	154.88
97	19.317	6.	0.1	77.147
98	21.658	6.	0.1	29.553
99	24.	6.	0.1	10.983
100	24.	4.	0.1	12.323
101	24.	2.	0.1	12.324
102	1.7484e-014	2.	0.1	985.39
103	3.4968e-014	4.	0.1	976.9
104	24.	0.	0.1	11.396
105	21.658	0.	0.1	29.452
106	19.317	0.	0.1	76.488
107	16.975	0.	0.1	155.53
108	14.633	0.	0.1	262.04
109	12.292	0.	0.1	422.36
110	9.95	0.	0.1	469.19
111	7.6083	0.	0.1	471.
112	5.2667	0.	0.1	585.28
113	5.1	0.	0.1	1413.4
114	2.55	1.0919e-030	0.1	1094.4
115	0.	0.	0.1	855.88
116	3.937e-014	6.	0.1	827.34
117	2.55	6.	0.1	1151.2
118	5.1	6.	0.1	1226.4
119	2.55	6.	0.	1151.2
120	5.1	6.	0.	1226.4
121	3.937e-014	6.	0.	827.34
122	2.55	1.0919e-030	0.	1094.4
123	5.1	0.	0.	1413.4
124	0.	0.	0.	855.88
125	7.6083	0.	0.	471.
126	9.95	0.	0.	469.19
127	12.292	0.	0.	422.36
128	14.633	0.	0.	262.04
129	16.975	0.	0.	155.53
130	19.317	0.	0.	76.488
131	21.658	0.	0.	29.452
132	5.2667	0.	0.	585.28
133	24.	0.	0.	11.396
134	3.4968e-014	4.	0.	976.9
135	1.7484e-014	2.	0.	985.39
136	24.	2.	0.	12.324
137	24.	4.	0.	12.323
138	24.	6.	0.	10.983
139	21.658	6.	0.	29.553
140	19.317	6.	0.	77.147
141	16.975	6.	0.	154.88
142	14.633	6.	0.	262.35
143	12.292	6.	0.	422.86
144	9.95	6.	0.	486.83
145	7.6083	6.	0.	477.11
146	5.2667	6.	0.	562.34
147	5.1	1.5	0.	1841.8
148	5.1	1.	0.	884.45
149	5.1	2.	0.	3802.1
150	5.2667	1.	0.	756.58
151	5.2667	1.5	0.	1393.5
152	5.2667	2.	0.	3439.7
153	5.1	4.5	0.	1537.
154	5.1	5.	0.	842.2
155	5.1	4.	0.	3058.3
156	5.2667	5.	0.	712.17
157	5.2667	4.5	0.	1508.
158	5.2667	4.	0.	3644.5
159	4.8832	2.5677	0.	2037.2
160	5.3738	2.5771	0.	1992.4
161	5.1725	2.7541	0.	2139.5
162	5.101	2.5544	5.e-002	50.364
163	5.1005	2.2772	0.	2960.4
164	5.551	3.2697	0.	1972.6
165	5.2156	3.42	0.	1995.8
166	5.6532	3.5147	0.	1951.2
167	5.4766	3.4914	5.e-002	53.195
168	5.3716	3.7457	0.	2803.2
169	4.5805	2.3279	0.	1724.5
170	4.5134	1.8644	0.	1469.3
171	4.032	2.2032	0.	1389.6
172	4.4956	2.0748	5.e-002	98.379
173	4.7978	2.0374	0.	2685.
174	3.6203	4.3187	0.	1187.3
175	4.2287	3.5558	0.	1617.6
176	2.6157	3.8713	0.	1272.3
177	3.5356	3.0472	0.	1248.9
178	3.5027	3.7629	5.e-002	65.146
179	4.3014	3.8815	0.	2117.9
180	5.636	2.8239	0.	1846.8
181	5.8861	3.1169	0.	1585.7
182	5.4347	3.0008	0.	1991.6
183	5.6253	3.0479	5.e-002	10.143
184	4.2603	1.4384	0.	1244.5
185	3.7789	1.7772	0.	1142.1
186	3.9893	1.2228	5.e-002	150.17
187	3.2697	0.6114	0.	1061.2
188	4.5447	1.1114	0.	960.37
189	3.7379	4.8745	5.e-002	33.138
190	3.144	5.4372	0.	1129.3
191	4.419	4.6872	0.	1250.6
192	4.419	4.9372	0.	982.31
193	4.8101	2.9648	0.	1903.7
194	4.117	2.4563	0.	1567.9
195	4.6655	2.581	5.e-002	124.16
196	7.4921	3.2232	0.	647.94
197	8.5486	2.2593	0.	540.72
198	7.0033	2.4971	0.	750.57
199	7.2639	2.1648	0.	651.15
200	7.5425	2.5693	5.e-002	86.854
201	8.5111	4.	0.	544.58
202	7.1713	4.1321	0.	647.19
203	6.9424	3.7491	0.	741.06
204	6.8033	3.3265	0.	1058.1
205	7.4417	3.8771	5.e-002	184.37
206	5.0994	3.1512	0.	2031.4
207	4.9547	3.3487	5.e-002	62.565
208	5.0273	3.6743	0.	2521.6
209	5.9058	2.6878	0.	1613.3
210	5.6467	2.5998	5.e-002	91.51
211	5.4567	2.2999	0.	2537.7
212	20.496	4.0124	0.	52.022
213	21.665	3.0159	0.	28.264
214	21.672	4.022	5.e-002	1.6373
215	22.836	4.011	0.	20.379
216	21.665	5.011	0.	28.344
217	18.149	3.9802	0.	114.68
218	19.321	3.0072	0.	75.053
219	19.319	4.0029	5.e-002	2.245
220	19.318	5.0015	0.	75.601
221	15.778	3.9763	0.	210.76
222	16.975	2.9749	0.	153.43
223	16.98	3.9574	5.e-002	4.8201
224	16.977	4.9787	0.	153.61
225	13.349	3.991	0.	340.34
226	14.573	2.9963	0.	267.54
227	14.577	3.9952	5.e-002	4.1546
228	14.605	4.9976	0.	264.23
229	10.85	4.0548	0.	425.16
230	12.126	3.0124	0.	411.67
231	12.12	3.9867	5.e-002	11.531
232	12.206	4.9933	0.	417.
233	9.5675	3.0361	0.	434.76
234	8.5595	4.6126	0.	523.58
235	9.5804	4.123	5.e-002	8.0896
236	9.7652	5.0615	0.	460.64
237	20.491	2.0107	0.	52.009
238	21.659	2.0098	5.e-002	1.6808
239	21.659	1.0049	0.	28.402
240	22.829	2.0049	0.	20.489
241	10.843	1.9938	0.	422.08
242	8.5324	1.4789	0.	517.67
243	9.5546	1.9493	5.e-002	10.964
244	9.7523	0.97466	0.	449.37
245	13.35	2.0177	0.	340.07
246	12.132	2.0382	5.e-002	12.11
247	12.212	1.0191	0.	416.65
248	15.769	1.9948	0.	211.
249	14.568	1.9973	5.e-002	4.3465
250	14.601	0.99864	0.	264.21
251	18.147	2.002	0.	114.77
252	16.97	1.9924	5.e-002	4.6432
253	16.973	0.9962	0.	154.04
254	19.323	2.0115	5.e-002	2.2361
255	19.32	1.0057	0.	75.203
256	6.3972	4.1353	0.	952.47
257	6.1683	3.7522	0.	1063.1
258	5.8616	3.7107	0.	1557.2
259	5.8934	3.8834	5.e-002	153.32
260	5.58	3.9417	0.	2444.6
261	7.2197	4.7447	0.	620.38
262	6.901	4.3871	5.e-002	91.447
263	6.0838	4.4436	0.	965.99
264	4.5313	1.654	5.e-002	152.96
265	4.8157	1.577	0.	1496.
266	1.7534	3.005	0.	1309.1
267	2.6732	2.1809	0.	1276.6
268	1.778	2.0303	5.e-002	56.163
269	2.164	1.0152	0.	1199.6
270	0.88902	2.0152	0.	1136.4
271	1.7287	3.9796	5.e-002	49.18
272	2.1394	4.9898	0.	1221.1
273	0.86436	3.9898	0.	1123.5
274	6.7247	2.0926	0.	758.76
275	6.3145	2.6003	0.	1149.5
276	6.464	2.4248	5.e-002	25.232
277	5.8653	2.2124	0.	2095.2
278	7.2478	1.3845	0.	631.12
279	6.9853	1.7604	5.e-002	85.805
280	6.126	1.6302	0.	939.89
281	6.295	3.4035	0.	1077.9
282	6.4431	3.6211	5.e-002	157.92
283	5.9883	3.362	0.	1570.3
284	6.1559	2.9809	0.	1343.6
285	6.1468	3.186	5.e-002	222.61
286	3.5684	2.3315	5.e-002	95.946
287	5.8298	3.538	5.e-002	132.37
288	7.5385	5.1023	5.e-002	88.492
289	7.5734	5.5511	0.	549.88
290	6.4026	5.0511	0.	621.18
291	5.2441	2.9537	5.e-002	4.0155
292	6.1649	2.7758	5.e-002	271.4
293	7.5102	1.0085	5.e-002	78.14
294	7.5593	0.50427	0.	542.46
295	6.3884	1.0043	0.	651.33
296	7.2478	1.3845	0.1	631.12
297	8.5324	1.4789	0.1	517.67
298	6.3884	1.0043	0.1	651.33
299	7.5593	0.50427	0.1	542.46
300	6.1559	2.9809	0.1	1343.6
301	6.3145	2.6003	0.1	1149.5
302	5.9058	2.6878	0.1	1613.3
303	6.8033	3.3265	0.1	1058.1
304	5.0994	3.1512	0.1	2031.4
305	5.4347	3.0008	0.1	1991.6
306	5.1725	2.7541	0.1	2139.5
307	7.2197	4.7447	0.1	620.38
308	8.5595	4.6126	0.1	523.58
309	6.4026	5.0511	0.1	621.18
310	7.5734	5.5511	0.1	549.88
311	5.9883	3.362	0.1	1570.3
312	5.8616	3.7107	0.1	1557.2
313	5.6532	3.5147	0.1	1951.2
314	2.6732	2.1809	0.1	1276.6
315	4.117	2.4563	0.1	1567.9
316	3.7789	1.7772	0.1	1142.1
317	3.5356	3.0472	0.1	1248.9
318	4.032	2.2032	0.1	1389.6
319	6.295	3.4035	0.1	1077.9
320	5.8861	3.1169	0.1	1585.7
321	6.1683	3.7522	0.1	1063.1
322	6.9424	3.7491	0.1	741.06
323	6.7247	2.0926	0.1	758.76
324	7.2639	2.1648	0.1	651.15
325	6.126	1.6302	0.1	939.89
326	7.0033	2.4971	0.1	750.57
327	5.8653	2.2124	0.1	2095.2
328	1.7534	3.005	0.1	1309.1
329	2.6157	3.8713	0.1	1272.3
330	0.86436	3.9898	0.1	1123.5
331	2.1394	4.9898	0.1	1221.1
332	0.88902	2.0152	0.1	1136.4
333	2.164	1.0152	0.1	1199.6
334	4.2603	1.4384	0.1	1244.5
335	4.5134	1.8644	0.1	1469.3
336	4.8157	1.577	0.1	1496.
337	6.3972	4.1353	0.1	952.47
338	7.1713	4.1321	0.1	647.19
339	6.0838	4.4436	0.1	965.99
340	5.58	3.9417	0.1	2444.6
341	18.147	2.002	0.1	114.77
342	20.491	2.0107	0.1	52.009
343	19.321	3.0072	0.1	75.053
344	19.32	1.0057	0.1	75.203
345	15.769	1.9948	0.1	211.
346	16.975	2.9749	0.1	153.43
347	16.973	0.9962	0.1	154.04
348	13.35	2.0177	0.1	340.07
349	14.573	2.9963	0.1	267.54
350	14.601	0.99864	0.1	264.21
351	10.843	1.9938	0.1	422.08
352	12.126	3.0124	0.1	411.67
353	12.212	1.0191	0.1	416.65
354	9.5675	3.0361	0.1	434.76
355	8.5486	2.2593	0.1	540.72
356	9.7523	0.97466	0.1	449.37
357	21.665	3.0159	0.1	28.264
358	22.829	2.0049	0.1	20.489
359	21.659	1.0049	0.1	28.402
360	10.85	4.0548	0.1	425.16
361	8.5111	4.	0.1	544.58
362	9.7652	5.0615	0.1	460.64
363	13.349	3.991	0.1	340.34
364	12.206	4.9933	0.1	417.
365	15.778	3.9763	0.1	210.76
366	14.605	4.9976	0.1	264.23
367	18.149	3.9802	0.1	114.68
368	16.977	4.9787	0.1	153.61
369	20.496	4.0124	0.1	52.022
370	19.318	5.0015	0.1	75.601
371	21.665	5.011	0.1	28.344
372	22.836	4.011	0.1	20.379
373	5.636	2.8239	0.1	1846.8
374	5.3738	2.5771	0.1	1992.4
375	5.4567	2.2999	0.1	2537.7
376	4.8101	2.9648	0.1	1903.7
377	4.2287	3.5558	0.1	1617.6
378	5.2156	3.42	0.1	1995.8
379	5.0273	3.6743	0.1	2521.6
380	7.4921	3.2232	0.1	647.94
381	4.5805	2.3279	0.1	1724.5
382	4.8832	2.5677	0.1	2037.2
383	3.6203	4.3187	0.1	1187.3
384	4.419	4.6872	0.1	1250.6
385	4.419	4.9372	0.1	982.31
386	3.144	5.4372	0.1	1129.3
387	4.5447	1.1114	0.1	960.37
388	3.2697	0.6114	0.1	1061.2
389	5.551	3.2697	0.1	1972.6
390	4.3014	3.8815	0.1	2117.9
391	4.7978	2.0374	0.1	2685.
392	5.3716	3.7457	0.1	2803.2
393	5.1005	2.2772	0.1	2960.4
394	5.2667	4.75	0.1	1097.4
395	5.2667	5.5	0.1	632.16
396	5.2667	5.	5.e-002	74.387
397	5.2667	4.25	0.1	2494.2
398	5.2667	4.5	5.e-002	134.83
399	5.1833	4.	0.1	3020.2
400	5.2667	4.	5.e-002	108.02
401	5.1	4.25	0.1	2083.7
402	5.1	4.	5.e-002	178.93
403	5.1	4.75	0.1	1090.3
404	5.1	4.5	5.e-002	202.91
405	5.1	5.5	0.1	970.84
406	5.1	5.	5.e-002	9.0318
407	5.2667	1.25	0.1	1069.1
408	5.2667	0.5	0.1	667.36
409	5.2667	1.	5.e-002	57.236
410	5.2667	1.75	0.1	2389.4
411	5.2667	1.5	5.e-002	78.037
412	5.1833	2.	0.1	3165.3
413	5.2667	2.	5.e-002	66.038
414	5.1	1.75	0.1	2559.1
415	5.1	2.	5.e-002	204.65
416	5.1	1.25	0.1	1239.1
417	5.1	1.5	5.e-002	271.67
418	5.1	0.5	0.1	1067.4
419	5.1	1.	5.e-002	282.17
420	6.4375	6.	0.1	505.87
421	5.2667	6.	5.e-002	41.089
422	8.7792	6.	0.1	479.65
423	7.6083	6.	5.e-002	88.189
424	11.121	6.	0.1	453.24
425	9.95	6.	5.e-002	26.26
426	13.463	6.	0.1	342.49
427	12.292	6.	5.e-002	18.195
428	15.804	6.	0.1	208.5
429	14.633	6.	5.e-002	6.8008
430	18.146	6.	0.1	115.64
431	16.975	6.	5.e-002	5.9594
432	20.487	6.	0.1	52.867
433	19.317	6.	5.e-002	4.2258
434	22.829	6.	0.1	20.075
435	21.658	6.	5.e-002	3.0481
436	24.	5.	0.1	10.984
437	24.	6.	5.e-002	2.2322
438	24.	3.	0.1	12.099
439	24.	4.	5.e-002	1.6177
440	24.	1.	0.1	11.157
441	24.	2.	5.e-002	1.5021
442	2.6226e-014	3.	0.1	980.8
443	8.7419e-015	1.	0.1	916.88
444	1.772e-014	2.	5.e-002	39.83
445	4.371e-014	5.	0.1	899.1
446	3.5441e-014	4.	5.e-002	34.127
447	22.829	0.	0.1	20.231
448	24.	0.	5.e-002	2.1871
449	20.487	0.	0.1	52.489
450	21.658	0.	5.e-002	3.037
451	18.146	0.	0.1	115.72
452	19.317	0.	5.e-002	4.1227
453	15.804	0.	0.1	208.6
454	16.975	0.	5.e-002	5.8377
455	13.463	0.	0.1	341.97
456	14.633	0.	5.e-002	6.9862
457	11.121	0.	0.1	444.33
458	12.292	0.	5.e-002	17.711
459	8.7792	0.	0.1	467.55
460	9.95	0.	5.e-002	25.119
461	6.4375	0.	0.1	515.39
462	7.6083	0.	5.e-002	69.362
463	5.2667	0.	5.e-002	23.035
464	3.825	1.6378e-030	0.1	1100.1
465	5.1	2.1837e-030	5.e-002	304.01
466	1.275	5.4593e-031	0.1	944.89
467	2.55	0.	5.e-002	112.82
468	0.	0.	5.e-002	121.49
469	1.275	6.	0.1	960.55
470	5.2451e-014	6.	5.e-002	109.4
471	3.825	6.	0.1	1099.8
472	2.55	6.	5.e-002	83.545
473	5.1	6.	5.e-002	194.22
474	3.825	6.	0.	1099.8
475	1.275	6.	0.	960.55
476	5.1	5.5	0.	970.84
477	4.371e-014	5.	0.	899.1
478	3.825	1.6378e-030	0.	1100.1
479	1.275	5.4593e-031	0.	944.89
480	5.1	0.5	0.	1067.4
481	8.7419e-015	1.	0.	916.88
482	8.7792	0.	0.	467.55
483	6.4375	0.	0.	515.39
484	11.121	0.	0.	444.33
485	13.463	0.	0.	341.97
486	15.804	0.	0.	208.6
487	18.146	0.	0.	115.72
488	20.487	0.	0.	52.489
489	22.829	0.	0.	20.231
490	5.2667	0.5	0.	667.36
491	24.	1.	0.	11.157
492	2.6226e-014	3.	0.	980.8
493	24.	3.	0.	12.099
494	24.	5.	0.	10.984
495	22.829	6.	0.	20.075
496	20.487	6.	0.	52.867
497	18.146	6.	0.	115.64
498	15.804	6.	0.	208.5
499	13.463	6.	0.	342.49
500	11.121	6.	0.	453.24
501	8.7792	6.	0.	479.65
502	6.4375	6.	0.	505.87
503	5.2667	5.5	0.	632.16
504	5.1	1.25	0.	1239.1
505	5.1	1.75	0.	2559.1
506	5.1833	2.	0.	3165.3
507	5.2667	1.25	0.	1069.1
508	5.2667	1.75	0.	2389.4
509	5.1	4.75	0.	1090.3
510	5.1	4.25	0.	2083.7
511	5.1833	4.	0.	3020.2
512	5.2667	4.75	0.	1097.4
513	5.2667	4.25	0.	2494.2
