Node Number	X Location (in)	Y Location (in)	Z Location (in)	Equivalent Elastic Strain (in/in)
1	5.3819	2.9797	0.	1.3297e-004
2	5.3655	1.6973	0.	1.0269e-004
3	4.1202	2.754	0.	1.8451e-004
4	2.4454	3.9514	0.	1.4029e-004
5	5.0318	4.7645	0.	1.0713e-004
6	2.7905	0.67978	0.	9.883e-005
7	2.3232	1.8994	0.	1.2303e-004
8	4.8481	0.48041	0.	7.4846e-005
9	2.8916	5.4396	0.	9.6671e-005
10	3.1195	5.007	0.	8.9917e-005
11	2.7937	4.5469	0.	1.3186e-004
12	4.7688	5.4721	0.	7.3325e-005
13	5.572	4.39	0.	1.0492e-004
14	2.0803	5.1556	0.	1.2528e-004
15	1.2561	4.5741	0.	1.4068e-004
16	0.98367	1.1375	0.	1.4363e-004
17	1.8955	0.95603	0.	1.3263e-004
18	1.2117	3.3285	0.	1.5312e-004
19	1.1308	2.2402	0.	1.5503e-004
20	6.6744	3.3544	0.	8.6347e-005
21	5.7917	0.68549	0.	7.9503e-005
22	6.5575	1.149	0.	8.6067e-005
23	8.073	1.1584	0.	7.5498e-005
24	9.335	1.1805	0.	6.2903e-005
25	10.532	1.1879	0.	5.3588e-005
26	11.684	1.183	0.	4.497e-005
27	12.829	1.1781	0.	3.723e-005
28	13.954	1.173	0.	3.0301e-005
29	15.064	1.1723	0.	2.414e-005
30	16.186	1.1724	0.	1.8699e-005
31	17.295	1.1748	0.	1.398e-005
32	18.41	1.1788	0.	9.9858e-006
33	19.521	1.1851	0.	6.7099e-006
34	20.636	1.1892	0.	4.1577e-006
35	21.755	1.1889	0.	2.32e-006
36	22.879	1.1951	0.	1.2258e-006
37	22.868	2.3932	0.	1.5665e-006
38	22.869	3.6018	0.	1.5671e-006
39	22.876	4.7969	0.	1.2311e-006
40	21.754	4.7928	0.	2.3267e-006
41	20.629	4.7914	0.	4.1682e-006
42	19.513	4.7418	0.	6.7447e-006
43	18.4	4.7019	0.	1.0019e-005
44	17.29	4.6816	0.	1.4011e-005
45	16.182	4.6744	0.	1.8704e-005
46	15.072	4.6743	0.	2.4119e-005
47	13.96	4.6759	0.	3.0241e-005
48	12.845	4.6806	0.	3.7103e-005
49	11.715	4.7163	0.	4.4913e-005
50	10.526	4.743	0.	5.3664e-005
51	9.2937	4.7388	0.	6.3366e-005
52	7.814	4.6581	0.	7.3018e-005
53	6.7279	5.1046	0.	9.3105e-005
54	5.8104	5.3536	0.	8.4521e-005
55	6.7338	2.2497	0.	8.9231e-005
56	7.9691	2.2889	0.	7.3726e-005
57	9.2406	2.3502	0.	6.3119e-005
58	10.466	2.349	0.	5.3677e-005
59	11.657	2.3514	0.	4.4933e-005
60	12.813	2.353	0.	3.7205e-005
61	13.948	2.3516	0.	3.0294e-005
62	15.061	2.3512	0.	2.416e-005
63	16.182	2.353	0.	1.8739e-005
64	17.293	2.3571	0.	1.4035e-005
65	18.408	2.3633	0.	1.0056e-005
66	19.52	2.3702	0.	6.8104e-006
67	20.634	2.378	0.	4.299e-006
68	21.749	2.3873	0.	2.549e-006
69	21.748	3.5908	0.	2.5525e-006
70	20.634	3.5797	0.	4.3065e-006
71	19.522	3.5577	0.	6.8131e-006
72	18.401	3.5336	0.	1.0076e-005
73	17.291	3.5205	0.	1.4048e-005
74	16.178	3.5137	0.	1.8746e-005
75	15.064	3.5108	0.	2.4148e-005
76	13.948	3.513	0.	3.0284e-005
77	12.83	3.5147	0.	3.7113e-005
78	11.696	3.5177	0.	4.484e-005
79	10.483	3.527	0.	5.3655e-005
80	9.2109	3.5393	0.	6.3639e-005
81	7.9685	3.4992	0.	7.2111e-005
82	4.6273	5.0839	0.	7.0449e-005
83	2.9846	1.161	0.	1.0525e-004
84	2.5556	2.948	0.	1.4559e-004
85	4.6085	0.89299	0.	6.8301e-005
86	4.8918	1.2189	0.	1.0986e-004
87	4.1974	2.362	0.	1.4439e-004
88	3.5436	3.1854	0.	2.0575e-004
89	4.1847	3.3541	0.	1.5052e-004
90	5.5293	2.3443	0.	1.1602e-004
91	6.1277	3.9219	0.	1.1324e-004
92	6.1277	3.9219	0.1	1.1324e-004
93	5.5293	2.3443	0.1	1.1602e-004
94	4.1847	3.3541	0.1	1.5052e-004
95	3.5436	3.1854	0.1	2.0575e-004
96	4.1974	2.362	0.1	1.4439e-004
97	4.8918	1.2189	0.1	1.0986e-004
98	4.6085	0.89299	0.1	6.8301e-005
99	2.5556	2.948	0.1	1.4559e-004
100	2.9846	1.161	0.1	1.0525e-004
101	4.6273	5.0839	0.1	7.0449e-005
102	7.9685	3.4992	0.1	7.2111e-005
103	9.2109	3.5393	0.1	6.3639e-005
104	10.483	3.527	0.1	5.3655e-005
105	11.696	3.5177	0.1	4.484e-005
106	12.83	3.5147	0.1	3.7113e-005
107	13.948	3.513	0.1	3.0284e-005
108	15.064	3.5108	0.1	2.4148e-005
109	16.178	3.5137	0.1	1.8746e-005
110	17.291	3.5205	0.1	1.4048e-005
111	18.401	3.5336	0.1	1.0076e-005
112	19.522	3.5577	0.1	6.8131e-006
113	20.634	3.5797	0.1	4.3065e-006
114	21.748	3.5908	0.1	2.5525e-006
115	21.749	2.3873	0.1	2.549e-006
116	20.634	2.378	0.1	4.299e-006
117	19.52	2.3702	0.1	6.8104e-006
118	18.408	2.3633	0.1	1.0056e-005
119	17.293	2.3571	0.1	1.4035e-005
120	16.182	2.353	0.1	1.8739e-005
121	15.061	2.3512	0.1	2.416e-005
122	13.948	2.3516	0.1	3.0294e-005
123	12.813	2.353	0.1	3.7205e-005
124	11.657	2.3514	0.1	4.4933e-005
125	10.466	2.349	0.1	5.3677e-005
126	9.2406	2.3502	0.1	6.3119e-005
127	7.9691	2.2889	0.1	7.3726e-005
128	6.7338	2.2497	0.1	8.9231e-005
129	5.8104	5.3536	0.1	8.4521e-005
130	6.7279	5.1046	0.1	9.3105e-005
131	7.814	4.6581	0.1	7.3018e-005
132	9.2937	4.7388	0.1	6.3366e-005
133	10.526	4.743	0.1	5.3664e-005
134	11.715	4.7163	0.1	4.4913e-005
135	12.845	4.6806	0.1	3.7103e-005
136	13.96	4.6759	0.1	3.0241e-005
137	15.072	4.6743	0.1	2.4119e-005
138	16.182	4.6744	0.1	1.8704e-005
139	17.29	4.6816	0.1	1.4011e-005
140	18.4	4.7019	0.1	1.0019e-005
141	19.513	4.7418	0.1	6.7447e-006
142	20.629	4.7914	0.1	4.1682e-006
143	21.754	4.7928	0.1	2.3267e-006
144	22.876	4.7969	0.1	1.2311e-006
145	22.869	3.6018	0.1	1.5671e-006
146	22.868	2.3932	0.1	1.5665e-006
147	22.879	1.1951	0.1	1.2258e-006
148	21.755	1.1889	0.1	2.32e-006
149	20.636	1.1892	0.1	4.1577e-006
150	19.521	1.1851	0.1	6.7099e-006
151	18.41	1.1788	0.1	9.9858e-006
152	17.295	1.1748	0.1	1.398e-005
153	16.186	1.1724	0.1	1.8699e-005
154	15.064	1.1723	0.1	2.414e-005
155	13.954	1.173	0.1	3.0301e-005
156	12.829	1.1781	0.1	3.723e-005
157	11.684	1.183	0.1	4.497e-005
158	10.532	1.1879	0.1	5.3588e-005
159	9.335	1.1805	0.1	6.2903e-005
160	8.073	1.1584	0.1	7.5498e-005
161	6.5575	1.149	0.1	8.6067e-005
162	5.7917	0.68549	0.1	7.9503e-005
163	6.6744	3.3544	0.1	8.6347e-005
164	1.1308	2.2402	0.1	1.5503e-004
165	1.2117	3.3285	0.1	1.5312e-004
166	1.8955	0.95603	0.1	1.3263e-004
167	0.98367	1.1375	0.1	1.4363e-004
168	1.2561	4.5741	0.1	1.4068e-004
169	2.0803	5.1556	0.1	1.2528e-004
170	5.572	4.39	0.1	1.0492e-004
171	4.7688	5.4721	0.1	7.3325e-005
172	2.7937	4.5469	0.1	1.3186e-004
173	3.1195	5.007	0.1	8.9917e-005
174	2.8916	5.4396	0.1	9.6671e-005
175	4.8481	0.48041	0.1	7.4846e-005
176	2.3232	1.8994	0.1	1.2303e-004
177	2.7905	0.67978	0.1	9.883e-005
178	5.0318	4.7645	0.1	1.0713e-004
179	2.4454	3.9514	0.1	1.4029e-004
180	4.1202	2.754	0.1	1.8451e-004
181	5.3655	1.6973	0.1	1.0269e-004
182	5.3819	2.9797	0.1	1.3297e-004
183	3.9467	5.5	0.1	3.3104e-005
184	3.9467	5.	0.1	1.266e-004
185	3.9467	4.5	0.1	1.4127e-004
186	3.9467	4.	0.1	2.7209e-004
187	3.78	4.	0.1	3.199e-004
188	3.78	4.5	0.1	2.0345e-004
189	3.78	5.	0.1	1.4788e-004
190	3.78	5.5	0.1	5.3504e-005
191	3.9467	0.5	0.1	3.6379e-005
192	3.9467	1.	0.1	1.1098e-004
193	3.9467	1.5	0.1	1.5587e-004
194	3.9467	2.	0.1	2.9179e-004
195	3.78	2.	0.1	3.2265e-004
196	3.78	1.5	0.1	1.8347e-004
197	3.78	1.	0.1	1.9985e-004
198	3.78	0.5	0.1	8.0593e-005
199	3.9467	6.	0.1	4.0245e-005
200	5.0607	6.	0.1	6.2805e-005
201	6.1748	6.	0.1	8.7586e-005
202	7.2889	6.	0.1	8.5099e-005
203	8.403	6.	0.1	7.3795e-005
204	9.517	6.	0.1	6.2397e-005
205	10.631	6.	0.1	5.3306e-005
206	11.745	6.	0.1	4.48e-005
207	12.859	6.	0.1	3.7206e-005
208	13.973	6.	0.1	3.0319e-005
209	15.087	6.	0.1	2.4141e-005
210	16.201	6.	0.1	1.8689e-005
211	17.316	6.	0.1	1.3959e-005
212	18.43	6.	0.1	9.9591e-006
213	19.544	6.	0.1	6.6814e-006
214	20.658	6.	0.1	4.1224e-006
215	21.772	6.	0.1	2.1985e-006
216	22.886	6.	0.1	1.0127e-006
217	24.	6.	0.1	4.6348e-007
218	24.	4.8	0.1	8.3202e-007
219	24.	3.6	0.1	1.2406e-006
220	24.	2.4	0.1	1.2402e-006
221	24.	1.2	0.1	8.3055e-007
222	1.049e-014	1.2	0.1	9.9221e-005
223	2.0981e-014	2.4	0.1	1.0457e-004
224	3.1471e-014	3.6	0.1	1.0639e-004
225	4.1961e-014	4.8	0.1	1.0236e-004
226	24.	0.	0.1	4.6175e-007
227	22.886	0.	0.1	1.0123e-006
228	21.772	0.	0.1	2.207e-006
229	20.658	0.	0.1	4.0832e-006
230	19.544	0.	0.1	6.6545e-006
231	18.43	0.	0.1	9.9396e-006
232	17.316	0.	0.1	1.3946e-005
233	16.201	0.	0.1	1.8676e-005
234	15.087	0.	0.1	2.4133e-005
235	13.973	0.	0.1	3.0323e-005
236	12.859	0.	0.1	3.7256e-005
237	11.745	0.	0.1	4.5005e-005
238	10.631	0.	0.1	5.3561e-005
239	9.517	0.	0.1	6.3313e-005
240	8.403	0.	0.1	7.2076e-005
241	7.2889	0.	0.1	8.3973e-005
242	6.1748	0.	0.1	8.1963e-005
243	5.0607	0.	0.1	6.1082e-005
244	3.9467	0.	0.1	4.0485e-005
245	3.78	0.	0.1	4.6814e-005
246	2.835	6.3692e-031	0.1	9.0979e-005
247	1.89	4.2461e-031	0.1	1.3606e-004
248	0.945	2.1231e-031	0.1	1.3792e-004
249	0.	0.	0.1	7.2589e-005
250	3.937e-014	6.	0.1	7.1665e-005
251	0.945	6.	0.1	1.397e-004
252	1.89	6.	0.1	1.3197e-004
253	2.835	6.	0.1	8.3375e-005
254	3.78	6.	0.1	4.2701e-005
255	2.835	6.	0.	8.3375e-005
256	1.89	6.	0.	1.3197e-004
257	0.945	6.	0.	1.397e-004
258	3.78	6.	0.	4.2701e-005
259	3.937e-014	6.	0.	7.1665e-005
260	0.945	2.1231e-031	0.	1.3792e-004
261	1.89	4.2461e-031	0.	1.3606e-004
262	2.835	6.3692e-031	0.	9.0979e-005
263	3.78	0.	0.	4.6814e-005
264	0.	0.	0.	7.2589e-005
265	5.0607	0.	0.	6.1082e-005
266	6.1748	0.	0.	8.1963e-005
267	7.2889	0.	0.	8.3973e-005
268	8.403	0.	0.	7.2076e-005
269	9.517	0.	0.	6.3313e-005
270	10.631	0.	0.	5.3561e-005
271	11.745	0.	0.	4.5005e-005
272	12.859	0.	0.	3.7256e-005
273	13.973	0.	0.	3.0323e-005
274	15.087	0.	0.	2.4133e-005
275	16.201	0.	0.	1.8676e-005
276	17.316	0.	0.	1.3946e-005
277	18.43	0.	0.	9.9396e-006
278	19.544	0.	0.	6.6545e-006
279	20.658	0.	0.	4.0832e-006
280	21.772	0.	0.	2.207e-006
281	22.886	0.	0.	1.0123e-006
282	3.9467	0.	0.	4.0485e-005
283	24.	0.	0.	4.6175e-007
284	4.1961e-014	4.8	0.	1.0236e-004
285	3.1471e-014	3.6	0.	1.0639e-004
286	2.0981e-014	2.4	0.	1.0457e-004
287	1.049e-014	1.2	0.	9.9221e-005
288	24.	1.2	0.	8.3055e-007
289	24.	2.4	0.	1.2402e-006
290	24.	3.6	0.	1.2406e-006
291	24.	4.8	0.	8.3202e-007
292	24.	6.	0.	4.6348e-007
293	22.886	6.	0.	1.0127e-006
294	21.772	6.	0.	2.1985e-006
295	20.658	6.	0.	4.1224e-006
296	19.544	6.	0.	6.6814e-006
297	18.43	6.	0.	9.9591e-006
298	17.316	6.	0.	1.3959e-005
299	16.201	6.	0.	1.8689e-005
300	15.087	6.	0.	2.4141e-005
301	13.973	6.	0.	3.0319e-005
302	12.859	6.	0.	3.7206e-005
303	11.745	6.	0.	4.48e-005
304	10.631	6.	0.	5.3306e-005
305	9.517	6.	0.	6.2397e-005
306	8.403	6.	0.	7.3795e-005
307	7.2889	6.	0.	8.5099e-005
308	6.1748	6.	0.	8.7586e-005
309	5.0607	6.	0.	6.2805e-005
310	3.9467	6.	0.	4.0245e-005
311	3.78	1.5	0.	1.8347e-004
312	3.78	1.	0.	1.9985e-004
313	3.78	0.5	0.	8.0593e-005
314	3.78	2.	0.	3.2265e-004
315	3.9467	0.5	0.	3.6379e-005
316	3.9467	1.	0.	1.1098e-004
317	3.9467	1.5	0.	1.5587e-004
318	3.9467	2.	0.	2.9179e-004
319	3.78	4.5	0.	2.0345e-004
320	3.78	5.	0.	1.4788e-004
321	3.78	5.5	0.	5.3504e-005
322	3.78	4.	0.	3.199e-004
323	3.9467	5.5	0.	3.3104e-005
324	3.9467	5.	0.	1.266e-004
325	3.9467	4.5	0.	1.4127e-004
326	3.9467	4.	0.	2.7209e-004
327	4.751	2.8669	0.	1.565e-004
328	6.0282	3.1671	0.	1.0909e-004
329	4.7833	3.1669	0.	1.3746e-004
330	5.4556	2.662	0.	1.2425e-004
331	5.3819	2.9797	5.e-002	5.3412e-006
332	5.9615	1.4232	0.	9.3966e-005
333	5.1286	1.4581	0.	1.0574e-004
334	5.4474	2.0208	0.	1.091e-004
335	5.3655	1.6973	5.e-002	6.3781e-006
336	4.6561	1.8487	0.	1.9409e-004
337	4.1588	2.558	0.	1.6226e-004
338	3.8319	2.9697	0.	1.9472e-004
339	4.1202	2.754	5.e-002	2.3868e-005
340	3.9501	2.377	0.	2.4871e-004
341	2.6195	4.2492	0.	1.3521e-004
342	1.8507	4.2627	0.	1.4023e-004
343	2.5005	3.4497	0.	1.4186e-004
344	2.4454	3.9514	5.e-002	1.029e-005
345	3.1127	3.9757	0.	2.2681e-004
346	5.3019	4.5772	0.	1.0559e-004
347	5.4211	5.059	0.	9.5015e-005
348	4.8295	4.9242	0.	8.7895e-005
349	5.0318	4.7645	5.e-002	1.495e-005
350	4.4892	4.6322	0.	1.1355e-004
351	2.343	0.8179	0.	1.1528e-004
352	2.8876	0.9204	0.	1.019e-004
353	2.7905	0.67978	5.e-002	6.2729e-006
354	2.8128	0.33989	0.	9.4623e-005
355	3.2853	0.58989	0.	8.4535e-005
356	2.1093	1.4277	0.	1.2759e-004
357	1.727	2.0698	0.	1.3745e-004
358	2.6539	1.5302	0.	1.1362e-004
359	2.4394	2.4237	0.	1.3365e-004
360	2.3232	1.8994	5.e-002	1.095e-005
361	3.0516	1.6997	0.	1.4995e-004
362	5.3199	0.58295	0.	7.5239e-005
363	4.7283	0.6867	0.	7.1238e-005
364	4.8481	0.48041	5.e-002	5.9132e-006
365	4.9544	0.2402	0.	6.7215e-005
366	4.3974	0.4902	0.	5.3252e-005
367	3.0055	5.2233	0.	9.2709e-005
368	2.486	5.2976	0.	1.0954e-004
369	2.8916	5.4396	5.e-002	6.5527e-006
370	2.8633	5.7198	0.	8.9032e-005
371	3.3358	5.4698	0.	7.0798e-005
372	2.9566	4.777	0.	1.082e-004
373	3.1195	5.007	5.e-002	2.2652e-006
374	3.4497	5.0035	0.	1.1332e-004
375	2.437	4.8513	0.	1.2819e-004
376	2.7937	4.5469	5.e-002	1.3481e-005
377	3.2868	4.5234	0.	1.5523e-004
378	5.2896	5.4128	0.	7.647e-005
379	4.698	5.278	0.	7.1814e-005
380	4.7688	5.4721	5.e-002	6.1874e-006
381	4.9148	5.736	0.	6.685e-005
382	4.3577	5.486	0.	5.0989e-005
383	6.15	4.7473	0.	9.8601e-005
384	5.8499	4.1559	0.	1.0801e-004
385	5.572	4.39	5.e-002	8.5772e-006
386	4.7593	4.195	0.	1.8638e-004
387	1.6682	4.8648	0.	1.3186e-004
388	2.0803	5.1556	5.e-002	4.6336e-006
389	1.9852	5.5778	0.	1.2839e-004
390	1.2339	3.9513	0.	1.4661e-004
391	1.2561	4.5741	5.e-002	5.2045e-006
392	1.1005	5.287	0.	1.386e-004
393	0.62803	4.687	0.	1.1993e-004
394	1.4396	1.0468	0.	1.3694e-004
395	1.0572	1.6889	0.	1.4907e-004
396	0.98367	1.1375	5.e-002	2.5669e-006
397	0.96434	0.56877	0.	1.3957e-004
398	0.49184	1.1688	0.	1.1943e-004
399	1.8955	0.95603	5.e-002	2.5849e-006
400	1.8928	0.47802	0.	1.3423e-004
401	1.1712	2.7844	0.	1.5393e-004
402	1.8837	3.1383	0.	1.483e-004
403	1.2117	3.3285	5.e-002	1.5912e-006
404	0.60583	3.4643	0.	1.2747e-004
405	1.1308	2.2402	5.e-002	1.7368e-006
406	0.5654	2.3201	0.	1.2777e-004
407	6.7041	2.8021	0.	8.7584e-005
408	7.3215	3.4268	0.	7.8708e-005
409	6.4011	3.6382	0.	9.9438e-005
410	6.6744	3.3544	5.e-002	3.6858e-006
411	6.1746	0.91723	0.	8.2692e-005
412	5.3417	0.95218	0.	9.4006e-005
413	5.7917	0.68549	5.e-002	1.7853e-006
414	5.9833	0.34274	0.	8.0616e-005
415	7.3152	1.1537	0.	8.0757e-005
416	6.6456	1.6993	0.	8.743e-005
417	6.5575	1.149	5.e-002	2.3967e-006
418	6.9232	0.57448	0.	8.4891e-005
419	8.704	1.1694	0.	6.9178e-005
420	8.021	1.7237	0.	7.4604e-005
421	8.073	1.1584	5.e-002	5.8791e-007
422	8.238	0.57921	0.	7.378e-005
423	9.9334	1.1842	0.	5.8242e-005
424	9.2878	1.7653	0.	6.2992e-005
425	9.335	1.1805	5.e-002	4.7563e-007
426	9.426	0.59023	0.	6.3071e-005
427	11.108	1.1855	0.	4.9275e-005
428	10.499	1.7685	0.	5.3615e-005
429	10.532	1.1879	5.e-002	7.3603e-007
430	10.581	0.59396	0.	5.3531e-005
431	12.256	1.1806	0.	4.1098e-005
432	11.67	1.7672	0.	4.4927e-005
433	11.684	1.183	5.e-002	6.1231e-007
434	11.714	0.59152	0.	4.4952e-005
435	13.391	1.1755	0.	3.3764e-005
436	12.821	1.7655	0.	3.7188e-005
437	12.829	1.1781	5.e-002	5.675e-007
438	12.844	0.58903	0.	3.7211e-005
439	14.509	1.1727	0.	2.7219e-005
440	13.951	1.7623	0.	3.0264e-005
441	13.954	1.173	5.e-002	5.0632e-007
442	13.964	0.58651	0.	3.0279e-005
443	15.625	1.1724	0.	2.1418e-005
444	15.063	1.7617	0.	2.4115e-005
445	15.064	1.1723	5.e-002	4.4732e-007
446	15.076	0.58615	0.	2.4102e-005
447	16.74	1.1736	0.	1.6338e-005
448	16.184	1.7627	0.	1.8683e-005
449	16.186	1.1724	5.e-002	3.9129e-007
450	16.194	0.58622	0.	1.8653e-005
451	17.853	1.1768	0.	1.198e-005
452	17.294	1.766	0.	1.3971e-005
453	17.295	1.1748	5.e-002	3.377e-007
454	17.305	0.5874	0.	1.3927e-005
455	18.965	1.182	0.	8.344e-006
456	18.409	1.7711	0.	9.9835e-006
457	18.41	1.1788	5.e-002	2.8164e-007
458	18.42	0.58942	0.	9.9263e-006
459	20.078	1.1871	0.	5.4283e-006
460	19.52	1.7777	0.	6.7225e-006
461	19.521	1.1851	5.e-002	2.2843e-007
462	19.532	0.59256	0.	6.6446e-006
463	21.195	1.189	0.	3.2297e-006
464	20.635	1.7836	0.	4.1911e-006
465	20.636	1.1892	5.e-002	1.7186e-007
466	20.647	0.59459	0.	4.081e-006
467	22.317	1.192	0.	1.7561e-006
468	21.752	1.7881	0.	2.4011e-006
469	21.755	1.1889	5.e-002	1.1848e-007
470	21.763	0.59443	0.	2.2213e-006
471	22.873	1.7941	0.	1.3745e-006
472	22.879	1.1951	5.e-002	7.6984e-008
473	22.883	0.59755	0.	1.0808e-006
474	23.44	1.1975	0.	1.013e-006
475	22.869	2.9975	0.	1.5552e-006
476	22.309	2.3903	0.	2.0349e-006
477	22.868	2.3932	5.e-002	7.4204e-008
478	23.434	2.3966	0.	1.3956e-006
479	22.873	4.1993	0.	1.3772e-006
480	22.309	3.5963	0.	2.0373e-006
481	22.869	3.6018	5.e-002	7.5083e-008
482	23.435	3.6009	0.	1.3961e-006
483	22.315	4.7949	0.	1.7623e-006
484	22.876	4.7969	5.e-002	7.881e-008
485	23.438	4.7985	0.	1.0166e-006
486	22.881	5.3985	0.	1.0839e-006
487	21.191	4.7921	0.	3.2375e-006
488	21.751	4.1918	0.	2.4051e-006
489	21.754	4.7928	5.e-002	1.2132e-007
490	21.763	5.3964	0.	2.2205e-006
491	20.071	4.7666	0.	5.4505e-006
492	20.631	4.1855	0.	4.2008e-006
493	20.629	4.7914	5.e-002	1.7662e-007
494	20.643	5.3957	0.	4.101e-006
495	18.956	4.7218	0.	8.3779e-006
496	19.517	4.1497	0.	6.7421e-006
497	19.513	4.7418	5.e-002	2.3548e-007
498	19.528	5.3709	0.	6.6706e-006
499	17.845	4.6918	0.	1.2013e-005
500	18.401	4.1177	0.	1.0012e-005
501	18.4	4.7019	5.e-002	2.9151e-007
502	18.415	5.3509	0.	9.9462e-006
503	16.736	4.678	0.	1.6356e-005
504	17.291	4.1011	0.	1.3994e-005
505	17.29	4.6816	5.e-002	3.4284e-007
506	17.303	5.3408	0.	1.3941e-005
507	15.627	4.6744	0.	2.141e-005
508	16.18	4.094	0.	1.8691e-005
509	16.182	4.6744	5.e-002	3.9705e-007
510	16.192	5.3372	0.	1.8652e-005
511	14.516	4.6751	0.	2.7179e-005
512	15.068	4.0926	0.	2.41e-005
513	15.072	4.6743	5.e-002	4.5041e-007
514	15.079	5.3372	0.	2.4085e-005
515	13.403	4.6783	0.	3.3671e-005
516	13.954	4.0945	0.	3.0231e-005
517	13.96	4.6759	5.e-002	5.1142e-007
518	13.967	5.338	0.	3.0236e-005
519	12.28	4.6985	0.	4.1007e-005
520	12.837	4.0977	0.	3.7078e-005
521	12.845	4.6806	5.e-002	5.8334e-007
522	12.852	5.3403	0.	3.7112e-005
523	11.12	4.7297	0.	4.9288e-005
524	11.705	4.117	0.	4.4845e-005
525	11.715	4.7163	5.e-002	6.7251e-007
526	11.73	5.3582	0.	4.4814e-005
527	9.9098	4.7409	0.	5.8514e-005
528	10.504	4.135	0.	5.3613e-005
529	10.526	4.743	5.e-002	4.9417e-007
530	10.578	5.3715	0.	5.3448e-005
531	8.5538	4.6984	0.	6.8134e-005
532	9.2523	4.139	0.	6.3442e-005
533	9.2937	4.7388	5.e-002	1.9777e-007
534	9.4054	5.3694	0.	6.2869e-005
535	7.2709	4.8814	0.	8.3046e-005
536	7.8912	4.0787	0.	7.2509e-005
537	6.9708	4.29	0.	9.2974e-005
538	7.814	4.6581	5.e-002	1.4323e-006
539	8.1085	5.329	0.	7.3351e-005
540	6.2692	5.2291	0.	8.8709e-005
541	6.7279	5.1046	5.e-002	1.6863e-006
542	7.0084	5.5523	0.	8.9022e-005
543	5.8104	5.3536	5.e-002	3.5239e-006
544	5.9926	5.6768	0.	8.6008e-005
545	7.3515	2.2693	0.	8.1414e-005
546	6.1316	2.297	0.	1.0162e-004
547	6.7338	2.2497	5.e-002	2.657e-006
548	8.6049	2.3195	0.	6.8416e-005
549	7.9688	2.8941	0.	7.2835e-005
550	7.9691	2.2889	5.e-002	1.5656e-006
551	9.8533	2.3496	0.	5.8393e-005
552	9.2258	2.9447	0.	6.3366e-005
553	9.2406	2.3502	5.e-002	1.0009e-006
554	11.061	2.3502	0.	4.9303e-005
555	10.474	2.938	0.	5.3654e-005
556	10.466	2.349	5.e-002	8.3954e-007
557	12.235	2.3522	0.	4.1068e-005
558	11.676	2.9345	0.	4.4863e-005
559	11.657	2.3514	5.e-002	5.3684e-007
560	13.381	2.3523	0.	3.3749e-005
561	12.821	2.9339	0.	3.7131e-005
562	12.813	2.353	5.e-002	5.3222e-007
563	14.505	2.3514	0.	2.7226e-005
564	13.948	2.9323	0.	3.0258e-005
565	13.948	2.3516	5.e-002	5.0303e-007
566	15.621	2.3521	0.	2.1449e-005
567	15.063	2.931	0.	2.4122e-005
568	15.061	2.3512	5.e-002	4.5512e-007
569	16.737	2.355	0.	1.6386e-005
570	16.18	2.9334	0.	1.871e-005
571	16.182	2.353	5.e-002	3.9781e-007
572	17.851	2.3602	0.	1.2044e-005
573	17.292	2.9388	0.	1.4009e-005
574	17.293	2.3571	5.e-002	3.4216e-007
575	18.964	2.3668	0.	8.4301e-006
576	18.405	2.9485	0.	1.0033e-005
577	18.408	2.3633	5.e-002	2.8629e-007
578	20.077	2.3741	0.	5.5491e-006
579	19.521	2.964	0.	6.7797e-006
580	19.52	2.3702	5.e-002	2.3037e-007
581	21.192	2.3827	0.	3.4117e-006
582	20.634	2.9788	0.	4.2725e-006
583	20.634	2.378	5.e-002	1.7126e-007
584	21.749	2.9891	0.	2.5273e-006
585	21.749	2.3873	5.e-002	1.1815e-007
586	21.191	3.5852	0.	3.417e-006
587	21.748	3.5908	5.e-002	1.1652e-007
588	20.078	3.5687	0.	5.5537e-006
589	20.634	3.5797	5.e-002	1.6748e-007
590	18.962	3.5456	0.	8.4418e-006
591	19.522	3.5577	5.e-002	2.2472e-007
592	17.846	3.5271	0.	1.206e-005
593	18.401	3.5336	5.e-002	2.8985e-007
594	16.734	3.5171	0.	1.6396e-005
595	17.291	3.5205	5.e-002	3.4655e-007
596	15.621	3.5123	0.	2.1447e-005
597	16.178	3.5137	5.e-002	4.0076e-007
598	14.506	3.5119	0.	2.7216e-005
599	15.064	3.5108	5.e-002	4.5145e-007
600	13.389	3.5139	0.	3.3698e-005
601	13.948	3.513	5.e-002	5.1082e-007
602	12.263	3.5162	0.	4.0976e-005
603	12.83	3.5147	5.e-002	5.9415e-007
604	11.089	3.5223	0.	4.9246e-005
605	11.696	3.5177	5.e-002	6.9456e-007
606	9.8468	3.5331	0.	5.8645e-005
607	10.483	3.527	5.e-002	6.7057e-007
608	8.5897	3.5193	0.	6.7859e-005
609	9.2109	3.5393	5.e-002	4.8929e-007
610	7.9685	3.4992	5.e-002	1.4987e-006
611	4.6273	5.0839	5.e-002	2.576e-007
612	4.287	5.042	0.	8.9751e-005
613	2.9846	1.161	5.e-002	7.0335e-006
614	3.3823	1.0805	0.	1.4331e-004
615	3.0496	3.0667	0.	1.7313e-004
616	2.5556	2.948	5.e-002	1.0376e-005
617	3.1678	2.474	0.	2.3311e-004
618	4.7501	1.0559	0.	8.7085e-005
619	4.6085	0.89299	5.e-002	3.8919e-007
620	4.2776	0.9465	0.	8.3614e-005
621	4.8918	1.2189	5.e-002	1.5253e-005
622	4.4192	1.3594	0.	1.1569e-004
623	4.8633	2.3532	0.	1.2988e-004
624	4.1974	2.362	5.e-002	6.208e-006
625	4.072	2.181	0.	2.162e-004
626	3.8642	3.2697	0.	1.7542e-004
627	3.5436	3.1854	5.e-002	1.1202e-005
628	3.6618	3.5927	0.	2.5633e-004
629	5.1562	3.638	0.	1.293e-004
630	4.1847	3.3541	5.e-002	1.2208e-005
631	4.0657	3.677	0.	2.1007e-004
632	5.5293	2.3443	5.e-002	7.0685e-006
633	6.1277	3.9219	5.e-002	5.4495e-006
634	5.1562	3.638	0.1	1.293e-004
635	6.9708	4.29	0.1	9.2974e-005
636	6.4011	3.6382	0.1	9.9438e-005
637	5.8499	4.1559	0.1	1.0801e-004
638	4.8633	2.3532	0.1	1.2988e-004
639	6.1316	2.297	0.1	1.0162e-004
640	5.4474	2.0208	0.1	1.091e-004
641	5.4556	2.662	0.1	1.2425e-004
642	3.8642	3.2697	0.1	1.7542e-004
643	4.7833	3.1669	0.1	1.3746e-004
644	4.0657	3.677	0.1	2.1007e-004
645	3.0496	3.0667	0.1	1.7313e-004
646	3.8319	2.9697	0.1	1.9472e-004
647	3.6618	3.5927	0.1	2.5633e-004
648	4.1588	2.558	0.1	1.6226e-004
649	4.072	2.181	0.1	2.162e-004
650	4.7501	1.0559	0.1	8.7085e-005
651	5.3417	0.95218	0.1	9.4006e-005
652	5.1286	1.4581	0.1	1.0574e-004
653	4.4192	1.3594	0.1	1.1569e-004
654	4.7283	0.6867	0.1	7.1238e-005
655	4.2776	0.9465	0.1	8.3614e-005
656	1.8837	3.1383	0.1	1.483e-004
657	2.4394	2.4237	0.1	1.3365e-004
658	2.5005	3.4497	0.1	1.4186e-004
659	3.1678	2.474	0.1	2.3311e-004
660	2.6539	1.5302	0.1	1.1362e-004
661	2.8876	0.9204	0.1	1.019e-004
662	3.3823	1.0805	0.1	1.4331e-004
663	4.698	5.278	0.1	7.1814e-005
664	4.8295	4.9242	0.1	8.7895e-005
665	4.287	5.042	0.1	8.9751e-005
666	8.5897	3.5193	0.1	6.7859e-005
667	7.9688	2.8941	0.1	7.2835e-005
668	7.8912	4.0787	0.1	7.2509e-005
669	7.3215	3.4268	0.1	7.8708e-005
670	9.8468	3.5331	0.1	5.8645e-005
671	9.2258	2.9447	0.1	6.3366e-005
672	9.2523	4.139	0.1	6.3442e-005
673	11.089	3.5223	0.1	4.9246e-005
674	10.474	2.938	0.1	5.3654e-005
675	10.504	4.135	0.1	5.3613e-005
676	12.263	3.5162	0.1	4.0976e-005
677	11.676	2.9345	0.1	4.4863e-005
678	11.705	4.117	0.1	4.4845e-005
679	13.389	3.5139	0.1	3.3698e-005
680	12.821	2.9339	0.1	3.7131e-005
681	12.837	4.0977	0.1	3.7078e-005
682	14.506	3.5119	0.1	2.7216e-005
683	13.948	2.9323	0.1	3.0258e-005
684	13.954	4.0945	0.1	3.0231e-005
685	15.621	3.5123	0.1	2.1447e-005
686	15.063	2.931	0.1	2.4122e-005
687	15.068	4.0926	0.1	2.41e-005
688	16.734	3.5171	0.1	1.6396e-005
689	16.18	2.9334	0.1	1.871e-005
690	16.18	4.094	0.1	1.8691e-005
691	17.846	3.5271	0.1	1.206e-005
692	17.292	2.9388	0.1	1.4009e-005
693	17.291	4.1011	0.1	1.3994e-005
694	18.962	3.5456	0.1	8.4418e-006
695	18.405	2.9485	0.1	1.0033e-005
696	18.401	4.1177	0.1	1.0012e-005
697	20.078	3.5687	0.1	5.5537e-006
698	19.521	2.964	0.1	6.7797e-006
699	19.517	4.1497	0.1	6.7421e-006
700	21.191	3.5852	0.1	3.417e-006
701	20.634	2.9788	0.1	4.2725e-006
702	20.631	4.1855	0.1	4.2008e-006
703	21.749	2.9891	0.1	2.5273e-006
704	21.751	4.1918	0.1	2.4051e-006
705	22.309	3.5963	0.1	2.0373e-006
706	21.192	2.3827	0.1	3.4117e-006
707	22.309	2.3903	0.1	2.0349e-006
708	21.752	1.7881	0.1	2.4011e-006
709	20.077	2.3741	0.1	5.5491e-006
710	20.635	1.7836	0.1	4.1911e-006
711	18.964	2.3668	0.1	8.4301e-006
712	19.52	1.7777	0.1	6.7225e-006
713	17.851	2.3602	0.1	1.2044e-005
714	18.409	1.7711	0.1	9.9835e-006
715	16.737	2.355	0.1	1.6386e-005
716	17.294	1.766	0.1	1.3971e-005
717	15.621	2.3521	0.1	2.1449e-005
718	16.184	1.7627	0.1	1.8683e-005
719	14.505	2.3514	0.1	2.7226e-005
720	15.063	1.7617	0.1	2.4115e-005
721	13.381	2.3523	0.1	3.3749e-005
722	13.951	1.7623	0.1	3.0264e-005
723	12.235	2.3522	0.1	4.1068e-005
724	12.821	1.7655	0.1	3.7188e-005
725	11.061	2.3502	0.1	4.9303e-005
726	11.67	1.7672	0.1	4.4927e-005
727	9.8533	2.3496	0.1	5.8393e-005
728	10.499	1.7685	0.1	5.3615e-005
729	8.6049	2.3195	0.1	6.8416e-005
730	9.2878	1.7653	0.1	6.2992e-005
731	7.3515	2.2693	0.1	8.1414e-005
732	8.021	1.7237	0.1	7.4604e-005
733	6.6456	1.6993	0.1	8.743e-005
734	6.7041	2.8021	0.1	8.7584e-005
735	6.2692	5.2291	0.1	8.8709e-005
736	5.2896	5.4128	0.1	7.647e-005
737	5.4211	5.059	0.1	9.5015e-005
738	5.9926	5.6768	0.1	8.6008e-005
739	7.2709	4.8814	0.1	8.3046e-005
740	6.15	4.7473	0.1	9.8601e-005
741	7.0084	5.5523	0.1	8.9022e-005
742	8.5538	4.6984	0.1	6.8134e-005
743	8.1085	5.329	0.1	7.3351e-005
744	9.9098	4.7409	0.1	5.8514e-005
745	9.4054	5.3694	0.1	6.2869e-005
746	11.12	4.7297	0.1	4.9288e-005
747	10.578	5.3715	0.1	5.3448e-005
748	12.28	4.6985	0.1	4.1007e-005
749	11.73	5.3582	0.1	4.4814e-005
750	13.403	4.6783	0.1	3.3671e-005
751	12.852	5.3403	0.1	3.7112e-005
752	14.516	4.6751	0.1	2.7179e-005
753	13.967	5.338	0.1	3.0236e-005
754	15.627	4.6744	0.1	2.141e-005
755	15.079	5.3372	0.1	2.4085e-005
756	16.736	4.678	0.1	1.6356e-005
757	16.192	5.3372	0.1	1.8652e-005
758	17.845	4.6918	0.1	1.2013e-005
759	17.303	5.3408	0.1	1.3941e-005
760	18.956	4.7218	0.1	8.3779e-006
761	18.415	5.3509	0.1	9.9462e-006
762	20.071	4.7666	0.1	5.4505e-006
763	19.528	5.3709	0.1	6.6706e-006
764	21.191	4.7921	0.1	3.2375e-006
765	20.643	5.3957	0.1	4.101e-006
766	22.315	4.7949	0.1	1.7623e-006
767	21.763	5.3964	0.1	2.2205e-006
768	22.873	4.1993	0.1	1.3772e-006
769	22.881	5.3985	0.1	1.0839e-006
770	23.438	4.7985	0.1	1.0166e-006
771	22.869	2.9975	0.1	1.5552e-006
772	23.435	3.6009	0.1	1.3961e-006
773	22.873	1.7941	0.1	1.3745e-006
774	23.434	2.3966	0.1	1.3956e-006
775	22.317	1.192	0.1	1.7561e-006
776	23.44	1.1975	0.1	1.013e-006
777	22.883	0.59755	0.1	1.0808e-006
778	21.195	1.189	0.1	3.2297e-006
779	21.763	0.59443	0.1	2.2213e-006
780	20.078	1.1871	0.1	5.4283e-006
781	20.647	0.59459	0.1	4.081e-006
782	18.965	1.182	0.1	8.3441e-006
783	19.532	0.59256	0.1	6.6446e-006
784	17.853	1.1768	0.1	1.198e-005
785	18.42	0.58942	0.1	9.9263e-006
786	16.74	1.1736	0.1	1.6338e-005
787	17.305	0.5874	0.1	1.3927e-005
788	15.625	1.1724	0.1	2.1418e-005
789	16.194	0.58622	0.1	1.8653e-005
790	14.509	1.1727	0.1	2.7219e-005
791	15.076	0.58615	0.1	2.4102e-005
792	13.391	1.1755	0.1	3.3764e-005
793	13.964	0.58651	0.1	3.0279e-005
794	12.256	1.1806	0.1	4.1098e-005
795	12.844	0.58903	0.1	3.7211e-005
796	11.108	1.1855	0.1	4.9275e-005
797	11.714	0.59152	0.1	4.4952e-005
798	9.9334	1.1842	0.1	5.8242e-005
799	10.581	0.59396	0.1	5.3531e-005
800	8.704	1.1694	0.1	6.9178e-005
801	9.426	0.59023	0.1	6.3071e-005
802	7.3152	1.1537	0.1	8.0757e-005
803	8.238	0.57921	0.1	7.378e-005
804	6.1746	0.91723	0.1	8.2692e-005
805	5.9615	1.4232	0.1	9.3966e-005
806	6.9232	0.57448	0.1	8.4891e-005
807	5.3199	0.58295	0.1	7.5239e-005
808	5.9833	0.34274	0.1	8.0616e-005
809	6.0282	3.1671	0.1	1.0909e-004
810	1.1712	2.7844	0.1	1.5393e-004
811	1.0572	1.6889	0.1	1.4907e-004
812	1.727	2.0698	0.1	1.3745e-004
813	0.5654	2.3201	0.1	1.2777e-004
814	1.2339	3.9513	0.1	1.4661e-004
815	0.60583	3.4643	0.1	1.2747e-004
816	1.4396	1.0468	0.1	1.3694e-004
817	2.1093	1.4277	0.1	1.2759e-004
818	2.343	0.8179	0.1	1.1528e-004
819	1.8928	0.47802	0.1	1.3423e-004
820	0.49184	1.1688	0.1	1.1943e-004
821	0.96434	0.56877	0.1	1.3957e-004
822	1.6682	4.8648	0.1	1.3186e-004
823	1.8507	4.2627	0.1	1.4023e-004
824	0.62803	4.687	0.1	1.1993e-004
825	1.1005	5.287	0.1	1.386e-004
826	2.437	4.8513	0.1	1.2819e-004
827	2.486	5.2976	0.1	1.0954e-004
828	1.9852	5.5778	0.1	1.2839e-004
829	5.3019	4.5772	0.1	1.0559e-004
830	4.7593	4.195	0.1	1.8638e-004
831	4.3577	5.486	0.1	5.0989e-005
832	4.9148	5.736	0.1	6.685e-005
833	2.9566	4.777	0.1	1.082e-004
834	2.6195	4.2492	0.1	1.3521e-004
835	3.2868	4.5234	0.1	1.5523e-004
836	3.0055	5.2233	0.1	9.2709e-005
837	3.4497	5.0035	0.1	1.1332e-004
838	3.3358	5.4698	0.1	7.0798e-005
839	2.8633	5.7198	0.1	8.9032e-005
840	4.3974	0.4902	0.1	5.3252e-005
841	4.9544	0.2402	0.1	6.7215e-005
842	3.0516	1.6997	0.1	1.4995e-004
843	3.2853	0.58989	0.1	8.4535e-005
844	2.8128	0.33989	0.1	9.4623e-005
845	4.4892	4.6322	0.1	1.1355e-004
846	3.1127	3.9757	0.1	2.2681e-004
847	4.751	2.8669	0.1	1.565e-004
848	3.9501	2.377	0.1	2.4871e-004
849	4.6561	1.8487	0.1	1.9409e-004
850	3.9467	5.25	0.1	7.703e-005
851	3.9467	5.75	0.1	3.4968e-005
852	3.9467	5.5	5.e-002	5.7773e-006
853	3.9467	4.75	0.1	1.3154e-004
854	3.9467	5.	5.e-002	3.0399e-005
855	3.9467	4.25	0.1	1.9545e-004
856	3.9467	4.5	5.e-002	9.7423e-006
857	3.8633	4.	0.1	2.6298e-004
858	3.9467	4.	5.e-002	1.2671e-005
859	3.78	4.25	0.1	2.4735e-004
860	3.78	4.	5.e-002	9.6676e-006
861	3.78	4.75	0.1	1.7355e-004
862	3.78	4.5	5.e-002	1.8195e-005
863	3.78	5.25	0.1	9.912e-005
864	3.78	5.	5.e-002	3.279e-005
865	3.78	5.75	0.1	4.3884e-005
866	3.78	5.5	5.e-002	8.7797e-006
867	3.9467	0.75	0.1	7.1099e-005
868	3.9467	0.25	0.1	3.657e-005
869	3.9467	0.5	5.e-002	5.4956e-006
870	3.9467	1.25	0.1	1.3241e-004
871	3.9467	1.	5.e-002	2.6845e-005
872	3.9467	1.75	0.1	2.0842e-004
873	3.9467	1.5	5.e-002	1.7176e-005
874	3.8633	2.	0.1	2.8716e-004
875	3.9467	2.	5.e-002	7.372e-006
876	3.78	1.75	0.1	2.4493e-004
877	3.78	2.	5.e-002	2.8425e-005
878	3.78	1.25	0.1	1.8495e-004
879	3.78	1.5	5.e-002	2.4108e-005
880	3.78	0.75	0.1	1.3941e-004
881	3.78	1.	5.e-002	3.8502e-005
882	3.78	0.25	0.1	6.0288e-005
883	3.78	0.5	5.e-002	1.5445e-005
884	4.5037	6.	0.1	5.121e-005
885	3.9467	6.	5.e-002	4.1551e-006
886	5.6178	6.	0.1	7.4935e-005
887	5.0607	6.	5.e-002	1.0464e-006
888	6.7319	6.	0.1	8.6321e-005
889	6.1748	6.	5.e-002	1.3514e-006
890	7.8459	6.	0.1	7.9441e-005
891	7.2889	6.	5.e-002	3.1194e-006
892	8.96	6.	0.1	6.8084e-005
893	8.403	6.	5.e-002	2.1405e-006
894	10.074	6.	0.1	5.7829e-005
895	9.517	6.	5.e-002	1.4536e-006
896	11.188	6.	0.1	4.905e-005
897	10.631	6.	5.e-002	1.0845e-006
898	12.302	6.	0.1	4.1001e-005
899	11.745	6.	5.e-002	1.117e-006
900	13.416	6.	0.1	3.3759e-005
901	12.859	6.	5.e-002	1.0952e-006
902	14.53	6.	0.1	2.7226e-005
903	13.973	6.	5.e-002	1.0379e-006
904	15.644	6.	0.1	2.1411e-005
905	15.087	6.	5.e-002	9.3526e-007
906	16.759	6.	0.1	1.6319e-005
907	16.201	6.	5.e-002	8.1593e-007
908	17.873	6.	0.1	1.1952e-005
909	17.316	6.	5.e-002	6.9696e-007
910	18.987	6.	0.1	8.3108e-006
911	18.43	6.	5.e-002	5.88e-007
912	20.101	6.	0.1	5.3881e-006
913	19.544	6.	5.e-002	4.9035e-007
914	21.215	6.	0.1	3.1445e-006
915	20.658	6.	5.e-002	3.8971e-007
916	22.329	6.	0.1	1.5848e-006
917	21.772	6.	5.e-002	2.5146e-007
918	23.443	6.	0.1	7.1733e-007
919	22.886	6.	5.e-002	1.331e-007
920	24.	5.4	0.1	6.2938e-007
921	24.	6.	5.e-002	2.5894e-008
922	24.	4.2	0.1	1.0329e-006
923	24.	4.8	5.e-002	5.1831e-008
924	24.	3.	0.1	1.2379e-006
925	24.	3.6	5.e-002	5.5802e-008
926	24.	1.8	0.1	1.0322e-006
927	24.	2.4	5.e-002	5.4742e-008
928	24.	0.6	0.1	6.275e-007
929	24.	1.2	5.e-002	5.1005e-008
930	1.5735e-014	1.8	0.1	1.0183e-004
931	5.2451e-015	0.6	0.1	8.2147e-005
932	1.0632e-014	1.2	5.e-002	6.2438e-006
933	2.6226e-014	3.	0.1	1.0547e-004
934	2.1264e-014	2.4	5.e-002	7.2861e-007
935	3.6716e-014	4.2	0.1	1.0433e-004
936	3.1897e-014	3.6	5.e-002	2.9833e-006
937	4.7206e-014	5.4	0.1	8.5054e-005
938	4.2529e-014	4.8	5.e-002	3.317e-006
939	23.443	0.	0.1	7.1617e-007
940	24.	0.	5.e-002	2.7085e-008
941	22.329	0.	0.1	1.5894e-006
942	22.886	0.	5.e-002	1.3366e-007
943	21.215	0.	0.1	3.1278e-006
944	21.772	0.	5.e-002	2.4589e-007
945	20.101	0.	0.1	5.3562e-006
946	20.658	0.	5.e-002	3.7369e-007
947	18.987	0.	0.1	8.288e-006
948	19.544	0.	5.e-002	4.996e-007
949	17.873	0.	0.1	1.1936e-005
950	18.43	0.	5.e-002	6.2537e-007
951	16.759	0.	0.1	1.6306e-005
952	17.316	0.	5.e-002	7.5325e-007
953	15.644	0.	0.1	2.1401e-005
954	16.201	0.	5.e-002	8.7491e-007
955	14.53	0.	0.1	2.7224e-005
956	15.087	0.	5.e-002	9.9526e-007
957	13.416	0.	0.1	3.3785e-005
958	13.973	0.	5.e-002	1.1138e-006
959	12.302	0.	0.1	4.1128e-005
960	12.859	0.	5.e-002	1.2379e-006
961	11.188	0.	0.1	4.9279e-005
962	11.745	0.	5.e-002	1.3433e-006
963	10.074	0.	0.1	5.8427e-005
964	10.631	0.	5.e-002	1.2475e-006
965	8.96	0.	0.1	6.7595e-005
966	9.517	0.	5.e-002	7.3935e-007
967	7.8459	0.	0.1	7.7887e-005
968	8.403	0.	5.e-002	8.2872e-007
969	6.7319	0.	0.1	8.2938e-005
970	7.2889	0.	5.e-002	4.336e-006
971	5.6178	0.	0.1	7.1185e-005
972	6.1748	0.	5.e-002	3.0265e-006
973	4.5037	0.	0.1	5.0251e-005
974	5.0607	0.	5.e-002	1.687e-006
975	3.9467	0.	5.e-002	5.7308e-006
976	3.3075	7.4308e-031	0.1	6.8001e-005
977	3.78	8.4923e-031	5.e-002	9.0871e-006
978	2.3625	5.3077e-031	0.1	1.1332e-004
979	2.835	0.	5.e-002	8.362e-007
980	1.4175	3.1846e-031	0.1	1.3651e-004
981	1.89	0.	5.e-002	4.7518e-006
982	0.4725	1.0615e-031	0.1	1.0124e-004
983	0.945	0.	5.e-002	3.5617e-006
984	0.	0.	5.e-002	3.5718e-005
985	0.4725	6.	0.1	1.0305e-004
986	5.2451e-014	6.	5.e-002	2.6657e-005
987	1.4175	6.	0.1	1.3514e-004
988	0.945	6.	5.e-002	2.6032e-006
989	2.3625	6.	0.1	1.0764e-004
990	1.89	6.	5.e-002	5.464e-006
991	3.3075	6.	0.1	6.1932e-005
992	2.835	6.	5.e-002	1.2221e-006
993	3.78	6.	5.e-002	1.0981e-005
994	2.3625	6.	0.	1.0764e-004
995	3.3075	6.	0.	6.1932e-005
996	1.4175	6.	0.	1.3514e-004
997	0.4725	6.	0.	1.0305e-004
998	3.78	5.75	0.	4.3884e-005
999	4.7206e-014	5.4	0.	8.5054e-005
1000	1.4175	3.1846e-031	0.	1.3651e-004
1001	0.4725	1.0615e-031	0.	1.0124e-004
1002	2.3625	5.3077e-031	0.	1.1332e-004
1003	3.3075	7.4308e-031	0.	6.8001e-005
1004	3.78	0.25	0.	6.0288e-005
1005	5.2451e-015	0.6	0.	8.2147e-005
1006	5.6178	0.	0.	7.1185e-005
1007	4.5037	0.	0.	5.0251e-005
1008	6.7319	0.	0.	8.2938e-005
1009	7.8459	0.	0.	7.7887e-005
1010	8.96	0.	0.	6.7595e-005
1011	10.074	0.	0.	5.8427e-005
1012	11.188	0.	0.	4.9279e-005
1013	12.302	0.	0.	4.1128e-005
1014	13.416	0.	0.	3.3785e-005
1015	14.53	0.	0.	2.7224e-005
1016	15.644	0.	0.	2.1401e-005
1017	16.759	0.	0.	1.6306e-005
1018	17.873	0.	0.	1.1936e-005
1019	18.987	0.	0.	8.288e-006
1020	20.101	0.	0.	5.3562e-006
1021	21.215	0.	0.	3.1278e-006
1022	22.329	0.	0.	1.5894e-006
1023	23.443	0.	0.	7.1617e-007
1024	3.9467	0.25	0.	3.657e-005
1025	24.	0.6	0.	6.275e-007
1026	3.6716e-014	4.2	0.	1.0433e-004
1027	2.6226e-014	3.	0.	1.0547e-004
1028	1.5735e-014	1.8	0.	1.0183e-004
1029	24.	1.8	0.	1.0322e-006
1030	24.	3.	0.	1.2379e-006
1031	24.	4.2	0.	1.0329e-006
1032	24.	5.4	0.	6.2938e-007
1033	23.443	6.	0.	7.1733e-007
1034	22.329	6.	0.	1.5848e-006
1035	21.215	6.	0.	3.1445e-006
1036	20.101	6.	0.	5.3881e-006
1037	18.987	6.	0.	8.3108e-006
1038	17.873	6.	0.	1.1952e-005
1039	16.759	6.	0.	1.6319e-005
1040	15.644	6.	0.	2.1411e-005
1041	14.53	6.	0.	2.7226e-005
1042	13.416	6.	0.	3.3759e-005
1043	12.302	6.	0.	4.1001e-005
1044	11.188	6.	0.	4.905e-005
1045	10.074	6.	0.	5.7829e-005
1046	8.96	6.	0.	6.8084e-005
1047	7.8459	6.	0.	7.9441e-005
1048	6.7319	6.	0.	8.6321e-005
1049	5.6178	6.	0.	7.4935e-005
1050	4.5037	6.	0.	5.121e-005
1051	3.9467	5.75	0.	3.4968e-005
1052	3.78	1.25	0.	1.8495e-004
1053	3.78	1.75	0.	2.4493e-004
1054	3.78	0.75	0.	1.3941e-004
1055	3.8633	2.	0.	2.8716e-004
1056	3.9467	0.75	0.	7.1099e-005
1057	3.9467	1.25	0.	1.3241e-004
1058	3.9467	1.75	0.	2.0842e-004
1059	3.78	4.75	0.	1.7355e-004
1060	3.78	4.25	0.	2.4735e-004
1061	3.78	5.25	0.	9.912e-005
1062	3.8633	4.	0.	2.6298e-004
1063	3.9467	5.25	0.	7.703e-005
1064	3.9467	4.75	0.	1.3154e-004
1065	3.9467	4.25	0.	1.9545e-004
