Node Number	X Location (in)	Y Location (in)	Z Location (in)	Middle Principal Elastic Strain (in/in)
1	3.4766	2.6071	0.	4.1444e-005
2	1.5915	5.2393	0.	1.9041e-005
3	3.3952	5.4476	0.	2.0848e-005
4	1.0182	0.85759	0.	1.3751e-005
5	1.1545	2.1929	0.	-9.339e-006
6	3.4929	0.56733	0.	2.2108e-005
7	0.90238	4.8904	0.	1.6482e-005
8	4.4987	0.83071	0.	3.2663e-005
9	5.5062	1.0597	0.	2.6964e-005
10	6.6838	1.1398	0.	2.6258e-005
11	7.8416	1.1899	0.	2.3798e-005
12	9.0235	1.2046	0.	2.1314e-005
13	10.21	1.1913	0.	1.8364e-005
14	11.383	1.1855	0.	1.5311e-005
15	12.54	1.1844	0.	1.257e-005
16	13.689	1.1845	0.	1.0103e-005
17	14.834	1.1834	0.	7.9298e-006
18	15.98	1.1827	0.	6.0089e-006
19	17.131	1.1778	0.	4.3528e-006
20	18.274	1.1795	0.	2.9466e-006
21	19.419	1.1788	0.	1.8104e-006
22	20.562	1.1918	0.	9.1898e-007
23	21.708	1.1976	0.	2.8229e-007
24	22.859	1.1915	0.	-9.6029e-008
25	22.837	2.3969	0.	-2.3885e-007
26	22.818	3.5969	0.	-2.3735e-007
27	22.809	4.7994	0.	-8.3109e-008
28	21.618	4.7927	0.	3.2537e-007
29	20.434	4.7949	0.	1.0096e-006
30	19.251	4.7932	0.	1.9635e-006
31	18.067	4.7908	0.	3.1836e-006
32	16.885	4.7887	0.	4.6774e-006
33	15.702	4.7872	0.	6.4429e-006
34	14.518	4.7864	0.	8.4866e-006
35	13.333	4.7857	0.	1.081e-005
36	12.143	4.766	0.	1.3453e-005
37	10.936	4.7585	0.	1.641e-005
38	9.7225	4.7468	0.	1.9607e-005
39	8.4815	4.7492	0.	2.1981e-005
40	7.137	4.7409	0.	2.4916e-005
41	5.6148	4.6386	0.	2.0691e-005
42	4.3783	5.2402	0.	2.9075e-005
43	5.0937	2.1044	0.	2.3269e-005
44	6.3137	2.2912	0.	2.6343e-005
45	7.549	2.3741	0.	2.3839e-005
46	8.7952	2.3883	0.	2.1228e-005
47	10.018	2.3806	0.	1.8736e-005
48	11.217	2.3689	0.	1.5639e-005
49	12.406	2.3715	0.	1.278e-005
50	13.569	2.3787	0.	1.0229e-005
51	14.73	2.3783	0.	7.9958e-006
52	15.89	2.3773	0.	6.028e-006
53	17.047	2.3777	0.	4.3354e-006
54	18.204	2.3797	0.	2.9061e-006
55	19.359	2.3839	0.	1.733e-006
56	20.515	2.39	0.	8.2187e-007
57	21.671	2.3895	0.	1.7286e-007
58	21.646	3.5966	0.	1.8369e-007
59	20.47	3.5855	0.	8.5353e-007
60	19.302	3.5922	0.	1.7879e-006
61	18.134	3.589	0.	2.9836e-006
62	16.965	3.5868	0.	4.4489e-006
63	15.794	3.5857	0.	6.1876e-006
64	14.623	3.5855	0.	8.194e-006
65	13.449	3.5822	0.	1.0505e-005
66	11.07	3.5672	0.	1.6062e-005
67	9.856	3.5584	0.	1.8946e-005
68	8.5978	3.5614	0.	2.1472e-005
69	7.2669	3.5562	0.	2.3489e-005
70	12.263	3.5738	0.	1.3112e-005
71	3.1523	5.0677	0.	2.2905e-005
72	3.7062	4.661	0.	2.2687e-005
73	4.0707	4.0676	0.	2.2205e-005
74	1.0084	1.6847	0.	4.3347e-006
75	1.6818	4.7597	0.	1.7136e-005
76	1.2354	3.9448	0.	9.8057e-006
77	1.791	3.579	0.	2.4859e-005
78	3.2177	0.98404	0.	2.3681e-005
79	3.875	1.7351	0.	2.9362e-005
80	4.6108	3.157	0.	3.0853e-005
81	5.9086	3.4342	0.	2.4929e-005
82	5.9086	3.4342	0.1	-2.4929e-005
83	4.6108	3.157	0.1	-3.0853e-005
84	3.875	1.7351	0.1	-2.9362e-005
85	3.2177	0.98404	0.1	-2.3681e-005
86	1.791	3.579	0.1	-2.4859e-005
87	1.2354	3.9448	0.1	-9.8057e-006
88	1.6818	4.7597	0.1	-1.7136e-005
89	1.0084	1.6847	0.1	-4.3347e-006
90	4.0707	4.0676	0.1	-2.2205e-005
91	3.7062	4.661	0.1	-2.2687e-005
92	3.1523	5.0677	0.1	-2.2905e-005
93	12.263	3.5738	0.1	-1.3112e-005
94	7.2669	3.5562	0.1	-2.3489e-005
95	8.5978	3.5614	0.1	-2.1472e-005
96	9.856	3.5584	0.1	-1.8946e-005
97	11.07	3.5672	0.1	-1.6062e-005
98	13.449	3.5822	0.1	-1.0505e-005
99	14.623	3.5855	0.1	-8.194e-006
100	15.794	3.5857	0.1	-6.1876e-006
101	16.965	3.5868	0.1	-4.4489e-006
102	18.134	3.589	0.1	-2.9836e-006
103	19.302	3.5922	0.1	-1.7879e-006
104	20.47	3.5855	0.1	-8.5353e-007
105	21.646	3.5966	0.1	-1.8369e-007
106	21.671	2.3895	0.1	-1.7286e-007
107	20.515	2.39	0.1	-8.2187e-007
108	19.359	2.3839	0.1	-1.733e-006
109	18.204	2.3797	0.1	-2.9061e-006
110	17.047	2.3777	0.1	-4.3354e-006
111	15.89	2.3773	0.1	-6.028e-006
112	14.73	2.3783	0.1	-7.9958e-006
113	13.569	2.3787	0.1	-1.0229e-005
114	12.406	2.3715	0.1	-1.278e-005
115	11.217	2.3689	0.1	-1.5639e-005
116	10.018	2.3806	0.1	-1.8736e-005
117	8.7952	2.3883	0.1	-2.1228e-005
118	7.549	2.3741	0.1	-2.3839e-005
119	6.3137	2.2912	0.1	-2.6343e-005
120	5.0937	2.1044	0.1	-2.3269e-005
121	4.3783	5.2402	0.1	-2.9075e-005
122	5.6148	4.6386	0.1	-2.0691e-005
123	7.137	4.7409	0.1	-2.4916e-005
124	8.4815	4.7492	0.1	-2.1981e-005
125	9.7225	4.7468	0.1	-1.9607e-005
126	10.936	4.7585	0.1	-1.641e-005
127	12.143	4.766	0.1	-1.3453e-005
128	13.333	4.7857	0.1	-1.081e-005
129	14.518	4.7864	0.1	-8.4866e-006
130	15.702	4.7872	0.1	-6.4429e-006
131	16.885	4.7887	0.1	-4.6774e-006
132	18.067	4.7908	0.1	-3.1836e-006
133	19.251	4.7932	0.1	-1.9635e-006
134	20.434	4.7949	0.1	-1.0096e-006
135	21.618	4.7927	0.1	-3.2537e-007
136	22.809	4.7994	0.1	8.3109e-008
137	22.818	3.5969	0.1	2.3735e-007
138	22.837	2.3969	0.1	2.3885e-007
139	22.859	1.1915	0.1	9.6029e-008
140	21.708	1.1976	0.1	-2.8229e-007
141	20.562	1.1918	0.1	-9.1898e-007
142	19.419	1.1788	0.1	-1.8104e-006
143	18.274	1.1795	0.1	-2.9466e-006
144	17.131	1.1778	0.1	-4.3528e-006
145	15.98	1.1827	0.1	-6.0089e-006
146	14.834	1.1834	0.1	-7.9298e-006
147	13.689	1.1845	0.1	-1.0103e-005
148	12.54	1.1844	0.1	-1.257e-005
149	11.383	1.1855	0.1	-1.5311e-005
150	10.21	1.1913	0.1	-1.8364e-005
151	9.0235	1.2046	0.1	-2.1314e-005
152	7.8416	1.1899	0.1	-2.3798e-005
153	6.6838	1.1398	0.1	-2.6258e-005
154	5.5062	1.0597	0.1	-2.6964e-005
155	4.4987	0.83071	0.1	-3.2663e-005
156	0.90238	4.8904	0.1	-1.6482e-005
157	3.4929	0.56733	0.1	-2.2108e-005
158	1.1545	2.1929	0.1	9.339e-006
159	1.0182	0.85759	0.1	-1.3751e-005
160	3.3952	5.4476	0.1	-2.0848e-005
161	1.5915	5.2393	0.1	-1.9041e-005
162	3.4766	2.6071	0.1	-4.1444e-005
163	2.4467	2.	0.	8.2874e-005
164	2.4467	1.5	0.	4.3949e-005
165	2.4467	1.	0.	2.9801e-005
166	2.4467	0.5	0.	1.0167e-005
167	2.28	2.	0.	3.8638e-005
168	2.28	0.5	0.	1.2742e-005
169	2.28	1.	0.	2.3027e-005
170	2.28	1.5	0.	5.5107e-005
171	2.4467	4.	0.	6.2002e-005
172	2.4467	4.5	0.	2.3852e-005
173	2.4467	5.	0.	2.784e-005
174	2.4467	5.5	0.	5.4415e-006
175	2.28	4.	0.	7.093e-005
176	2.28	5.5	0.	1.9131e-005
177	2.28	5.	0.	4.399e-005
178	2.28	4.5	0.	3.8615e-005
179	2.4467	6.	0.	6.0308e-006
180	3.6441	6.	0.	2.3876e-005
181	4.8415	6.	0.	2.6996e-005
182	6.0389	6.	0.	2.4547e-005
183	7.2363	6.	0.	2.5452e-005
184	8.4337	6.	0.	2.304e-005
185	9.6311	6.	0.	2.0102e-005
186	10.829	6.	0.	1.6796e-005
187	12.026	6.	0.	1.3864e-005
188	13.223	6.	0.	1.1161e-005
189	14.421	6.	0.	8.7557e-006
190	15.618	6.	0.	6.6358e-006
191	16.816	6.	0.	4.8057e-006
192	18.013	6.	0.	3.2621e-006
193	19.21	6.	0.	1.9983e-006
194	20.408	6.	0.	1.0216e-006
195	21.605	6.	0.	3.2236e-007
196	22.803	6.	0.	-6.9193e-008
197	24.	6.	0.	-1.1598e-007
198	24.	4.8	0.	-2.1018e-007
199	24.	3.6	0.	-3.5973e-007
200	24.	2.4	0.	-3.6395e-007
201	24.	1.2	0.	-2.1809e-007
202	1.049e-014	1.2	0.	-4.967e-006
203	2.0981e-014	2.4	0.	-6.8058e-007
204	3.1471e-014	3.6	0.	-4.923e-006
205	4.1961e-014	4.8	0.	-7.76e-007
206	3.937e-014	6.	0.	6.2213e-007
207	2.28	6.	0.	-6.0597e-006
208	1.14	6.	0.	1.9226e-005
209	1.71	6.	0.	1.7415e-005
210	24.	0.	0.	-1.0706e-007
211	2.4467	0.	0.	4.5446e-006
212	22.866	0.	0.	-8.4186e-008
213	21.731	0.	0.	2.5706e-007
214	20.597	0.	0.	8.7666e-007
215	19.462	0.	0.	1.7431e-006
216	18.328	0.	0.	2.8514e-006
217	17.194	0.	0.	4.2193e-006
218	16.059	0.	0.	5.821e-006
219	14.925	0.	0.	7.6849e-006
220	13.791	0.	0.	9.7973e-006
221	12.656	0.	0.	1.2156e-005
222	11.522	0.	0.	1.481e-005
223	10.387	0.	0.	1.7754e-005
224	9.253	0.	0.	2.0944e-005
225	8.1186	0.	0.	2.3836e-005
226	6.9842	0.	0.	2.8131e-005
227	5.8498	0.	0.	3.0021e-005
228	4.7154	0.	0.	3.4673e-005
229	3.5811	0.	0.	2.5116e-005
230	0.	0.	0.	-1.1498e-007
231	2.28	0.	0.	1.3535e-005
232	1.14	-1.3648e-031	0.	1.9892e-005
233	2.4467	0.5	0.1	-1.0167e-005
234	2.4467	1.	0.1	-2.9801e-005
235	2.4467	1.5	0.1	-4.3949e-005
236	2.4467	2.	0.1	-8.2874e-005
237	2.28	2.	0.1	-3.8638e-005
238	2.28	1.5	0.1	-5.5107e-005
239	2.28	1.	0.1	-2.3027e-005
240	2.28	0.5	0.1	-1.2742e-005
241	2.4467	5.5	0.1	-5.4415e-006
242	2.4467	5.	0.1	-2.784e-005
243	2.4467	4.5	0.1	-2.3852e-005
244	2.4467	4.	0.1	-6.2002e-005
245	2.28	4.	0.1	-7.093e-005
246	2.28	4.5	0.1	-3.8615e-005
247	2.28	5.	0.1	-4.399e-005
248	2.28	5.5	0.1	-1.9131e-005
249	2.4467	6.	0.1	-6.0308e-006
250	3.6441	6.	0.1	-2.3876e-005
251	4.8415	6.	0.1	-2.6996e-005
252	6.0389	6.	0.1	-2.4547e-005
253	7.2363	6.	0.1	-2.5452e-005
254	8.4337	6.	0.1	-2.304e-005
255	9.6311	6.	0.1	-2.0102e-005
256	10.829	6.	0.1	-1.6796e-005
257	12.026	6.	0.1	-1.3864e-005
258	13.223	6.	0.1	-1.1161e-005
259	14.421	6.	0.1	-8.7557e-006
260	15.618	6.	0.1	-6.6358e-006
261	16.816	6.	0.1	-4.8057e-006
262	18.013	6.	0.1	-3.2621e-006
263	19.21	6.	0.1	-1.9983e-006
264	20.408	6.	0.1	-1.0216e-006
265	21.605	6.	0.1	-3.2236e-007
266	22.803	6.	0.1	6.9192e-008
267	24.	6.	0.1	1.1599e-007
268	24.	4.8	0.1	2.1018e-007
269	24.	3.6	0.1	3.5973e-007
270	24.	2.4	0.1	3.6395e-007
271	24.	1.2	0.1	2.1809e-007
272	1.049e-014	1.2	0.1	4.967e-006
273	2.0981e-014	2.4	0.1	6.8058e-007
274	3.1471e-014	3.6	0.1	4.923e-006
275	4.1961e-014	4.8	0.1	7.76e-007
276	3.937e-014	6.	0.1	-6.2213e-007
277	1.14	6.	0.1	-1.9226e-005
278	1.71	6.	0.1	-1.7415e-005
279	2.28	6.	0.1	6.0597e-006
280	24.	0.	0.1	1.0706e-007
281	22.866	0.	0.1	8.4185e-008
282	21.731	0.	0.1	-2.5706e-007
283	20.597	0.	0.1	-8.7666e-007
284	19.462	0.	0.1	-1.7431e-006
285	18.328	0.	0.1	-2.8514e-006
286	17.194	0.	0.1	-4.2193e-006
287	16.059	0.	0.1	-5.821e-006
288	14.925	0.	0.1	-7.6849e-006
289	13.791	0.	0.1	-9.7973e-006
290	12.656	0.	0.1	-1.2156e-005
291	11.522	0.	0.1	-1.481e-005
292	10.387	0.	0.1	-1.7754e-005
293	9.253	0.	0.1	-2.0944e-005
294	8.1186	0.	0.1	-2.3836e-005
295	6.9842	0.	0.1	-2.8131e-005
296	5.8498	0.	0.1	-3.0021e-005
297	4.7154	0.	0.1	-3.4673e-005
298	3.5811	0.	0.1	-2.5116e-005
299	2.4467	0.	0.1	-4.5446e-006
300	2.28	0.	0.1	-1.3535e-005
301	1.14	-1.3648e-031	0.1	-1.9892e-005
302	0.	0.	0.1	1.1498e-007
303	3.6758	2.1711	0.	3.6819e-005
304	4.0437	2.8821	0.	3.9214e-005
305	3.4766	2.6071	5.e-002	-3.6381e-013
306	2.9616	2.3035	0.	6.5963e-005
307	2.9616	3.3035	0.	4.9909e-005
308	1.247	5.0648	0.	1.8293e-005
309	1.6367	4.9995	0.	1.8979e-005
310	1.5915	5.2393	5.e-002	-1.0477e-021
311	1.9358	5.3696	0.	1.8351e-005
312	1.6508	5.6196	0.	1.8597e-005
313	3.8867	5.3439	0.	2.5298e-005
314	3.2737	5.2577	0.	2.198e-005
315	3.3952	5.4476	5.e-002	-9.2536e-022
316	2.9209	5.4738	0.	1.6235e-005
317	3.5196	5.7238	0.	2.6413e-005
318	1.0133	1.2712	0.	8.9404e-006
319	1.0182	0.85759	5.e-002	-1.3003e-013
320	1.6491	0.67879	0.	1.2123e-005
321	0.50908	1.0288	0.	4.9614e-006
322	1.0791	0.42879	0.	1.6723e-005
323	1.0814	1.9388	0.	-1.7361e-006
324	1.1545	2.1929	5.e-002	9.7355e-013
325	1.7172	1.8465	0.	1.9769e-005
326	0.57723	2.8965	0.	-5.9429e-007
327	3.9958	0.69902	0.	2.7428e-005
328	3.3553	0.77569	0.	2.2913e-005
329	3.4929	0.56733	5.e-002	4.4539e-013
330	2.9698	0.53367	0.	1.6841e-005
331	3.537	0.28367	0.	2.3673e-005
332	1.0689	4.4176	0.	1.3049e-005
333	0.90238	4.8904	5.e-002	-1.4818e-021
334	0.45119	4.8452	0.	6.2038e-006
335	1.0212	5.4452	0.	1.7594e-005
336	5.0025	0.94518	0.	3.3014e-005
337	4.1869	1.2829	0.	3.4775e-005
338	4.4987	0.83071	5.e-002	-2.1707e-013
339	4.6071	0.41535	0.	3.3668e-005
340	6.095	1.0997	0.	2.659e-005
341	5.2999	1.582	0.	2.5134e-005
342	5.5062	1.0597	5.e-002	7.6137e-015
343	5.678	0.52983	0.	2.9001e-005
344	7.2627	1.1649	0.	2.5051e-005
345	6.4987	1.7155	0.	2.6306e-005
346	6.6838	1.1398	5.e-002	-2.2778e-013
347	6.834	0.5699	0.	2.7486e-005
348	8.4325	1.1973	0.	2.2555e-005
349	7.6953	1.782	0.	2.3837e-005
350	7.8416	1.1899	5.e-002	-3.6747e-013
351	7.9801	0.59496	0.	2.4345e-005
352	9.6169	1.1979	0.	1.9921e-005
353	8.9094	1.7964	0.	2.1256e-005
354	9.0235	1.2046	5.e-002	-2.1409e-013
355	9.1382	0.6023	0.	2.1343e-005
356	10.796	1.1884	0.	1.6845e-005
357	10.114	1.7859	0.	1.8575e-005
358	10.21	1.1913	5.e-002	-1.221e-014
359	10.299	0.59564	0.	1.807e-005
360	11.961	1.1849	0.	1.3941e-005
361	11.3	1.7772	0.	1.5474e-005
362	11.383	1.1855	5.e-002	1.4341e-014
363	11.452	0.59275	0.	1.5061e-005
364	13.114	1.1844	0.	1.1337e-005
365	12.473	1.7779	0.	1.2675e-005
366	12.54	1.1844	5.e-002	-1.0207e-013
367	12.598	0.59218	0.	1.2363e-005
368	14.261	1.184	0.	9.0163e-006
369	13.629	1.7816	0.	1.0166e-005
370	13.689	1.1845	5.e-002	9.1891e-015
371	13.74	0.59225	0.	9.9498e-006
372	15.407	1.1831	0.	6.9694e-006
373	14.782	1.7809	0.	7.9631e-006
374	14.834	1.1834	5.e-002	1.0715e-013
375	14.879	0.5917	0.	7.8072e-006
376	16.555	1.1803	0.	5.1808e-006
377	15.935	1.78	0.	6.0188e-006
378	15.98	1.1827	5.e-002	5.2469e-014
379	16.019	0.59137	0.	5.9149e-006
380	17.702	1.1786	0.	3.6497e-006
381	17.089	1.7777	0.	4.3444e-006
382	17.131	1.1778	5.e-002	1.1562e-013
383	17.162	0.5889	0.	4.2862e-006
384	18.846	1.1791	0.	2.3785e-006
385	18.239	1.7796	0.	2.9267e-006
386	18.274	1.1795	5.e-002	1.1265e-013
387	18.301	0.58975	0.	2.8993e-006
388	19.99	1.1853	0.	1.3647e-006
389	19.389	1.7813	0.	1.7721e-006
390	19.419	1.1788	5.e-002	1.2274e-013
391	19.441	0.58938	0.	1.7771e-006
392	21.135	1.1947	0.	6.0061e-007
393	20.538	1.7909	0.	8.7078e-007
394	20.562	1.1918	5.e-002	1.7417e-013
395	20.579	0.59589	0.	8.9817e-007
396	22.283	1.1946	0.	9.3008e-008
397	21.69	1.7936	0.	2.279e-007
398	21.708	1.1976	5.e-002	1.7215e-013
399	21.72	0.59882	0.	2.6997e-007
400	22.848	1.7942	0.	-1.6706e-007
401	22.859	1.1915	5.e-002	1.9492e-013
402	23.429	1.1957	0.	-1.5801e-007
403	22.862	0.59575	0.	-8.9743e-008
404	22.827	2.9969	0.	-2.3771e-007
405	22.254	2.3932	0.	-3.3257e-008
406	22.837	2.3969	5.e-002	1.6764e-013
407	23.418	2.3985	0.	-3.0243e-007
408	22.814	4.1982	0.	-1.5985e-007
409	22.232	3.5968	0.	-2.7149e-008
410	22.818	3.5969	5.e-002	1.7644e-013
411	23.409	3.5984	0.	-2.9955e-007
412	22.214	4.7961	0.	1.2097e-007
413	22.809	4.7994	5.e-002	2.0087e-013
414	22.806	5.3997	0.	-7.5946e-008
415	23.405	4.7997	0.	-1.4771e-007
416	21.026	4.7938	0.	6.6745e-007
417	21.632	4.1946	0.	2.5482e-007
418	21.618	4.7927	5.e-002	2.053e-013
419	21.612	5.3963	0.	3.2395e-007
420	19.843	4.794	0.	1.4865e-006
421	20.452	4.1902	0.	9.3191e-007
422	20.434	4.7949	5.e-002	1.6981e-013
423	20.421	5.3975	0.	1.0159e-006
424	18.659	4.792	0.	2.5735e-006
425	19.276	4.1927	0.	1.876e-006
426	19.251	4.7932	5.e-002	1.48e-013
427	19.23	5.3966	0.	1.9813e-006
428	17.476	4.7898	0.	3.9305e-006
429	18.101	4.1899	0.	3.0839e-006
430	18.067	4.7908	5.e-002	1.1613e-013
431	18.04	5.3954	0.	3.2232e-006
432	16.293	4.788	0.	5.5602e-006
433	16.925	4.1878	0.	4.5634e-006
434	16.885	4.7887	5.e-002	5.7062e-014
435	16.85	5.3944	0.	4.742e-006
436	15.11	4.7868	0.	7.4648e-006
437	15.748	4.1865	0.	6.3155e-006
438	15.702	4.7872	5.e-002	-1.7265e-015
439	15.66	5.3936	0.	6.5401e-006
440	13.925	4.7861	0.	9.6483e-006
441	14.57	4.1859	0.	8.3405e-006
442	14.518	4.7864	5.e-002	1.1027e-013
443	14.469	5.3932	0.	8.6218e-006
444	12.738	4.7758	0.	1.2131e-005
445	13.391	4.1839	0.	1.0658e-005
446	13.333	4.7857	5.e-002	1.0978e-013
447	13.278	5.3929	0.	1.0986e-005
448	11.54	4.7622	0.	1.4932e-005
449	12.203	4.1699	0.	1.3282e-005
450	12.143	4.766	5.e-002	1.154e-014
451	12.085	5.383	0.	1.3659e-005
452	10.329	4.7527	0.	1.8064e-005
453	11.003	4.1629	0.	1.6237e-005
454	10.936	4.7585	5.e-002	6.1122e-015
455	10.882	5.3793	0.	1.6602e-005
456	9.102	4.748	0.	2.0809e-005
457	9.7893	4.1526	0.	1.9269e-005
458	9.7225	4.7468	5.e-002	-1.9664e-014
459	9.6768	5.3734	0.	1.9858e-005
460	7.8092	4.7451	0.	2.3448e-005
461	8.5396	4.1553	0.	2.1715e-005
462	8.4815	4.7492	5.e-002	-7.9372e-015
463	8.4576	5.3746	0.	2.2529e-005
464	6.3759	4.6897	0.	2.2807e-005
465	7.2019	4.1485	0.	2.4221e-005
466	7.137	4.7409	5.e-002	-2.1164e-013
467	7.1866	5.3705	0.	2.5179e-005
468	4.9965	4.9394	0.	3.0191e-005
469	4.8428	4.3531	0.	2.1518e-005
470	5.7617	4.0364	0.	2.31e-005
471	5.6148	4.6386	5.e-002	7.4896e-015
472	5.8268	5.3193	0.	2.7233e-005
473	4.0422	4.9506	0.	3.6334e-005
474	4.3783	5.2402	5.e-002	-1.6068e-021
475	4.6099	5.6201	0.	2.8102e-005
476	5.7037	2.1978	0.	2.4817e-005
477	4.4843	1.9197	0.	2.6787e-005
478	4.8522	2.6307	0.	2.7091e-005
479	5.0937	2.1044	5.e-002	-1.8602e-013
480	6.9314	2.3327	0.	2.5094e-005
481	6.1111	2.8627	0.	2.5975e-005
482	6.3137	2.2912	5.e-002	-9.495e-016
483	8.1721	2.3812	0.	2.254e-005
484	7.4079	2.9651	0.	2.3659e-005
485	7.549	2.3741	5.e-002	6.6596e-015
486	9.4065	2.3844	0.	1.9991e-005
487	8.6965	2.9749	0.	2.1339e-005
488	8.7952	2.3883	5.e-002	-5.5269e-015
489	10.618	2.3747	0.	1.7257e-005
490	9.9369	2.9695	0.	1.8828e-005
491	10.018	2.3806	5.e-002	-8.7328e-015
492	11.812	2.3702	0.	1.4211e-005
493	11.144	2.968	0.	1.585e-005
494	11.217	2.3689	5.e-002	-1.667e-014
495	12.988	2.3751	0.	1.1505e-005
496	12.334	2.9726	0.	1.2946e-005
497	12.406	2.3715	5.e-002	-7.1236e-015
498	14.15	2.3785	0.	9.1126e-006
499	13.509	2.9804	0.	1.0368e-005
500	13.569	2.3787	5.e-002	3.3008e-015
501	15.31	2.3778	0.	7.0119e-006
502	14.676	2.9819	0.	8.0952e-006
503	14.73	2.3783	5.e-002	1.1211e-013
504	16.468	2.3775	0.	5.1817e-006
505	15.842	2.9815	0.	6.1082e-006
506	15.89	2.3773	5.e-002	1.6128e-013
507	17.625	2.3787	0.	3.6207e-006
508	17.006	2.9822	0.	4.3926e-006
509	17.047	2.3777	5.e-002	1.077e-013
510	18.781	2.3818	0.	2.3195e-006
511	18.169	2.9843	0.	2.9453e-006
512	18.204	2.3797	5.e-002	5.0243e-014
513	19.937	2.3869	0.	1.2774e-006
514	19.331	2.9881	0.	1.7608e-006
515	19.359	2.3839	5.e-002	1.0721e-013
516	21.093	2.3898	0.	4.9727e-007
517	20.492	2.9878	0.	8.3808e-007
518	20.515	2.39	5.e-002	1.3779e-013
519	21.659	2.9931	0.	1.787e-007
520	21.671	2.3895	5.e-002	1.6724e-013
521	21.058	3.5911	0.	5.1852e-007
522	21.646	3.5966	5.e-002	1.4701e-013
523	19.886	3.5889	0.	1.3206e-006
524	20.47	3.5855	5.e-002	1.1589e-013
525	18.718	3.5906	0.	2.3857e-006
526	19.302	3.5922	5.e-002	1.4273e-013
527	17.549	3.5879	0.	3.7162e-006
528	18.134	3.589	5.e-002	5.6051e-014
529	16.38	3.5863	0.	5.3182e-006
530	16.965	3.5868	5.e-002	-2.5291e-015
531	15.209	3.5856	0.	7.1908e-006
532	15.794	3.5857	5.e-002	5.5711e-014
533	14.036	3.5838	0.	9.3497e-006
534	14.623	3.5855	5.e-002	-5.2023e-015
535	12.856	3.578	0.	1.1809e-005
536	13.449	3.5822	5.e-002	-7.4909e-016
537	10.463	3.5628	0.	1.7684e-005
538	11.666	3.5705	0.	1.4588e-005
539	11.07	3.5672	5.e-002	-5.4467e-015
540	9.2269	3.5599	0.	2.0212e-005
541	9.856	3.5584	5.e-002	-2.2557e-013
542	7.9323	3.5588	0.	2.249e-005
543	8.5978	3.5614	5.e-002	-2.927e-015
544	6.5877	3.4952	0.	2.471e-005
545	7.2669	3.5562	5.e-002	3.6208e-014
546	12.263	3.5738	5.e-002	1.0499e-013
547	3.4292	4.8644	0.	2.9332e-005
548	3.1523	5.0677	5.e-002	-8.4456e-022
549	2.7995	5.0339	0.	2.5278e-005
550	3.8884	4.3643	0.	2.2429e-005
551	3.7062	4.661	5.e-002	-2.8371e-021
552	3.0764	4.5805	0.	3.2077e-005
553	4.3407	3.6123	0.	2.6529e-005
554	4.0707	4.0676	5.e-002	7.6517e-013
555	3.2587	4.0338	0.	3.9964e-005
556	1.0084	1.6847	5.e-002	1.0837e-013
557	1.6442	1.3424	0.	8.7396e-006
558	0.50419	2.0424	0.	1.3751e-006
559	1.4586	4.3522	0.	1.8186e-005
560	1.6818	4.7597	5.e-002	-2.3332e-013
561	1.9809	4.8798	0.	3.0522e-005
562	1.5132	3.7619	0.	4.344e-005
563	1.2354	3.9448	5.e-002	-2.7697e-014
564	1.7577	4.2224	0.	2.1209e-005
565	0.6177	3.7724	0.	5.9569e-006
566	1.791	3.579	5.e-002	1.3074e-013
567	2.0355	2.7895	0.	4.6497e-005
568	2.0355	3.7895	0.	6.2914e-005
569	3.5464	1.3595	0.	3.2252e-005
570	3.2177	0.98404	5.e-002	3.1654e-013
571	2.8322	0.99202	0.	2.6763e-005
572	3.875	1.7351	5.e-002	7.5532e-013
573	3.1608	1.6175	0.	3.6549e-005
574	5.2597	3.2956	0.	2.8033e-005
575	4.6108	3.157	5.e-002	-5.3429e-014
576	5.9086	3.4342	5.e-002	1.7054e-014
577	5.2597	3.2956	0.1	-2.8033e-005
578	6.5877	3.4952	0.1	-2.471e-005
579	6.1111	2.8627	0.1	-2.5975e-005
580	5.7617	4.0364	0.1	-2.31e-005
581	4.3407	3.6123	0.1	-2.6529e-005
582	4.8522	2.6307	0.1	-2.7091e-005
583	4.0437	2.8821	0.1	-3.9214e-005
584	3.5464	1.3595	0.1	-3.2252e-005
585	4.4843	1.9197	0.1	-2.6787e-005
586	4.1869	1.2829	0.1	-3.4775e-005
587	3.6758	2.1711	0.1	-3.6819e-005
588	3.1608	1.6175	0.1	-3.6549e-005
589	3.3553	0.77569	0.1	-2.2913e-005
590	2.8322	0.99202	0.1	-2.6763e-005
591	1.5132	3.7619	0.1	-4.344e-005
592	2.0355	2.7895	0.1	-4.6497e-005
593	2.0355	3.7895	0.1	-6.2914e-005
594	1.4586	4.3522	0.1	-1.8186e-005
595	1.0689	4.4176	0.1	-1.3049e-005
596	1.7577	4.2224	0.1	-2.1209e-005
597	0.6177	3.7724	0.1	-5.9569e-006
598	1.6367	4.9995	0.1	-1.8979e-005
599	1.9809	4.8798	0.1	-3.0522e-005
600	1.0814	1.9388	0.1	1.7361e-006
601	1.0133	1.2712	0.1	-8.9404e-006
602	1.6442	1.3424	0.1	-8.7396e-006
603	0.50419	2.0424	0.1	-1.3751e-006
604	3.8884	4.3643	0.1	-2.2429e-005
605	4.8428	4.3531	0.1	-2.1518e-005
606	3.2587	4.0338	0.1	-3.9964e-005
607	3.4292	4.8644	0.1	-2.9332e-005
608	4.0422	4.9506	0.1	-3.6334e-005
609	3.0764	4.5805	0.1	-3.2077e-005
610	3.2737	5.2577	0.1	-2.198e-005
611	2.7995	5.0339	0.1	-2.5278e-005
612	11.666	3.5705	0.1	-1.4588e-005
613	12.856	3.578	0.1	-1.1809e-005
614	12.334	2.9726	0.1	-1.2946e-005
615	12.203	4.1699	0.1	-1.3282e-005
616	7.9323	3.5588	0.1	-2.249e-005
617	7.4079	2.9651	0.1	-2.3659e-005
618	7.2019	4.1485	0.1	-2.4221e-005
619	9.2269	3.5599	0.1	-2.0212e-005
620	8.6965	2.9749	0.1	-2.1339e-005
621	8.5396	4.1553	0.1	-2.1715e-005
622	10.463	3.5628	0.1	-1.7684e-005
623	9.9369	2.9695	0.1	-1.8828e-005
624	9.7893	4.1526	0.1	-1.9269e-005
625	11.144	2.968	0.1	-1.585e-005
626	11.003	4.1629	0.1	-1.6237e-005
627	14.036	3.5838	0.1	-9.3497e-006
628	13.509	2.9804	0.1	-1.0368e-005
629	13.391	4.1839	0.1	-1.0658e-005
630	15.209	3.5856	0.1	-7.1908e-006
631	14.676	2.9819	0.1	-8.0952e-006
632	14.57	4.1859	0.1	-8.3405e-006
633	16.38	3.5863	0.1	-5.3182e-006
634	15.842	2.9815	0.1	-6.1082e-006
635	15.748	4.1865	0.1	-6.3155e-006
636	17.549	3.5879	0.1	-3.7162e-006
637	17.006	2.9822	0.1	-4.3926e-006
638	16.925	4.1878	0.1	-4.5634e-006
639	18.718	3.5906	0.1	-2.3857e-006
640	18.169	2.9843	0.1	-2.9453e-006
641	18.101	4.1899	0.1	-3.0839e-006
642	19.886	3.5889	0.1	-1.3206e-006
643	19.331	2.9881	0.1	-1.7608e-006
644	19.276	4.1927	0.1	-1.876e-006
645	21.058	3.5911	0.1	-5.1852e-007
646	20.492	2.9878	0.1	-8.3808e-007
647	20.452	4.1902	0.1	-9.3191e-007
648	21.659	2.9931	0.1	-1.787e-007
649	21.632	4.1946	0.1	-2.5482e-007
650	22.232	3.5968	0.1	2.7149e-008
651	21.093	2.3898	0.1	-4.9727e-007
652	22.254	2.3932	0.1	3.3257e-008
653	21.69	1.7936	0.1	-2.279e-007
654	19.937	2.3869	0.1	-1.2774e-006
655	20.538	1.7909	0.1	-8.7079e-007
656	18.781	2.3818	0.1	-2.3195e-006
657	19.389	1.7813	0.1	-1.7721e-006
658	17.625	2.3787	0.1	-3.6207e-006
659	18.239	1.7796	0.1	-2.9267e-006
660	16.468	2.3775	0.1	-5.1817e-006
661	17.089	1.7777	0.1	-4.3444e-006
662	15.31	2.3778	0.1	-7.0119e-006
663	15.935	1.78	0.1	-6.0188e-006
664	14.15	2.3785	0.1	-9.1126e-006
665	14.782	1.7809	0.1	-7.9631e-006
666	12.988	2.3751	0.1	-1.1505e-005
667	13.629	1.7816	0.1	-1.0166e-005
668	11.812	2.3702	0.1	-1.4211e-005
669	12.473	1.7779	0.1	-1.2675e-005
670	10.618	2.3747	0.1	-1.7257e-005
671	11.3	1.7772	0.1	-1.5474e-005
672	9.4065	2.3844	0.1	-1.9991e-005
673	10.114	1.7859	0.1	-1.8575e-005
674	8.1721	2.3812	0.1	-2.254e-005
675	8.9094	1.7964	0.1	-2.1256e-005
676	6.9314	2.3327	0.1	-2.5094e-005
677	7.6953	1.782	0.1	-2.3837e-005
678	5.7037	2.1978	0.1	-2.4817e-005
679	6.4987	1.7155	0.1	-2.6306e-005
680	5.2999	1.582	0.1	-2.5134e-005
681	4.9965	4.9394	0.1	-3.0191e-005
682	3.8867	5.3439	0.1	-2.5298e-005
683	4.6099	5.6201	0.1	-2.8102e-005
684	6.3759	4.6897	0.1	-2.2807e-005
685	5.8268	5.3193	0.1	-2.7233e-005
686	7.8092	4.7451	0.1	-2.3448e-005
687	7.1866	5.3705	0.1	-2.5179e-005
688	9.102	4.748	0.1	-2.0809e-005
689	8.4576	5.3746	0.1	-2.2529e-005
690	10.329	4.7527	0.1	-1.8064e-005
691	9.6768	5.3734	0.1	-1.9858e-005
692	11.54	4.7622	0.1	-1.4932e-005
693	10.882	5.3793	0.1	-1.6602e-005
694	12.738	4.7758	0.1	-1.2131e-005
695	12.085	5.383	0.1	-1.3659e-005
696	13.925	4.7861	0.1	-9.6483e-006
697	13.278	5.3929	0.1	-1.0986e-005
698	15.11	4.7868	0.1	-7.4648e-006
699	14.469	5.3932	0.1	-8.6218e-006
700	16.293	4.788	0.1	-5.5602e-006
701	15.66	5.3936	0.1	-6.5401e-006
702	17.476	4.7898	0.1	-3.9305e-006
703	16.85	5.3944	0.1	-4.742e-006
704	18.659	4.792	0.1	-2.5735e-006
705	18.04	5.3954	0.1	-3.2232e-006
706	19.843	4.794	0.1	-1.4865e-006
707	19.23	5.3966	0.1	-1.9813e-006
708	21.026	4.7938	0.1	-6.6745e-007
709	20.421	5.3975	0.1	-1.0159e-006
710	22.214	4.7961	0.1	-1.2097e-007
711	21.612	5.3963	0.1	-3.2395e-007
712	22.814	4.1982	0.1	1.5985e-007
713	22.806	5.3997	0.1	7.5946e-008
714	23.405	4.7997	0.1	1.4771e-007
715	22.827	2.9969	0.1	2.3771e-007
716	23.409	3.5984	0.1	2.9955e-007
717	22.848	1.7942	0.1	1.6706e-007
718	23.418	2.3985	0.1	3.0243e-007
719	22.283	1.1946	0.1	-9.3009e-008
720	23.429	1.1957	0.1	1.5801e-007
721	22.862	0.59575	0.1	8.9743e-008
722	21.135	1.1947	0.1	-6.0061e-007
723	21.72	0.59882	0.1	-2.6997e-007
724	19.99	1.1853	0.1	-1.3647e-006
725	20.579	0.59589	0.1	-8.9817e-007
726	18.846	1.1791	0.1	-2.3785e-006
727	19.441	0.58938	0.1	-1.7771e-006
728	17.702	1.1786	0.1	-3.6497e-006
729	18.301	0.58975	0.1	-2.8993e-006
730	16.555	1.1803	0.1	-5.1808e-006
731	17.162	0.5889	0.1	-4.2862e-006
732	15.407	1.1831	0.1	-6.9694e-006
733	16.019	0.59137	0.1	-5.9149e-006
734	14.261	1.184	0.1	-9.0163e-006
735	14.879	0.5917	0.1	-7.8072e-006
736	13.114	1.1844	0.1	-1.1337e-005
737	13.74	0.59225	0.1	-9.9498e-006
738	11.961	1.1849	0.1	-1.3941e-005
739	12.598	0.59218	0.1	-1.2363e-005
740	10.796	1.1884	0.1	-1.6845e-005
741	11.452	0.59275	0.1	-1.5061e-005
742	9.6169	1.1979	0.1	-1.9921e-005
743	10.299	0.59564	0.1	-1.807e-005
744	8.4325	1.1973	0.1	-2.2555e-005
745	9.1382	0.6023	0.1	-2.1343e-005
746	7.2627	1.1649	0.1	-2.5051e-005
747	7.9801	0.59496	0.1	-2.4345e-005
748	6.095	1.0997	0.1	-2.659e-005
749	6.834	0.5699	0.1	-2.7486e-005
750	5.0025	0.94518	0.1	-3.3014e-005
751	5.678	0.52983	0.1	-2.9001e-005
752	3.9958	0.69902	0.1	-2.7428e-005
753	4.6071	0.41535	0.1	-3.3668e-005
754	1.247	5.0648	0.1	-1.8293e-005
755	0.45119	4.8452	0.1	-6.2038e-006
756	1.0212	5.4452	0.1	-1.7594e-005
757	2.9698	0.53367	0.1	-1.6841e-005
758	3.537	0.28367	0.1	-2.3673e-005
759	1.7172	1.8465	0.1	-1.9769e-005
760	0.57723	2.8965	0.1	5.9429e-007
761	1.6491	0.67879	0.1	-1.2123e-005
762	0.50908	1.0288	0.1	-4.9614e-006
763	1.0791	0.42879	0.1	-1.6723e-005
764	2.9209	5.4738	0.1	-1.6235e-005
765	3.5196	5.7238	0.1	-2.6413e-005
766	1.9358	5.3696	0.1	-1.8351e-005
767	1.6508	5.6196	0.1	-1.8597e-005
768	2.9616	2.3035	0.1	-6.5963e-005
769	2.9616	3.3035	0.1	-4.9909e-005
770	2.4467	1.75	0.	6.8641e-005
771	2.3633	2.	0.	4.9361e-005
772	2.3633	3.	0.	8.4958e-005
773	2.4467	2.	5.e-002	-7.0166e-021
774	2.4467	1.25	0.	4.7208e-005
775	2.4467	1.5	5.e-002	1.489e-012
776	2.4467	0.75	0.	2.4731e-005
777	2.4467	1.	5.e-002	-5.9687e-021
778	2.4467	0.25	0.	6.7798e-006
779	2.4467	0.5	5.e-002	-2.331e-013
780	2.28	1.75	0.	4.333e-005
781	1.14	2.8	0.	1.7261e-005
782	2.28	2.	5.e-002	-4.6987e-013
783	2.28	0.75	0.	1.7689e-005
784	2.28	0.25	0.	1.3926e-005
785	2.28	0.5	5.e-002	-2.842e-014
786	2.28	1.25	0.	3.9952e-005
787	2.28	1.	5.e-002	-4.0727e-021
788	2.28	1.5	5.e-002	-3.5342e-012
789	2.4467	4.25	0.	4.7337e-005
790	2.3633	4.	0.	6.0522e-005
791	2.4467	4.	5.e-002	-4.4969e-013
792	2.4467	4.75	0.	3.0356e-005
793	2.4467	4.5	5.e-002	-3.4617e-021
794	2.4467	5.25	0.	2.3762e-005
795	2.4467	5.	5.e-002	-6.9754e-021
796	2.4467	5.75	0.	4.3553e-006
797	2.4467	5.5	5.e-002	-1.7547e-021
798	2.28	4.25	0.	5.0947e-005
799	2.28	4.	5.e-002	-6.4485e-021
800	2.28	5.25	0.	3.1979e-005
801	2.28	5.75	0.	3.9007e-006
802	2.28	5.5	5.e-002	-2.2424e-021
803	2.28	4.75	0.	5.0033e-005
804	2.28	5.	5.e-002	-4.6176e-021
805	2.28	4.5	5.e-002	-3.1176e-021
806	3.0454	6.	0.	1.4392e-005
807	2.4467	6.	5.e-002	-5.1906e-022
808	4.2428	6.	0.	3.0482e-005
809	3.6441	6.	5.e-002	-1.0372e-021
810	5.4402	6.	0.	2.5935e-005
811	4.8415	6.	5.e-002	-1.4628e-013
812	6.6376	6.	0.	2.7033e-005
813	6.0389	6.	5.e-002	-5.1481e-022
814	7.835	6.	0.	2.4264e-005
815	7.2363	6.	5.e-002	2.6383e-013
816	9.0324	6.	0.	2.1596e-005
817	8.4337	6.	5.e-002	-5.0937e-014
818	10.23	6.	0.	1.8507e-005
819	9.6311	6.	5.e-002	-2.1988e-022
820	11.427	6.	0.	1.533e-005
821	10.829	6.	5.e-002	2.0994e-014
822	12.625	6.	0.	1.2512e-005
823	12.026	6.	5.e-002	-2.1074e-022
824	13.822	6.	0.	9.9581e-006
825	13.223	6.	5.e-002	-1.077e-021
826	15.019	6.	0.	7.6957e-006
827	14.421	6.	5.e-002	-1.7346e-022
828	16.217	6.	0.	5.7207e-006
829	15.618	6.	5.e-002	1.1359e-013
830	17.414	6.	0.	4.0339e-006
831	16.816	6.	5.e-002	2.3144e-013
832	18.612	6.	0.	2.6302e-006
833	18.013	6.	5.e-002	1.137e-013
834	19.809	6.	0.	1.5099e-006
835	19.21	6.	5.e-002	1.7052e-013
836	21.006	6.	0.	6.7185e-007
837	20.408	6.	5.e-002	1.9899e-013
838	22.204	6.	0.	1.2599e-007
839	21.605	6.	5.e-002	1.99e-013
840	23.401	6.	0.	-1.1076e-007
841	22.803	6.	5.e-002	2.7996e-013
842	24.	5.4	0.	-1.7827e-007
843	24.	6.	5.e-002	5.7154e-013
844	24.	4.2	0.	-2.847e-007
845	24.	4.8	5.e-002	1.9215e-013
846	24.	3.	0.	-3.6163e-007
847	24.	3.6	5.e-002	2.0297e-013
848	24.	1.8	0.	-2.9074e-007
849	24.	2.4	5.e-002	1.7243e-013
850	24.	0.6	0.	-1.8402e-007
851	24.	1.2	5.e-002	1.6074e-013
852	1.5735e-014	1.8	0.	-1.3975e-006
853	5.2451e-015	0.6	0.	-2.3851e-006
854	1.0632e-014	1.2	5.e-002	-3.9044e-015
855	2.6226e-014	3.	0.	-5.746e-006
856	2.1264e-014	2.4	5.e-002	-3.9831e-021
857	3.6716e-014	4.2	0.	-3.9078e-006
858	3.1897e-014	3.6	5.e-002	-7.1185e-021
859	4.7206e-014	5.4	0.	-1.3652e-007
860	4.2529e-014	4.8	5.e-002	5.1934e-015
861	0.57	6.	0.	9.2506e-006
862	5.2451e-014	6.	5.e-002	-3.9794e-021
863	1.995	6.	0.	6.798e-006
864	2.28	6.	5.e-002	-1.2513e-021
865	1.425	6.	0.	2.114e-005
866	1.14	6.	5.e-002	-3.7973e-022
867	1.71	6.	5.e-002	-3.918e-022
868	23.433	0.	0.	-1.1967e-007
869	24.	0.	5.e-002	8.4536e-013
870	3.0139	0.	0.	1.5583e-005
871	2.4467	0.	5.e-002	-3.8395e-021
872	22.298	0.	0.	8.5912e-008
873	22.866	0.	5.e-002	2.7831e-013
874	21.164	0.	0.	5.6679e-007
875	21.731	0.	5.e-002	1.9417e-013
876	20.03	0.	0.	1.3098e-006
877	20.597	0.	5.e-002	1.946e-013
878	18.895	0.	0.	2.2972e-006
879	19.462	0.	5.e-002	1.6036e-013
880	17.761	0.	0.	3.5353e-006
881	18.328	0.	5.e-002	1.1462e-013
882	16.626	0.	0.	5.0201e-006
883	17.194	0.	5.e-002	1.1616e-013
884	15.492	0.	0.	6.7529e-006
885	16.059	0.	5.e-002	1.129e-013
886	14.358	0.	0.	8.7411e-006
887	14.925	0.	5.e-002	3.1964e-015
888	13.223	0.	0.	1.0977e-005
889	13.791	0.	5.e-002	-8.2617e-022
890	12.089	0.	0.	1.3483e-005
891	12.656	0.	5.e-002	-2.0244e-022
892	10.955	0.	0.	1.6282e-005
893	11.522	0.	5.e-002	-2.1997e-022
894	9.8202	0.	0.	1.9349e-005
895	10.387	0.	5.e-002	-2.822e-014
896	8.6858	0.	0.	2.2391e-005
897	9.253	0.	5.e-002	-2.4397e-022
898	7.5514	0.	0.	2.5984e-005
899	8.1186	0.	5.e-002	-2.4876e-022
900	6.417	0.	0.	2.9086e-005
901	6.9842	0.	5.e-002	1.0305e-014
902	5.2826	0.	0.	3.2347e-005
903	5.8498	0.	5.e-002	-1.358e-022
904	4.1482	0.	0.	3.0057e-005
905	4.7154	0.	5.e-002	-5.1659e-022
906	3.5811	0.	5.e-002	-3.5908e-022
907	0.57	-6.8242e-032	0.	8.132e-006
908	0.	0.	5.e-002	4.2214e-014
909	1.71	-2.0472e-031	0.	1.7765e-005
910	2.28	-2.7297e-031	5.e-002	-2.3393e-022
911	1.14	0.	5.e-002	-3.7762e-022
912	2.4467	0.75	0.1	-2.4731e-005
913	2.4467	0.25	0.1	-6.7798e-006
914	2.4467	1.25	0.1	-4.7208e-005
915	2.4467	1.75	0.1	-6.8641e-005
916	2.3633	2.	0.1	-4.9361e-005
917	2.3633	3.	0.1	-8.4958e-005
918	2.28	1.75	0.1	-4.333e-005
919	1.14	2.8	0.1	-1.7261e-005
920	2.28	1.25	0.1	-3.9952e-005
921	2.28	0.75	0.1	-1.7689e-005
922	2.28	0.25	0.1	-1.3926e-005
923	2.4467	5.25	0.1	-2.3762e-005
924	2.4467	5.75	0.1	-4.3553e-006
925	2.4467	4.75	0.1	-3.0356e-005
926	2.4467	4.25	0.1	-4.7337e-005
927	2.3633	4.	0.1	-6.0522e-005
928	2.28	4.25	0.1	-5.0947e-005
929	2.28	4.75	0.1	-5.0033e-005
930	2.28	5.25	0.1	-3.1979e-005
931	2.28	5.75	0.1	-3.9007e-006
932	3.0454	6.	0.1	-1.4392e-005
933	4.2428	6.	0.1	-3.0482e-005
934	5.4402	6.	0.1	-2.5935e-005
935	6.6376	6.	0.1	-2.7033e-005
936	7.835	6.	0.1	-2.4264e-005
937	9.0324	6.	0.1	-2.1596e-005
938	10.23	6.	0.1	-1.8507e-005
939	11.427	6.	0.1	-1.533e-005
940	12.625	6.	0.1	-1.2512e-005
941	13.822	6.	0.1	-9.9581e-006
942	15.019	6.	0.1	-7.6957e-006
943	16.217	6.	0.1	-5.7207e-006
944	17.414	6.	0.1	-4.0339e-006
945	18.612	6.	0.1	-2.6302e-006
946	19.809	6.	0.1	-1.5099e-006
947	21.006	6.	0.1	-6.7185e-007
948	22.204	6.	0.1	-1.2599e-007
949	23.401	6.	0.1	1.1075e-007
950	24.	5.4	0.1	1.7827e-007
951	24.	4.2	0.1	2.847e-007
952	24.	3.	0.1	3.6163e-007
953	24.	1.8	0.1	2.9074e-007
954	24.	0.6	0.1	1.8402e-007
955	1.5735e-014	1.8	0.1	1.3975e-006
956	5.2451e-015	0.6	0.1	2.3851e-006
957	2.6226e-014	3.	0.1	5.746e-006
958	3.6716e-014	4.2	0.1	3.9078e-006
959	4.7206e-014	5.4	0.1	1.3652e-007
960	0.57	6.	0.1	-9.2506e-006
961	1.425	6.	0.1	-2.114e-005
962	1.995	6.	0.1	-6.798e-006
963	23.433	0.	0.1	1.1967e-007
964	22.298	0.	0.1	-8.5912e-008
965	21.164	0.	0.1	-5.6679e-007
966	20.03	0.	0.1	-1.3098e-006
967	18.895	0.	0.1	-2.2972e-006
968	17.761	0.	0.1	-3.5353e-006
969	16.626	0.	0.1	-5.0201e-006
970	15.492	0.	0.1	-6.7529e-006
971	14.358	0.	0.1	-8.7411e-006
972	13.223	0.	0.1	-1.0977e-005
973	12.089	0.	0.1	-1.3483e-005
974	10.955	0.	0.1	-1.6282e-005
975	9.8202	0.	0.1	-1.9349e-005
976	8.6858	0.	0.1	-2.2391e-005
977	7.5514	0.	0.1	-2.5984e-005
978	6.417	0.	0.1	-2.9086e-005
979	5.2826	0.	0.1	-3.2347e-005
980	4.1482	0.	0.1	-3.0057e-005
981	3.0139	0.	0.1	-1.5583e-005
982	1.71	-2.0472e-031	0.1	-1.7765e-005
983	0.57	-6.8242e-032	0.1	-8.132e-006
