Node Number	X Location (in)	Y Location (in)	Z Location (in)	Middle Principal Elastic Strain (in/in)
1	0.6	5.4	0.	8.3537e-005
2	1.2	5.4	0.	1.4327e-004
3	1.8	5.4	0.	1.5623e-004
4	2.4	5.4	0.	1.5872e-004
5	3.	5.4	0.	1.5847e-004
6	3.6	5.4	0.	1.5677e-004
7	4.2	5.4	0.	1.5422e-004
8	4.8	5.4	0.	1.511e-004
9	5.4	5.4	0.	1.4751e-004
10	6.	5.4	0.	1.4353e-004
11	6.6	5.4	0.	1.3923e-004
12	7.2	5.4	0.	1.3466e-004
13	7.8	5.4	0.	1.2989e-004
14	8.4	5.4	0.	1.2496e-004
15	9.	5.4	0.	1.1992e-004
16	9.6	5.4	0.	1.1481e-004
17	10.2	5.4	0.	1.0966e-004
18	10.8	5.4	0.	1.0427e-004
19	11.4	5.4	0.	9.8708e-005
20	12.	5.4	0.	9.3237e-005
21	12.6	5.4	0.	8.7852e-005
22	13.2	5.4	0.	8.255e-005
23	13.8	5.4	0.	7.7326e-005
24	14.4	5.4	0.	7.2178e-005
25	15.	5.4	0.	6.7103e-005
26	15.6	5.4	0.	6.2099e-005
27	16.2	5.4	0.	5.7163e-005
28	16.8	5.4	0.	5.2294e-005
29	17.4	5.4	0.	4.7488e-005
30	18.	5.4	0.	4.2743e-005
31	18.6	5.4	0.	3.8056e-005
32	19.2	5.4	0.	3.3423e-005
33	19.8	5.4	0.	2.8838e-005
34	20.4	5.4	0.	2.4296e-005
35	21.	5.4	0.	1.9791e-005
36	21.6	5.4	0.	1.532e-005
37	22.2	5.4	0.	1.0859e-005
38	22.8	5.4	0.	6.4998e-006
39	23.4	5.4	0.	1.7885e-006
40	0.6	4.8	0.	2.3836e-005
41	1.2	4.8	0.	7.3725e-005
42	1.8	4.8	0.	1.0359e-004
43	2.4	4.8	0.	1.1983e-004
44	3.	4.8	0.	1.2874e-004
45	3.6	4.8	0.	1.3399e-004
46	4.2	4.8	0.	1.3678e-004
47	4.8	4.8	0.	1.3774e-004
48	5.4	4.8	0.	1.3728e-004
49	6.	4.8	0.	1.3569e-004
50	6.6	4.8	0.	1.3321e-004
51	7.2	4.8	0.	1.3004e-004
52	7.8	4.8	0.	1.2633e-004
53	8.4	4.8	0.	1.2221e-004
54	9.	4.8	0.	1.1779e-004
55	9.6	4.8	0.	1.1315e-004
56	10.2	4.8	0.	1.0836e-004
57	10.8	4.8	0.	1.0345e-004
58	11.4	4.8	0.	9.8489e-005
59	12.	4.8	0.	9.326e-005
60	12.6	4.8	0.	8.7847e-005
61	13.2	4.8	0.	8.252e-005
62	13.8	4.8	0.	7.7275e-005
63	14.4	4.8	0.	7.2109e-005
64	15.	4.8	0.	6.7018e-005
65	15.6	4.8	0.	6.1998e-005
66	16.2	4.8	0.	5.7046e-005
67	16.8	4.8	0.	5.2159e-005
68	17.4	4.8	0.	4.7332e-005
69	18.	4.8	0.	4.2562e-005
70	18.6	4.8	0.	3.7844e-005
71	19.2	4.8	0.	3.317e-005
72	19.8	4.8	0.	2.8534e-005
73	20.4	4.8	0.	2.3925e-005
74	21.	4.8	0.	1.933e-005
75	21.6	4.8	0.	1.4738e-005
76	22.2	4.8	0.	1.0098e-005
77	22.8	4.8	0.	5.4777e-006
78	23.4	4.8	0.	2.9501e-007
79	0.6	4.2	0.	1.062e-005
80	1.2	4.2	0.	3.8286e-005
81	1.8	4.2	0.	6.7093e-005
82	2.4	4.2	0.	8.8749e-005
83	3.	4.2	0.	1.0442e-004
84	3.6	4.2	0.	1.1529e-004
85	4.2	4.2	0.	1.2253e-004
86	4.8	4.2	0.	1.2691e-004
87	5.4	4.2	0.	1.2905e-004
88	6.	4.2	0.	1.2943e-004
89	6.6	4.2	0.	1.2844e-004
90	7.2	4.2	0.	1.2639e-004
91	7.8	4.2	0.	1.2354e-004
92	8.4	4.2	0.	1.2007e-004
93	9.	4.2	0.	1.1614e-004
94	9.6	4.2	0.	1.1187e-004
95	10.2	4.2	0.	1.0736e-004
96	10.8	4.2	0.	1.0268e-004
97	11.4	4.2	0.	9.7879e-005
98	12.	4.2	0.	9.3008e-005
99	12.6	4.2	0.	8.785e-005
100	13.2	4.2	0.	8.2509e-005
101	13.8	4.2	0.	7.7251e-005
102	14.4	4.2	0.	7.2074e-005
103	15.	4.2	0.	6.6972e-005
104	15.6	4.2	0.	6.1943e-005
105	16.2	4.2	0.	5.6981e-005
106	16.8	4.2	0.	5.2082e-005
107	17.4	4.2	0.	4.7243e-005
108	18.	4.2	0.	4.2457e-005
109	18.6	4.2	0.	3.7719e-005
110	19.2	4.2	0.	3.302e-005
111	19.8	4.2	0.	2.8351e-005
112	20.4	4.2	0.	2.3698e-005
113	21.	4.2	0.	1.9043e-005
114	21.6	4.2	0.	1.4368e-005
115	22.2	4.2	0.	9.613e-006
116	22.8	4.2	0.	4.8524e-006
117	23.4	4.2	0.	-4.9614e-007
118	0.6	3.6	0.	5.4916e-006
119	1.2	3.6	0.	2.3417e-005
120	1.8	3.6	0.	4.7236e-005
121	2.4	3.6	0.	6.9973e-005
122	3.	3.6	0.	8.8782e-005
123	3.6	3.6	0.	1.0306e-004
124	4.2	3.6	0.	1.1319e-004
125	4.8	3.6	0.	1.1985e-004
126	5.4	3.6	0.	1.2372e-004
127	6.	3.6	0.	1.254e-004
128	6.6	3.6	0.	1.2538e-004
129	7.2	3.6	0.	1.2406e-004
130	7.8	3.6	0.	1.2176e-004
131	8.4	3.6	0.	1.187e-004
132	9.	3.6	0.	1.1509e-004
133	9.6	3.6	0.	1.1106e-004
134	10.2	3.6	0.	1.0674e-004
135	10.8	3.6	0.	1.0219e-004
136	11.4	3.6	0.	9.7497e-005
137	12.	3.6	0.	9.2708e-005
138	12.6	3.6	0.	8.7843e-005
139	13.2	3.6	0.	8.2503e-005
140	13.8	3.6	0.	7.7236e-005
141	14.4	3.6	0.	7.2051e-005
142	15.	3.6	0.	6.6943e-005
143	15.6	3.6	0.	6.1906e-005
144	16.2	3.6	0.	5.6937e-005
145	16.8	3.6	0.	5.2031e-005
146	17.4	3.6	0.	4.7183e-005
147	18.	3.6	0.	4.2387e-005
148	18.6	3.6	0.	3.7635e-005
149	19.2	3.6	0.	3.2919e-005
150	19.8	3.6	0.	2.8226e-005
151	20.4	3.6	0.	2.3543e-005
152	21.	3.6	0.	1.8846e-005
153	21.6	3.6	0.	1.4116e-005
154	22.2	3.6	0.	9.2893e-006
155	22.8	3.6	0.	4.441e-006
156	23.4	3.6	0.	-9.939e-007
157	0.6	3.	0.	4.2497e-006
158	1.2	3.	0.	1.9336e-005
159	1.8	3.	0.	4.1119e-005
160	2.4	3.	0.	6.3768e-005
161	3.	3.	0.	8.342e-005
162	3.6	3.	0.	9.8812e-005
163	4.2	3.	0.	1.0994e-004
164	4.8	3.	0.	1.174e-004
165	5.4	3.	0.	1.2187e-004
166	6.	3.	0.	1.24e-004
167	6.6	3.	0.	1.2432e-004
168	7.2	3.	0.	1.2326e-004
169	7.8	3.	0.	1.2115e-004
170	8.4	3.	0.	1.1824e-004
171	9.	3.	0.	1.1473e-004
172	9.6	3.	0.	1.1079e-004
173	10.2	3.	0.	1.0652e-004
174	10.8	3.	0.	1.0202e-004
175	11.4	3.	0.	9.7366e-005
176	12.	3.	0.	9.2605e-005
177	12.6	3.	0.	8.7782e-005
178	13.2	3.	0.	8.2502e-005
179	13.8	3.	0.	7.7232e-005
180	14.4	3.	0.	7.2044e-005
181	15.	3.	0.	6.6933e-005
182	15.6	3.	0.	6.1895e-005
183	16.2	3.	0.	5.6923e-005
184	16.8	3.	0.	5.2015e-005
185	17.4	3.	0.	4.7164e-005
186	18.	3.	0.	4.2364e-005
187	18.6	3.	0.	3.7607e-005
188	19.2	3.	0.	3.2885e-005
189	19.8	3.	0.	2.8185e-005
190	20.4	3.	0.	2.3491e-005
191	21.	3.	0.	1.8781e-005
192	21.6	3.	0.	1.4033e-005
193	22.2	3.	0.	9.1829e-006
194	22.8	3.	0.	4.3086e-006
195	23.4	3.	0.	-1.1482e-006
196	0.6	2.4	0.	5.4916e-006
197	1.2	2.4	0.	2.3417e-005
198	1.8	2.4	0.	4.7236e-005
199	2.4	2.4	0.	6.9973e-005
200	3.	2.4	0.	8.8782e-005
201	3.6	2.4	0.	1.0306e-004
202	4.2	2.4	0.	1.1319e-004
203	4.8	2.4	0.	1.1985e-004
204	5.4	2.4	0.	1.2372e-004
205	6.	2.4	0.	1.254e-004
206	6.6	2.4	0.	1.2538e-004
207	7.2	2.4	0.	1.2406e-004
208	7.8	2.4	0.	1.2176e-004
209	8.4	2.4	0.	1.187e-004
210	9.	2.4	0.	1.1509e-004
211	9.6	2.4	0.	1.1106e-004
212	10.2	2.4	0.	1.0674e-004
213	10.8	2.4	0.	1.0219e-004
214	11.4	2.4	0.	9.7497e-005
215	12.	2.4	0.	9.2708e-005
216	12.6	2.4	0.	8.7843e-005
217	13.2	2.4	0.	8.2503e-005
218	13.8	2.4	0.	7.7236e-005
219	14.4	2.4	0.	7.2051e-005
220	15.	2.4	0.	6.6943e-005
221	15.6	2.4	0.	6.1906e-005
222	16.2	2.4	0.	5.6937e-005
223	16.8	2.4	0.	5.2031e-005
224	17.4	2.4	0.	4.7183e-005
225	18.	2.4	0.	4.2387e-005
226	18.6	2.4	0.	3.7635e-005
227	19.2	2.4	0.	3.2919e-005
228	19.8	2.4	0.	2.8226e-005
229	20.4	2.4	0.	2.3543e-005
230	21.	2.4	0.	1.8846e-005
231	21.6	2.4	0.	1.4116e-005
232	22.2	2.4	0.	9.2893e-006
233	22.8	2.4	0.	4.441e-006
234	23.4	2.4	0.	-9.9389e-007
235	0.6	1.8	0.	1.062e-005
236	1.2	1.8	0.	3.8286e-005
237	1.8	1.8	0.	6.7093e-005
238	2.4	1.8	0.	8.8749e-005
239	3.	1.8	0.	1.0442e-004
240	3.6	1.8	0.	1.1529e-004
241	4.2	1.8	0.	1.2253e-004
242	4.8	1.8	0.	1.2691e-004
243	5.4	1.8	0.	1.2905e-004
244	6.	1.8	0.	1.2943e-004
245	6.6	1.8	0.	1.2844e-004
246	7.2	1.8	0.	1.2639e-004
247	7.8	1.8	0.	1.2354e-004
248	8.4	1.8	0.	1.2007e-004
249	9.	1.8	0.	1.1614e-004
250	9.6	1.8	0.	1.1187e-004
251	10.2	1.8	0.	1.0736e-004
252	10.8	1.8	0.	1.0268e-004
253	11.4	1.8	0.	9.7879e-005
254	12.	1.8	0.	9.3008e-005
255	12.6	1.8	0.	8.785e-005
256	13.2	1.8	0.	8.2509e-005
257	13.8	1.8	0.	7.7251e-005
258	14.4	1.8	0.	7.2074e-005
259	15.	1.8	0.	6.6972e-005
260	15.6	1.8	0.	6.1943e-005
261	16.2	1.8	0.	5.6981e-005
262	16.8	1.8	0.	5.2082e-005
263	17.4	1.8	0.	4.7243e-005
264	18.	1.8	0.	4.2457e-005
265	18.6	1.8	0.	3.7719e-005
266	19.2	1.8	0.	3.302e-005
267	19.8	1.8	0.	2.8351e-005
268	20.4	1.8	0.	2.3698e-005
269	21.	1.8	0.	1.9043e-005
270	21.6	1.8	0.	1.4368e-005
271	22.2	1.8	0.	9.613e-006
272	22.8	1.8	0.	4.8524e-006
273	23.4	1.8	0.	-4.9614e-007
274	0.6	1.2	0.	2.3836e-005
275	1.2	1.2	0.	7.3725e-005
276	1.8	1.2	0.	1.0359e-004
277	2.4	1.2	0.	1.1983e-004
278	3.	1.2	0.	1.2874e-004
279	3.6	1.2	0.	1.3399e-004
280	4.2	1.2	0.	1.3678e-004
281	4.8	1.2	0.	1.3774e-004
282	5.4	1.2	0.	1.3728e-004
283	6.	1.2	0.	1.3569e-004
284	6.6	1.2	0.	1.3321e-004
285	7.2	1.2	0.	1.3004e-004
286	7.8	1.2	0.	1.2633e-004
287	8.4	1.2	0.	1.2221e-004
288	9.	1.2	0.	1.1779e-004
289	9.6	1.2	0.	1.1315e-004
290	10.2	1.2	0.	1.0836e-004
291	10.8	1.2	0.	1.0345e-004
292	11.4	1.2	0.	9.8489e-005
293	12.	1.2	0.	9.326e-005
294	12.6	1.2	0.	8.7847e-005
295	13.2	1.2	0.	8.252e-005
296	13.8	1.2	0.	7.7275e-005
297	14.4	1.2	0.	7.2109e-005
298	15.	1.2	0.	6.7018e-005
299	15.6	1.2	0.	6.1998e-005
300	16.2	1.2	0.	5.7046e-005
301	16.8	1.2	0.	5.2159e-005
302	17.4	1.2	0.	4.7332e-005
303	18.	1.2	0.	4.2562e-005
304	18.6	1.2	0.	3.7844e-005
305	19.2	1.2	0.	3.317e-005
306	19.8	1.2	0.	2.8534e-005
307	20.4	1.2	0.	2.3925e-005
308	21.	1.2	0.	1.933e-005
309	21.6	1.2	0.	1.4738e-005
310	22.2	1.2	0.	1.0098e-005
311	22.8	1.2	0.	5.4777e-006
312	23.4	1.2	0.	2.9501e-007
313	0.6	0.6	0.	8.3537e-005
314	1.2	0.6	0.	1.4327e-004
315	1.8	0.6	0.	1.5623e-004
316	2.4	0.6	0.	1.5872e-004
317	3.	0.6	0.	1.5847e-004
318	3.6	0.6	0.	1.5677e-004
319	4.2	0.6	0.	1.5422e-004
320	4.8	0.6	0.	1.511e-004
321	5.4	0.6	0.	1.4751e-004
322	6.	0.6	0.	1.4353e-004
323	6.6	0.6	0.	1.3923e-004
324	7.2	0.6	0.	1.3466e-004
325	7.8	0.6	0.	1.2989e-004
326	8.4	0.6	0.	1.2496e-004
327	9.	0.6	0.	1.1992e-004
328	9.6	0.6	0.	1.1481e-004
329	10.2	0.6	0.	1.0966e-004
330	10.8	0.6	0.	1.0427e-004
331	11.4	0.6	0.	9.8708e-005
332	12.	0.6	0.	9.3237e-005
333	12.6	0.6	0.	8.7852e-005
334	13.2	0.6	0.	8.255e-005
335	13.8	0.6	0.	7.7326e-005
336	14.4	0.6	0.	7.2178e-005
337	15.	0.6	0.	6.7103e-005
338	15.6	0.6	0.	6.2099e-005
339	16.2	0.6	0.	5.7163e-005
340	16.8	0.6	0.	5.2294e-005
341	17.4	0.6	0.	4.7488e-005
342	18.	0.6	0.	4.2743e-005
343	18.6	0.6	0.	3.8056e-005
344	19.2	0.6	0.	3.3423e-005
345	19.8	0.6	0.	2.8838e-005
346	20.4	0.6	0.	2.4296e-005
347	21.	0.6	0.	1.9791e-005
348	21.6	0.6	0.	1.532e-005
349	22.2	0.6	0.	1.0859e-005
350	22.8	0.6	0.	6.4998e-006
351	23.4	0.6	0.	1.7885e-006
352	23.4	0.6	0.1	-1.7885e-006
353	22.8	0.6	0.1	-6.4998e-006
354	22.2	0.6	0.1	-1.0859e-005
355	21.6	0.6	0.1	-1.532e-005
356	21.	0.6	0.1	-1.9791e-005
357	20.4	0.6	0.1	-2.4296e-005
358	19.8	0.6	0.1	-2.8838e-005
359	19.2	0.6	0.1	-3.3423e-005
360	18.6	0.6	0.1	-3.8056e-005
361	18.	0.6	0.1	-4.2743e-005
362	17.4	0.6	0.1	-4.7488e-005
363	16.8	0.6	0.1	-5.2294e-005
364	16.2	0.6	0.1	-5.7163e-005
365	15.6	0.6	0.1	-6.2099e-005
366	15.	0.6	0.1	-6.7103e-005
367	14.4	0.6	0.1	-7.2178e-005
368	13.8	0.6	0.1	-7.7326e-005
369	13.2	0.6	0.1	-8.255e-005
370	12.6	0.6	0.1	-8.7852e-005
371	12.	0.6	0.1	-9.3237e-005
372	11.4	0.6	0.1	-9.8708e-005
373	10.8	0.6	0.1	-1.0427e-004
374	10.2	0.6	0.1	-1.0966e-004
375	9.6	0.6	0.1	-1.1481e-004
376	9.	0.6	0.1	-1.1992e-004
377	8.4	0.6	0.1	-1.2496e-004
378	7.8	0.6	0.1	-1.2989e-004
379	7.2	0.6	0.1	-1.3466e-004
380	6.6	0.6	0.1	-1.3923e-004
381	6.	0.6	0.1	-1.4353e-004
382	5.4	0.6	0.1	-1.4751e-004
383	4.8	0.6	0.1	-1.511e-004
384	4.2	0.6	0.1	-1.5422e-004
385	3.6	0.6	0.1	-1.5677e-004
386	3.	0.6	0.1	-1.5847e-004
387	2.4	0.6	0.1	-1.5872e-004
388	1.8	0.6	0.1	-1.5623e-004
389	1.2	0.6	0.1	-1.4327e-004
390	0.6	0.6	0.1	-8.3537e-005
391	23.4	1.2	0.1	-2.9501e-007
392	22.8	1.2	0.1	-5.4777e-006
393	22.2	1.2	0.1	-1.0098e-005
394	21.6	1.2	0.1	-1.4738e-005
395	21.	1.2	0.1	-1.933e-005
396	20.4	1.2	0.1	-2.3925e-005
397	19.8	1.2	0.1	-2.8534e-005
398	19.2	1.2	0.1	-3.317e-005
399	18.6	1.2	0.1	-3.7844e-005
400	18.	1.2	0.1	-4.2562e-005
401	17.4	1.2	0.1	-4.7332e-005
402	16.8	1.2	0.1	-5.2159e-005
403	16.2	1.2	0.1	-5.7046e-005
404	15.6	1.2	0.1	-6.1998e-005
405	15.	1.2	0.1	-6.7018e-005
406	14.4	1.2	0.1	-7.2109e-005
407	13.8	1.2	0.1	-7.7275e-005
408	13.2	1.2	0.1	-8.252e-005
409	12.6	1.2	0.1	-8.7847e-005
410	12.	1.2	0.1	-9.326e-005
411	11.4	1.2	0.1	-9.8489e-005
412	10.8	1.2	0.1	-1.0345e-004
413	10.2	1.2	0.1	-1.0836e-004
414	9.6	1.2	0.1	-1.1315e-004
415	9.	1.2	0.1	-1.1779e-004
416	8.4	1.2	0.1	-1.2221e-004
417	7.8	1.2	0.1	-1.2633e-004
418	7.2	1.2	0.1	-1.3004e-004
419	6.6	1.2	0.1	-1.3321e-004
420	6.	1.2	0.1	-1.3569e-004
421	5.4	1.2	0.1	-1.3728e-004
422	4.8	1.2	0.1	-1.3774e-004
423	4.2	1.2	0.1	-1.3678e-004
424	3.6	1.2	0.1	-1.3399e-004
425	3.	1.2	0.1	-1.2874e-004
426	2.4	1.2	0.1	-1.1983e-004
427	1.8	1.2	0.1	-1.0359e-004
428	1.2	1.2	0.1	-7.3725e-005
429	0.6	1.2	0.1	-2.3836e-005
430	23.4	1.8	0.1	4.9614e-007
431	22.8	1.8	0.1	-4.8524e-006
432	22.2	1.8	0.1	-9.613e-006
433	21.6	1.8	0.1	-1.4368e-005
434	21.	1.8	0.1	-1.9043e-005
435	20.4	1.8	0.1	-2.3698e-005
436	19.8	1.8	0.1	-2.8351e-005
437	19.2	1.8	0.1	-3.302e-005
438	18.6	1.8	0.1	-3.7719e-005
439	18.	1.8	0.1	-4.2457e-005
440	17.4	1.8	0.1	-4.7243e-005
441	16.8	1.8	0.1	-5.2082e-005
442	16.2	1.8	0.1	-5.6981e-005
443	15.6	1.8	0.1	-6.1943e-005
444	15.	1.8	0.1	-6.6972e-005
445	14.4	1.8	0.1	-7.2074e-005
446	13.8	1.8	0.1	-7.7251e-005
447	13.2	1.8	0.1	-8.2509e-005
448	12.6	1.8	0.1	-8.785e-005
449	12.	1.8	0.1	-9.3008e-005
450	11.4	1.8	0.1	-9.7879e-005
451	10.8	1.8	0.1	-1.0268e-004
452	10.2	1.8	0.1	-1.0736e-004
453	9.6	1.8	0.1	-1.1187e-004
454	9.	1.8	0.1	-1.1614e-004
455	8.4	1.8	0.1	-1.2007e-004
456	7.8	1.8	0.1	-1.2354e-004
457	7.2	1.8	0.1	-1.2639e-004
458	6.6	1.8	0.1	-1.2844e-004
459	6.	1.8	0.1	-1.2943e-004
460	5.4	1.8	0.1	-1.2905e-004
461	4.8	1.8	0.1	-1.2691e-004
462	4.2	1.8	0.1	-1.2253e-004
463	3.6	1.8	0.1	-1.1529e-004
464	3.	1.8	0.1	-1.0442e-004
465	2.4	1.8	0.1	-8.8749e-005
466	1.8	1.8	0.1	-6.7093e-005
467	1.2	1.8	0.1	-3.8286e-005
468	0.6	1.8	0.1	-1.062e-005
469	23.4	2.4	0.1	9.9388e-007
470	22.8	2.4	0.1	-4.441e-006
471	22.2	2.4	0.1	-9.2893e-006
472	21.6	2.4	0.1	-1.4116e-005
473	21.	2.4	0.1	-1.8846e-005
474	20.4	2.4	0.1	-2.3543e-005
475	19.8	2.4	0.1	-2.8226e-005
476	19.2	2.4	0.1	-3.2919e-005
477	18.6	2.4	0.1	-3.7635e-005
478	18.	2.4	0.1	-4.2387e-005
479	17.4	2.4	0.1	-4.7183e-005
480	16.8	2.4	0.1	-5.2031e-005
481	16.2	2.4	0.1	-5.6937e-005
482	15.6	2.4	0.1	-6.1906e-005
483	15.	2.4	0.1	-6.6943e-005
484	14.4	2.4	0.1	-7.2051e-005
485	13.8	2.4	0.1	-7.7236e-005
486	13.2	2.4	0.1	-8.2503e-005
487	12.6	2.4	0.1	-8.7843e-005
488	12.	2.4	0.1	-9.2708e-005
489	11.4	2.4	0.1	-9.7497e-005
490	10.8	2.4	0.1	-1.0219e-004
491	10.2	2.4	0.1	-1.0674e-004
492	9.6	2.4	0.1	-1.1106e-004
493	9.	2.4	0.1	-1.1509e-004
494	8.4	2.4	0.1	-1.187e-004
495	7.8	2.4	0.1	-1.2176e-004
496	7.2	2.4	0.1	-1.2406e-004
497	6.6	2.4	0.1	-1.2538e-004
498	6.	2.4	0.1	-1.254e-004
499	5.4	2.4	0.1	-1.2372e-004
500	4.8	2.4	0.1	-1.1985e-004
501	4.2	2.4	0.1	-1.1319e-004
502	3.6	2.4	0.1	-1.0306e-004
503	3.	2.4	0.1	-8.8782e-005
504	2.4	2.4	0.1	-6.9973e-005
505	1.8	2.4	0.1	-4.7236e-005
506	1.2	2.4	0.1	-2.3417e-005
507	0.6	2.4	0.1	-5.4916e-006
508	23.4	3.	0.1	1.1482e-006
509	22.8	3.	0.1	-4.3086e-006
510	22.2	3.	0.1	-9.1829e-006
511	21.6	3.	0.1	-1.4033e-005
512	21.	3.	0.1	-1.8781e-005
513	20.4	3.	0.1	-2.3491e-005
514	19.8	3.	0.1	-2.8185e-005
515	19.2	3.	0.1	-3.2885e-005
516	18.6	3.	0.1	-3.7607e-005
517	18.	3.	0.1	-4.2364e-005
518	17.4	3.	0.1	-4.7164e-005
519	16.8	3.	0.1	-5.2015e-005
520	16.2	3.	0.1	-5.6923e-005
521	15.6	3.	0.1	-6.1895e-005
522	15.	3.	0.1	-6.6933e-005
523	14.4	3.	0.1	-7.2044e-005
524	13.8	3.	0.1	-7.7232e-005
525	13.2	3.	0.1	-8.2502e-005
526	12.6	3.	0.1	-8.7782e-005
527	12.	3.	0.1	-9.2605e-005
528	11.4	3.	0.1	-9.7366e-005
529	10.8	3.	0.1	-1.0202e-004
530	10.2	3.	0.1	-1.0652e-004
531	9.6	3.	0.1	-1.1079e-004
532	9.	3.	0.1	-1.1473e-004
533	8.4	3.	0.1	-1.1824e-004
534	7.8	3.	0.1	-1.2115e-004
535	7.2	3.	0.1	-1.2326e-004
536	6.6	3.	0.1	-1.2432e-004
537	6.	3.	0.1	-1.24e-004
538	5.4	3.	0.1	-1.2187e-004
539	4.8	3.	0.1	-1.174e-004
540	4.2	3.	0.1	-1.0994e-004
541	3.6	3.	0.1	-9.8812e-005
542	3.	3.	0.1	-8.342e-005
543	2.4	3.	0.1	-6.3768e-005
544	1.8	3.	0.1	-4.1119e-005
545	1.2	3.	0.1	-1.9336e-005
546	0.6	3.	0.1	-4.2497e-006
547	23.4	3.6	0.1	9.9389e-007
548	22.8	3.6	0.1	-4.441e-006
549	22.2	3.6	0.1	-9.2893e-006
550	21.6	3.6	0.1	-1.4116e-005
551	21.	3.6	0.1	-1.8846e-005
552	20.4	3.6	0.1	-2.3543e-005
553	19.8	3.6	0.1	-2.8226e-005
554	19.2	3.6	0.1	-3.2919e-005
555	18.6	3.6	0.1	-3.7635e-005
556	18.	3.6	0.1	-4.2387e-005
557	17.4	3.6	0.1	-4.7183e-005
558	16.8	3.6	0.1	-5.2031e-005
559	16.2	3.6	0.1	-5.6937e-005
560	15.6	3.6	0.1	-6.1906e-005
561	15.	3.6	0.1	-6.6943e-005
562	14.4	3.6	0.1	-7.2051e-005
563	13.8	3.6	0.1	-7.7236e-005
564	13.2	3.6	0.1	-8.2503e-005
565	12.6	3.6	0.1	-8.7843e-005
566	12.	3.6	0.1	-9.2708e-005
567	11.4	3.6	0.1	-9.7497e-005
568	10.8	3.6	0.1	-1.0219e-004
569	10.2	3.6	0.1	-1.0674e-004
570	9.6	3.6	0.1	-1.1106e-004
571	9.	3.6	0.1	-1.1509e-004
572	8.4	3.6	0.1	-1.187e-004
573	7.8	3.6	0.1	-1.2176e-004
574	7.2	3.6	0.1	-1.2406e-004
575	6.6	3.6	0.1	-1.2538e-004
576	6.	3.6	0.1	-1.254e-004
577	5.4	3.6	0.1	-1.2372e-004
578	4.8	3.6	0.1	-1.1985e-004
579	4.2	3.6	0.1	-1.1319e-004
580	3.6	3.6	0.1	-1.0306e-004
581	3.	3.6	0.1	-8.8782e-005
582	2.4	3.6	0.1	-6.9973e-005
583	1.8	3.6	0.1	-4.7236e-005
584	1.2	3.6	0.1	-2.3417e-005
585	0.6	3.6	0.1	-5.4916e-006
586	23.4	4.2	0.1	4.9614e-007
587	22.8	4.2	0.1	-4.8524e-006
588	22.2	4.2	0.1	-9.613e-006
589	21.6	4.2	0.1	-1.4368e-005
590	21.	4.2	0.1	-1.9043e-005
591	20.4	4.2	0.1	-2.3698e-005
592	19.8	4.2	0.1	-2.8351e-005
593	19.2	4.2	0.1	-3.302e-005
594	18.6	4.2	0.1	-3.7719e-005
595	18.	4.2	0.1	-4.2457e-005
596	17.4	4.2	0.1	-4.7243e-005
597	16.8	4.2	0.1	-5.2082e-005
598	16.2	4.2	0.1	-5.6981e-005
599	15.6	4.2	0.1	-6.1943e-005
600	15.	4.2	0.1	-6.6972e-005
601	14.4	4.2	0.1	-7.2074e-005
602	13.8	4.2	0.1	-7.7251e-005
603	13.2	4.2	0.1	-8.2509e-005
604	12.6	4.2	0.1	-8.785e-005
605	12.	4.2	0.1	-9.3008e-005
606	11.4	4.2	0.1	-9.7879e-005
607	10.8	4.2	0.1	-1.0268e-004
608	10.2	4.2	0.1	-1.0736e-004
609	9.6	4.2	0.1	-1.1187e-004
610	9.	4.2	0.1	-1.1614e-004
611	8.4	4.2	0.1	-1.2007e-004
612	7.8	4.2	0.1	-1.2354e-004
613	7.2	4.2	0.1	-1.2639e-004
614	6.6	4.2	0.1	-1.2844e-004
615	6.	4.2	0.1	-1.2943e-004
616	5.4	4.2	0.1	-1.2905e-004
617	4.8	4.2	0.1	-1.2691e-004
618	4.2	4.2	0.1	-1.2253e-004
619	3.6	4.2	0.1	-1.1529e-004
620	3.	4.2	0.1	-1.0442e-004
621	2.4	4.2	0.1	-8.8749e-005
622	1.8	4.2	0.1	-6.7093e-005
623	1.2	4.2	0.1	-3.8286e-005
624	0.6	4.2	0.1	-1.062e-005
625	23.4	4.8	0.1	-2.9501e-007
626	22.8	4.8	0.1	-5.4777e-006
627	22.2	4.8	0.1	-1.0098e-005
628	21.6	4.8	0.1	-1.4738e-005
629	21.	4.8	0.1	-1.933e-005
630	20.4	4.8	0.1	-2.3925e-005
631	19.8	4.8	0.1	-2.8534e-005
632	19.2	4.8	0.1	-3.317e-005
633	18.6	4.8	0.1	-3.7844e-005
634	18.	4.8	0.1	-4.2562e-005
635	17.4	4.8	0.1	-4.7332e-005
636	16.8	4.8	0.1	-5.2159e-005
637	16.2	4.8	0.1	-5.7046e-005
638	15.6	4.8	0.1	-6.1998e-005
639	15.	4.8	0.1	-6.7018e-005
640	14.4	4.8	0.1	-7.2109e-005
641	13.8	4.8	0.1	-7.7275e-005
642	13.2	4.8	0.1	-8.252e-005
643	12.6	4.8	0.1	-8.7847e-005
644	12.	4.8	0.1	-9.326e-005
645	11.4	4.8	0.1	-9.8489e-005
646	10.8	4.8	0.1	-1.0345e-004
647	10.2	4.8	0.1	-1.0836e-004
648	9.6	4.8	0.1	-1.1315e-004
649	9.	4.8	0.1	-1.1779e-004
650	8.4	4.8	0.1	-1.2221e-004
651	7.8	4.8	0.1	-1.2633e-004
652	7.2	4.8	0.1	-1.3004e-004
653	6.6	4.8	0.1	-1.3321e-004
654	6.	4.8	0.1	-1.3569e-004
655	5.4	4.8	0.1	-1.3728e-004
656	4.8	4.8	0.1	-1.3774e-004
657	4.2	4.8	0.1	-1.3678e-004
658	3.6	4.8	0.1	-1.3399e-004
659	3.	4.8	0.1	-1.2874e-004
660	2.4	4.8	0.1	-1.1983e-004
661	1.8	4.8	0.1	-1.0359e-004
662	1.2	4.8	0.1	-7.3725e-005
663	0.6	4.8	0.1	-2.3836e-005
664	23.4	5.4	0.1	-1.7885e-006
665	22.8	5.4	0.1	-6.4998e-006
666	22.2	5.4	0.1	-1.0859e-005
667	21.6	5.4	0.1	-1.532e-005
668	21.	5.4	0.1	-1.9791e-005
669	20.4	5.4	0.1	-2.4296e-005
670	19.8	5.4	0.1	-2.8838e-005
671	19.2	5.4	0.1	-3.3423e-005
672	18.6	5.4	0.1	-3.8056e-005
673	18.	5.4	0.1	-4.2743e-005
674	17.4	5.4	0.1	-4.7488e-005
675	16.8	5.4	0.1	-5.2294e-005
676	16.2	5.4	0.1	-5.7163e-005
677	15.6	5.4	0.1	-6.2099e-005
678	15.	5.4	0.1	-6.7103e-005
679	14.4	5.4	0.1	-7.2178e-005
680	13.8	5.4	0.1	-7.7326e-005
681	13.2	5.4	0.1	-8.255e-005
682	12.6	5.4	0.1	-8.7852e-005
683	12.	5.4	0.1	-9.3237e-005
684	11.4	5.4	0.1	-9.8708e-005
685	10.8	5.4	0.1	-1.0427e-004
686	10.2	5.4	0.1	-1.0966e-004
687	9.6	5.4	0.1	-1.1481e-004
688	9.	5.4	0.1	-1.1992e-004
689	8.4	5.4	0.1	-1.2496e-004
690	7.8	5.4	0.1	-1.2989e-004
691	7.2	5.4	0.1	-1.3466e-004
692	6.6	5.4	0.1	-1.3923e-004
693	6.	5.4	0.1	-1.4353e-004
694	5.4	5.4	0.1	-1.4751e-004
695	4.8	5.4	0.1	-1.511e-004
696	4.2	5.4	0.1	-1.5422e-004
697	3.6	5.4	0.1	-1.5677e-004
698	3.	5.4	0.1	-1.5847e-004
699	2.4	5.4	0.1	-1.5872e-004
700	1.8	5.4	0.1	-1.5623e-004
701	1.2	5.4	0.1	-1.4327e-004
702	0.6	5.4	0.1	-8.3537e-005
703	0.6	6.	0.1	-1.8404e-004
704	1.2	6.	0.1	-1.9383e-004
705	1.8	6.	0.1	-1.8962e-004
706	2.4	6.	0.1	-1.8355e-004
707	3.	6.	0.1	-1.7786e-004
708	3.6	6.	0.1	-1.7185e-004
709	4.2	6.	0.1	-1.6599e-004
710	4.8	6.	0.1	-1.6026e-004
711	5.4	6.	0.1	-1.5463e-004
712	6.	6.	0.1	-1.4906e-004
713	6.6	6.	0.1	-1.4352e-004
714	7.2	6.	0.1	-1.3799e-004
715	7.8	6.	0.1	-1.3247e-004
716	8.4	6.	0.1	-1.2697e-004
717	9.	6.	0.1	-1.2143e-004
718	9.6	6.	0.1	-1.1563e-004
719	10.2	6.	0.1	-1.0988e-004
720	10.8	6.	0.1	-1.0424e-004
721	11.4	6.	0.1	-9.8691e-005
722	12.	6.	0.1	-9.323e-005
723	12.6	6.	0.1	-8.7854e-005
724	13.2	6.	0.1	-8.2559e-005
725	13.8	6.	0.1	-7.734e-005
726	14.4	6.	0.1	-7.2197e-005
727	15.	6.	0.1	-6.7127e-005
728	15.6	6.	0.1	-6.2127e-005
729	16.2	6.	0.1	-5.7196e-005
730	16.8	6.	0.1	-5.2331e-005
731	17.4	6.	0.1	-4.7531e-005
732	18.	6.	0.1	-4.2793e-005
733	18.6	6.	0.1	-3.8115e-005
734	19.2	6.	0.1	-3.3492e-005
735	19.8	6.	0.1	-2.8921e-005
736	20.4	6.	0.1	-2.4399e-005
737	21.	6.	0.1	-1.9919e-005
738	21.6	6.	0.1	-1.5483e-005
739	22.2	6.	0.1	-1.1073e-005
740	22.8	6.	0.1	-6.8035e-006
741	23.4	6.	0.1	-2.3042e-006
742	24.	6.	0.1	3.5695e-007
743	24.	5.4	0.1	1.4681e-006
744	24.	4.8	0.1	3.2029e-006
745	24.	4.2	0.1	4.0747e-006
746	24.	3.6	0.1	4.6043e-006
747	24.	3.	0.1	4.7673e-006
748	24.	2.4	0.1	4.6043e-006
749	24.	1.8	0.1	4.0747e-006
750	24.	1.2	0.1	3.2029e-006
751	24.	0.6	0.1	1.4681e-006
752	24.	0.	0.1	3.5695e-007
753	23.4	0.	0.1	-2.3042e-006
754	22.8	0.	0.1	-6.8035e-006
755	22.2	0.	0.1	-1.1073e-005
756	21.6	0.	0.1	-1.5483e-005
757	21.	0.	0.1	-1.9919e-005
758	20.4	0.	0.1	-2.4399e-005
759	19.8	0.	0.1	-2.8921e-005
760	19.2	0.	0.1	-3.3492e-005
761	18.6	0.	0.1	-3.8115e-005
762	18.	0.	0.1	-4.2793e-005
763	17.4	0.	0.1	-4.7531e-005
764	16.8	0.	0.1	-5.2331e-005
765	16.2	0.	0.1	-5.7196e-005
766	15.6	0.	0.1	-6.2127e-005
767	15.	0.	0.1	-6.7127e-005
768	14.4	0.	0.1	-7.2197e-005
769	13.8	0.	0.1	-7.734e-005
770	13.2	0.	0.1	-8.2559e-005
771	12.6	0.	0.1	-8.7854e-005
772	12.	0.	0.1	-9.323e-005
773	11.4	0.	0.1	-9.8691e-005
774	10.8	0.	0.1	-1.0424e-004
775	10.2	0.	0.1	-1.0988e-004
776	9.6	0.	0.1	-1.1563e-004
777	9.	0.	0.1	-1.2143e-004
778	8.4	0.	0.1	-1.2697e-004
779	7.8	0.	0.1	-1.3247e-004
780	7.2	0.	0.1	-1.3799e-004
781	6.6	0.	0.1	-1.4352e-004
782	6.	0.	0.1	-1.4906e-004
783	5.4	0.	0.1	-1.5463e-004
784	4.8	0.	0.1	-1.6026e-004
785	4.2	0.	0.1	-1.6599e-004
786	3.6	0.	0.1	-1.7185e-004
787	3.	0.	0.1	-1.7786e-004
788	2.4	0.	0.1	-1.8355e-004
789	1.8	0.	0.1	-1.8962e-004
790	1.2	0.	0.1	-1.9383e-004
791	0.6	0.	0.1	-1.8404e-004
792	0.	0.	0.1	-3.5153e-006
793	5.2451e-015	0.6	0.1	1.9829e-006
794	1.049e-014	1.2	0.1	3.7741e-006
795	1.5735e-014	1.8	0.1	2.162e-006
796	2.0981e-014	2.4	0.1	6.5962e-007
797	2.6226e-014	3.	0.1	5.1821e-007
798	3.1471e-014	3.6	0.1	6.5962e-007
799	3.6716e-014	4.2	0.1	2.162e-006
800	4.1961e-014	4.8	0.1	3.7741e-006
801	4.7206e-014	5.4	0.1	1.9829e-006
802	3.937e-014	6.	0.1	-3.5153e-006
803	4.7206e-014	5.4	0.	-1.9829e-006
804	4.1961e-014	4.8	0.	-3.7741e-006
805	3.6716e-014	4.2	0.	-2.162e-006
806	3.1471e-014	3.6	0.	-6.5962e-007
807	2.6226e-014	3.	0.	-5.1821e-007
808	2.0981e-014	2.4	0.	-6.5962e-007
809	1.5735e-014	1.8	0.	-2.162e-006
810	1.049e-014	1.2	0.	-3.7741e-006
811	5.2451e-015	0.6	0.	-1.9829e-006
812	3.937e-014	6.	0.	3.5153e-006
813	0.	0.	0.	3.5153e-006
814	0.6	0.	0.	1.8404e-004
815	1.2	0.	0.	1.9383e-004
816	1.8	0.	0.	1.8962e-004
817	2.4	0.	0.	1.8355e-004
818	3.	0.	0.	1.7786e-004
819	3.6	0.	0.	1.7185e-004
820	4.2	0.	0.	1.6599e-004
821	4.8	0.	0.	1.6026e-004
822	5.4	0.	0.	1.5463e-004
823	6.	0.	0.	1.4906e-004
824	6.6	0.	0.	1.4352e-004
825	7.2	0.	0.	1.3799e-004
826	7.8	0.	0.	1.3247e-004
827	8.4	0.	0.	1.2697e-004
828	9.	0.	0.	1.2143e-004
829	9.6	0.	0.	1.1563e-004
830	10.2	0.	0.	1.0988e-004
831	10.8	0.	0.	1.0424e-004
832	11.4	0.	0.	9.8691e-005
833	12.	0.	0.	9.323e-005
834	12.6	0.	0.	8.7854e-005
835	13.2	0.	0.	8.2559e-005
836	13.8	0.	0.	7.734e-005
837	14.4	0.	0.	7.2197e-005
838	15.	0.	0.	6.7127e-005
839	15.6	0.	0.	6.2127e-005
840	16.2	0.	0.	5.7196e-005
841	16.8	0.	0.	5.2331e-005
842	17.4	0.	0.	4.7531e-005
843	18.	0.	0.	4.2793e-005
844	18.6	0.	0.	3.8115e-005
845	19.2	0.	0.	3.3492e-005
846	19.8	0.	0.	2.8921e-005
847	20.4	0.	0.	2.4399e-005
848	21.	0.	0.	1.9919e-005
849	21.6	0.	0.	1.5483e-005
850	22.2	0.	0.	1.1073e-005
851	22.8	0.	0.	6.8035e-006
852	23.4	0.	0.	2.3042e-006
853	24.	0.	0.	-3.5695e-007
854	24.	0.6	0.	-1.4681e-006
855	24.	1.2	0.	-3.2029e-006
856	24.	1.8	0.	-4.0747e-006
857	24.	2.4	0.	-4.6043e-006
858	24.	3.	0.	-4.7673e-006
859	24.	3.6	0.	-4.6043e-006
860	24.	4.2	0.	-4.0747e-006
861	24.	4.8	0.	-3.2029e-006
862	24.	5.4	0.	-1.4681e-006
863	24.	6.	0.	-3.5695e-007
864	23.4	6.	0.	2.3042e-006
865	22.8	6.	0.	6.8035e-006
866	22.2	6.	0.	1.1073e-005
867	21.6	6.	0.	1.5483e-005
868	21.	6.	0.	1.9919e-005
869	20.4	6.	0.	2.4399e-005
870	19.8	6.	0.	2.8921e-005
871	19.2	6.	0.	3.3492e-005
872	18.6	6.	0.	3.8115e-005
873	18.	6.	0.	4.2793e-005
874	17.4	6.	0.	4.7531e-005
875	16.8	6.	0.	5.2331e-005
876	16.2	6.	0.	5.7196e-005
877	15.6	6.	0.	6.2127e-005
878	15.	6.	0.	6.7127e-005
879	14.4	6.	0.	7.2197e-005
880	13.8	6.	0.	7.734e-005
881	13.2	6.	0.	8.2559e-005
882	12.6	6.	0.	8.7854e-005
883	12.	6.	0.	9.323e-005
884	11.4	6.	0.	9.8691e-005
885	10.8	6.	0.	1.0424e-004
886	10.2	6.	0.	1.0988e-004
887	9.6	6.	0.	1.1563e-004
888	9.	6.	0.	1.2143e-004
889	8.4	6.	0.	1.2697e-004
890	7.8	6.	0.	1.3247e-004
891	7.2	6.	0.	1.3799e-004
892	6.6	6.	0.	1.4352e-004
893	6.	6.	0.	1.4906e-004
894	5.4	6.	0.	1.5463e-004
895	4.8	6.	0.	1.6026e-004
896	4.2	6.	0.	1.6599e-004
897	3.6	6.	0.	1.7185e-004
898	3.	6.	0.	1.7786e-004
899	2.4	6.	0.	1.8355e-004
900	1.8	6.	0.	1.8962e-004
901	1.2	6.	0.	1.9383e-004
902	0.6	6.	0.	1.8404e-004
903	0.9	5.4	0.	1.1342e-004
904	0.6	5.1	0.	5.2164e-005
905	0.6	5.4	5.e-002	4.915e-013
906	0.3	5.4	0.	3.6299e-005
907	0.6	5.7	0.	1.3245e-004
908	1.5	5.4	0.	1.4943e-004
909	1.2	5.1	0.	1.0822e-004
910	1.2	5.4	5.e-002	-7.2995e-012
911	1.2	5.7	0.	1.701e-004
912	2.1	5.4	0.	1.5727e-004
913	1.8	5.1	0.	1.299e-004
914	1.8	5.4	5.e-002	4.1027e-017
915	1.8	5.7	0.	1.729e-004
916	2.7	5.4	0.	1.5847e-004
917	2.4	5.1	0.	1.3929e-004
918	2.4	5.4	5.e-002	-6.4817e-012
919	2.4	5.7	0.	1.7115e-004
920	3.3	5.4	0.	1.5753e-004
921	3.	5.1	0.	1.4363e-004
922	3.	5.4	5.e-002	-9.6379e-012
923	3.	5.7	0.	1.6817e-004
924	3.9	5.4	0.	1.5544e-004
925	3.6	5.1	0.	1.4539e-004
926	3.6	5.4	5.e-002	4.8409e-013
927	3.6	5.7	0.	1.6432e-004
928	4.5	5.4	0.	1.5262e-004
929	4.2	5.1	0.	1.4551e-004
930	4.2	5.4	5.e-002	-4.3754e-013
931	4.2	5.7	0.	1.6012e-004
932	5.1	5.4	0.	1.4928e-004
933	4.8	5.1	0.	1.4443e-004
934	4.8	5.4	5.e-002	-6.8e-013
935	4.8	5.7	0.	1.5569e-004
936	5.7	5.4	0.	1.4551e-004
937	5.4	5.1	0.	1.424e-004
938	5.4	5.4	5.e-002	-2.6424e-013
939	5.4	5.7	0.	1.5108e-004
940	6.3	5.4	0.	1.4137e-004
941	6.	5.1	0.	1.3961e-004
942	6.	5.4	5.e-002	-6.5296e-013
943	6.	5.7	0.	1.463e-004
944	6.9	5.4	0.	1.3694e-004
945	6.6	5.1	0.	1.3622e-004
946	6.6	5.4	5.e-002	-2.1492e-013
947	6.6	5.7	0.	1.4137e-004
948	7.5	5.4	0.	1.3227e-004
949	7.2	5.1	0.	1.3235e-004
950	7.2	5.4	5.e-002	-6.8462e-013
951	7.2	5.7	0.	1.3632e-004
952	8.1	5.4	0.	1.2742e-004
953	7.8	5.1	0.	1.281e-004
954	7.8	5.4	5.e-002	1.6497e-012
955	7.8	5.7	0.	1.3117e-004
956	8.7	5.4	0.	1.2244e-004
957	8.4	5.1	0.	1.2358e-004
958	8.4	5.4	5.e-002	1.7288e-012
959	8.4	5.7	0.	1.2596e-004
960	9.3	5.4	0.	1.1737e-004
961	9.	5.1	0.	1.1884e-004
962	9.	5.4	5.e-002	8.6615e-013
963	9.	5.7	0.	1.2069e-004
964	9.9	5.4	0.	1.1223e-004
965	9.6	5.1	0.	1.1397e-004
966	9.6	5.4	5.e-002	8.7275e-013
967	9.6	5.7	0.	1.154e-004
968	10.5	5.4	0.	1.0707e-004
969	10.2	5.1	0.	1.0899e-004
970	10.2	5.4	5.e-002	8.6223e-013
971	10.2	5.7	0.	1.099e-004
972	11.1	5.4	0.	1.0149e-004
973	10.8	5.1	0.	1.0395e-004
974	10.8	5.4	5.e-002	8.6418e-013
975	10.8	5.7	0.	1.0425e-004
976	11.7	5.4	0.	9.5972e-005
977	11.4	5.1	0.	9.8737e-005
978	11.4	5.4	5.e-002	1.8012e-012
979	11.4	5.7	0.	9.8698e-005
980	12.3	5.4	0.	9.0544e-005
981	12.	5.1	0.	9.325e-005
982	12.	5.4	5.e-002	2.7209e-012
983	12.	5.7	0.	9.3233e-005
984	12.9	5.4	0.	8.5201e-005
985	12.6	5.1	0.	8.785e-005
986	12.6	5.4	5.e-002	9.1043e-013
987	12.6	5.7	0.	8.7853e-005
988	13.5	5.4	0.	7.9938e-005
989	13.2	5.1	0.	8.2535e-005
990	13.2	5.4	5.e-002	-2.5992e-016
991	13.2	5.7	0.	8.2554e-005
992	14.1	5.4	0.	7.4752e-005
993	13.8	5.1	0.	7.7301e-005
994	13.8	5.4	5.e-002	6.7248e-015
995	13.8	5.7	0.	7.7334e-005
996	14.7	5.4	0.	6.964e-005
997	14.4	5.1	0.	7.2143e-005
998	14.4	5.4	5.e-002	1.8175e-012
999	14.4	5.7	0.	7.2188e-005
1000	15.3	5.4	0.	6.4601e-005
1001	15.	5.1	0.	6.706e-005
1002	15.	5.4	5.e-002	1.8166e-012
1003	15.	5.7	0.	6.7116e-005
1004	15.9	5.4	0.	5.9631e-005
1005	15.6	5.1	0.	6.2048e-005
1006	15.6	5.4	5.e-002	1.8173e-012
1007	15.6	5.7	0.	6.2114e-005
1008	16.5	5.4	0.	5.4728e-005
1009	16.2	5.1	0.	5.7104e-005
1010	16.2	5.4	5.e-002	4.8725e-013
1011	16.2	5.7	0.	5.7181e-005
1012	17.1	5.4	0.	4.9891e-005
1013	16.8	5.1	0.	5.2226e-005
1014	16.8	5.4	5.e-002	1.3778e-012
1015	16.8	5.7	0.	5.2314e-005
1016	17.7	5.4	0.	4.5116e-005
1017	17.4	5.1	0.	4.741e-005
1018	17.4	5.4	5.e-002	9.2986e-013
1019	17.4	5.7	0.	4.7512e-005
1020	18.3	5.4	0.	4.04e-005
1021	18.	5.1	0.	4.2653e-005
1022	18.	5.4	5.e-002	9.3297e-013
1023	18.	5.7	0.	4.2771e-005
1024	18.9	5.4	0.	3.5739e-005
1025	18.6	5.1	0.	3.795e-005
1026	18.6	5.4	5.e-002	4.8407e-013
1027	18.6	5.7	0.	3.8088e-005
1028	19.5	5.4	0.	3.113e-005
1029	19.2	5.1	0.	3.3297e-005
1030	19.2	5.4	5.e-002	9.7867e-013
1031	19.2	5.7	0.	3.3461e-005
1032	20.1	5.4	0.	2.6567e-005
1033	19.8	5.1	0.	2.8686e-005
1034	19.8	5.4	5.e-002	5.5069e-013
1035	19.8	5.7	0.	2.8884e-005
1036	20.7	5.4	0.	2.2044e-005
1037	20.4	5.1	0.	2.4111e-005
1038	20.4	5.4	5.e-002	7.4137e-013
1039	20.4	5.7	0.	2.4353e-005
1040	21.3	5.4	0.	1.7555e-005
1041	21.	5.1	0.	1.9561e-005
1042	21.	5.4	5.e-002	9.3323e-013
1043	21.	5.7	0.	1.9862e-005
1044	21.9	5.4	0.	1.3089e-005
1045	21.6	5.1	0.	1.503e-005
1046	21.6	5.4	5.e-002	9.5207e-013
1047	21.6	5.7	0.	1.541e-005
1048	22.5	5.4	0.	8.679e-006
1049	22.2	5.1	0.	1.0481e-005
1050	22.2	5.4	5.e-002	9.6313e-013
1051	22.2	5.7	0.	1.0978e-005
1052	23.1	5.4	0.	4.1401e-006
1053	22.8	5.1	0.	5.9924e-006
1054	22.8	5.4	5.e-002	7.7597e-013
1055	22.8	5.7	0.	6.668e-006
1056	23.4	5.1	0.	1.0474e-006
1057	23.4	5.4	5.e-002	1.1614e-012
1058	23.7	5.4	0.	1.1952e-007
1059	23.4	5.7	0.	2.0662e-006
1060	0.9	4.8	0.	4.8635e-005
1061	0.6	4.5	0.	1.6834e-005
1062	0.6	4.8	5.e-002	-3.6594e-012
1063	0.3	4.8	0.	9.5066e-006
1064	1.5	4.8	0.	8.8638e-005
1065	1.2	4.5	0.	5.561e-005
1066	1.2	4.8	5.e-002	-9.6608e-012
1067	2.1	4.8	0.	1.1162e-004
1068	1.8	4.5	0.	8.5158e-005
1069	1.8	4.8	5.e-002	4.6702e-014
1070	2.7	4.8	0.	1.242e-004
1071	2.4	4.5	0.	1.0421e-004
1072	2.4	4.8	5.e-002	-3.7436e-013
1073	3.3	4.8	0.	1.313e-004
1074	3.	4.5	0.	1.1655e-004
1075	3.	4.8	5.e-002	-1.0972e-013
1076	3.9	4.8	0.	1.3534e-004
1077	3.6	4.5	0.	1.2463e-004
1078	3.6	4.8	5.e-002	-3.9107e-012
1079	4.5	4.8	0.	1.3723e-004
1080	4.2	4.5	0.	1.2965e-004
1081	4.2	4.8	5.e-002	-4.3157e-013
1082	5.1	4.8	0.	1.3749e-004
1083	4.8	4.5	0.	1.3233e-004
1084	4.8	4.8	5.e-002	-3.8555e-013
1085	5.7	4.8	0.	1.3648e-004
1086	5.4	4.5	0.	1.3317e-004
1087	5.4	4.8	5.e-002	2.6252e-012
1088	6.3	4.8	0.	1.3445e-004
1089	6.	4.5	0.	1.3256e-004
1090	6.	4.8	5.e-002	-6.8256e-013
1091	6.9	4.8	0.	1.3162e-004
1092	6.6	4.5	0.	1.3083e-004
1093	6.6	4.8	5.e-002	-4.8893e-013
1094	7.5	4.8	0.	1.2818e-004
1095	7.2	4.5	0.	1.2821e-004
1096	7.2	4.8	5.e-002	1.3892e-012
1097	8.1	4.8	0.	1.2427e-004
1098	7.8	4.5	0.	1.2493e-004
1099	7.8	4.8	5.e-002	-1.6339e-013
1100	8.7	4.8	0.	1.2e-004
1101	8.4	4.5	0.	1.2113e-004
1102	8.4	4.8	5.e-002	7.4981e-013
1103	9.3	4.8	0.	1.1547e-004
1104	9.	4.5	0.	1.1696e-004
1105	9.	4.8	5.e-002	-7.39e-014
1106	9.9	4.8	0.	1.1075e-004
1107	9.6	4.5	0.	1.125e-004
1108	9.6	4.8	5.e-002	8.1277e-013
1109	10.5	4.8	0.	1.059e-004
1110	10.2	4.5	0.	1.0785e-004
1111	10.2	4.8	5.e-002	8.5416e-013
1112	11.1	4.8	0.	1.0097e-004
1113	10.8	4.5	0.	1.0305e-004
1114	10.8	4.8	5.e-002	-3.1681e-014
1115	11.7	4.8	0.	9.5969e-005
1116	11.4	4.5	0.	9.8169e-005
1117	11.4	4.8	5.e-002	-1.9177e-014
1118	12.3	4.8	0.	9.0555e-005
1119	12.	4.5	0.	9.3216e-005
1120	12.	4.8	5.e-002	9.021e-013
1121	12.9	4.8	0.	8.5184e-005
1122	12.6	4.5	0.	8.7849e-005
1123	12.6	4.8	5.e-002	-8.3816e-016
1124	13.5	4.8	0.	7.9898e-005
1125	13.2	4.5	0.	8.2514e-005
1126	13.2	4.8	5.e-002	5.6664e-015
1127	14.1	4.8	0.	7.4692e-005
1128	13.8	4.5	0.	7.7263e-005
1129	13.8	4.8	5.e-002	9.1077e-015
1130	14.7	4.8	0.	6.9564e-005
1131	14.4	4.5	0.	7.2092e-005
1132	14.4	4.8	5.e-002	9.2247e-013
1133	15.3	4.8	0.	6.4508e-005
1134	15.	4.5	0.	6.6995e-005
1135	15.	4.8	5.e-002	1.2719e-014
1136	15.9	4.8	0.	5.9522e-005
1137	15.6	4.5	0.	6.197e-005
1138	15.6	4.8	5.e-002	1.8388e-012
1139	16.5	4.8	0.	5.4602e-005
1140	16.2	4.5	0.	5.7013e-005
1141	16.2	4.8	5.e-002	1.2358e-014
1142	17.1	4.8	0.	4.9745e-005
1143	16.8	4.5	0.	5.2121e-005
1144	16.8	4.8	5.e-002	2.9188e-014
1145	17.7	4.8	0.	4.4947e-005
1146	17.4	4.5	0.	4.7288e-005
1147	17.4	4.8	5.e-002	1.3967e-012
1148	18.3	4.8	0.	4.0203e-005
1149	18.	4.5	0.	4.251e-005
1150	18.	4.8	5.e-002	1.4228e-012
1151	18.9	4.8	0.	3.5507e-005
1152	18.6	4.5	0.	3.7782e-005
1153	18.6	4.8	5.e-002	9.68e-013
1154	19.5	4.8	0.	3.0852e-005
1155	19.2	4.5	0.	3.3096e-005
1156	19.2	4.8	5.e-002	5.197e-013
1157	20.1	4.8	0.	2.6229e-005
1158	19.8	4.5	0.	2.8443e-005
1159	19.8	4.8	5.e-002	5.061e-013
1160	20.7	4.8	0.	2.1628e-005
1161	20.4	4.5	0.	2.3812e-005
1162	20.4	4.8	5.e-002	3.1451e-013
1163	21.3	4.8	0.	1.7034e-005
1164	21.	4.5	0.	1.9187e-005
1165	21.	4.8	5.e-002	9.8618e-013
1166	21.9	4.8	0.	1.2418e-005
1167	21.6	4.5	0.	1.4554e-005
1168	21.6	4.8	5.e-002	8.0398e-013
1169	22.5	4.8	0.	7.7866e-006
1170	22.2	4.5	0.	9.8562e-006
1171	22.2	4.8	5.e-002	3.2452e-013
1172	23.1	4.8	0.	2.8806e-006
1173	22.8	4.5	0.	5.1662e-006
1174	22.8	4.8	5.e-002	6.4572e-013
1175	23.4	4.5	0.	-9.913e-008
1176	23.4	4.8	5.e-002	1.0378e-012
1177	23.7	4.8	0.	-1.4934e-006
1178	0.9	4.2	0.	2.4281e-005
1179	0.6	3.9	0.	7.9692e-006
1180	0.6	4.2	5.e-002	-2.7835e-013
1181	0.3	4.2	0.	4.5117e-006
1182	1.5	4.2	0.	5.2686e-005
1183	1.2	3.9	0.	3.0606e-005
1184	1.2	4.2	5.e-002	1.6814e-013
1185	2.1	4.2	0.	7.7903e-005
1186	1.8	3.9	0.	5.6932e-005
1187	1.8	4.2	5.e-002	-4.5382e-013
1188	2.7	4.2	0.	9.6548e-005
1189	2.4	3.9	0.	7.9206e-005
1190	2.4	4.2	5.e-002	-4.6016e-013
1191	3.3	4.2	0.	1.0982e-004
1192	3.	3.9	0.	9.6511e-005
1193	3.	4.2	5.e-002	-1.3576e-012
1194	3.9	4.2	0.	1.1889e-004
1195	3.6	3.9	0.	1.0913e-004
1196	3.6	4.2	5.e-002	-3.9803e-014
1197	4.5	4.2	0.	1.247e-004
1198	4.2	3.9	0.	1.1784e-004
1199	4.2	4.2	5.e-002	-5.7545e-013
1200	5.1	4.2	0.	1.2797e-004
1201	4.8	3.9	0.	1.2338e-004
1202	4.8	4.2	5.e-002	-1.0326e-012
1203	5.7	4.2	0.	1.2924e-004
1204	5.4	3.9	0.	1.2639e-004
1205	5.4	4.2	5.e-002	-7.3718e-013
1206	6.3	4.2	0.	1.2894e-004
1207	6.	3.9	0.	1.2742e-004
1208	6.	4.2	5.e-002	-3.2211e-013
1209	6.9	4.2	0.	1.2742e-004
1210	6.6	3.9	0.	1.2691e-004
1211	6.6	4.2	5.e-002	-2.4641e-013
1212	7.5	4.2	0.	1.2496e-004
1213	7.2	3.9	0.	1.2523e-004
1214	7.2	4.2	5.e-002	1.6088e-012
1215	8.1	4.2	0.	1.218e-004
1216	7.8	3.9	0.	1.2264e-004
1217	7.8	4.2	5.e-002	-1.7446e-013
1218	8.7	4.2	0.	1.181e-004
1219	8.4	3.9	0.	1.1938e-004
1220	8.4	4.2	5.e-002	7.9422e-013
1221	9.3	4.2	0.	1.1401e-004
1222	9.	3.9	0.	1.1561e-004
1223	9.	4.2	5.e-002	-5.4272e-014
1224	9.9	4.2	0.	1.0962e-004
1225	9.6	3.9	0.	1.1146e-004
1226	9.6	4.2	5.e-002	-5.9458e-014
1227	10.5	4.2	0.	1.0502e-004
1228	10.2	3.9	0.	1.0704e-004
1229	10.2	4.2	5.e-002	8.6639e-013
1230	11.1	4.2	0.	1.0028e-004
1231	10.8	3.9	0.	1.0242e-004
1232	10.8	4.2	5.e-002	8.8521e-013
1233	11.7	4.2	0.	9.5444e-005
1234	11.4	3.9	0.	9.7674e-005
1235	11.4	4.2	5.e-002	8.914e-013
1236	12.3	4.2	0.	9.0532e-005
1237	12.	3.9	0.	9.2842e-005
1238	12.	4.2	5.e-002	-1.093e-014
1239	12.9	4.2	0.	8.518e-005
1240	12.6	3.9	0.	8.785e-005
1241	12.6	4.2	5.e-002	-2.4401e-015
1242	13.5	4.2	0.	7.988e-005
1243	13.2	3.9	0.	8.2506e-005
1244	13.2	4.2	5.e-002	2.1862e-015
1245	14.1	4.2	0.	7.4663e-005
1246	13.8	3.9	0.	7.7244e-005
1247	13.8	4.2	5.e-002	8.1435e-015
1248	14.7	4.2	0.	6.9523e-005
1249	14.4	3.9	0.	7.2063e-005
1250	14.4	4.2	5.e-002	8.3033e-015
1251	15.3	4.2	0.	6.4458e-005
1252	15.	3.9	0.	6.6958e-005
1253	15.	4.2	5.e-002	1.9232e-014
1254	15.9	4.2	0.	5.9462e-005
1255	15.6	3.9	0.	6.1925e-005
1256	15.6	4.2	5.e-002	1.366e-014
1257	16.5	4.2	0.	5.4531e-005
1258	16.2	3.9	0.	5.6959e-005
1259	16.2	4.2	5.e-002	4.7169e-013
1260	17.1	4.2	0.	4.9663e-005
1261	16.8	3.9	0.	5.2057e-005
1262	16.8	4.2	5.e-002	4.7912e-013
1263	17.7	4.2	0.	4.485e-005
1264	17.4	3.9	0.	4.7213e-005
1265	17.4	4.2	5.e-002	3.1697e-014
1266	18.3	4.2	0.	4.0088e-005
1267	18.	3.9	0.	4.2422e-005
1268	18.	4.2	5.e-002	4.9635e-013
1269	18.9	4.2	0.	3.537e-005
1270	18.6	3.9	0.	3.7677e-005
1271	18.6	4.2	5.e-002	5.2425e-013
1272	19.5	4.2	0.	3.0686e-005
1273	19.2	3.9	0.	3.297e-005
1274	19.2	4.2	5.e-002	9.61e-013
1275	20.1	4.2	0.	2.6024e-005
1276	19.8	3.9	0.	2.8289e-005
1277	19.8	4.2	5.e-002	1.4453e-012
1278	20.7	4.2	0.	2.137e-005
1279	20.4	3.9	0.	2.3621e-005
1280	20.4	4.2	5.e-002	5.4377e-013
1281	21.3	4.2	0.	1.6705e-005
1282	21.	3.9	0.	1.8945e-005
1283	21.	4.2	5.e-002	7.6933e-013
1284	21.9	4.2	0.	1.199e-005
1285	21.6	3.9	0.	1.4242e-005
1286	21.6	4.2	5.e-002	5.7883e-013
1287	22.5	4.2	0.	7.2314e-006
1288	22.2	3.9	0.	9.4516e-006
1289	22.2	4.2	5.e-002	3.4789e-013
1290	23.1	4.2	0.	2.1717e-006
1291	22.8	3.9	0.	4.6472e-006
1292	22.8	4.2	5.e-002	9.7394e-013
1293	23.4	3.9	0.	-7.4447e-007
1294	23.4	4.2	5.e-002	1.0455e-012
1295	23.7	4.2	0.	-2.3229e-006
1296	0.9	3.6	0.	1.4408e-005
1297	0.6	3.3	0.	4.8307e-006
1298	0.6	3.6	5.e-002	-3.634e-014
1299	0.3	3.6	0.	2.425e-006
1300	1.5	3.6	0.	3.5321e-005
1301	1.2	3.3	0.	2.1209e-005
1302	1.2	3.6	5.e-002	-2.4731e-013
1303	2.1	3.6	0.	5.8603e-005
1304	1.8	3.3	0.	4.395e-005
1305	1.8	3.6	5.e-002	-4.6365e-013
1306	2.7	3.6	0.	7.937e-005
1307	2.4	3.3	0.	6.6679e-005
1308	2.4	3.6	5.e-002	-3.3082e-013
1309	3.3	3.6	0.	9.591e-005
1310	3.	3.3	0.	8.5976e-005
1311	3.	3.6	5.e-002	-6.6622e-013
1312	3.9	3.6	0.	1.0812e-004
1313	3.6	3.3	0.	1.0086e-004
1314	3.6	3.6	5.e-002	-5.8967e-013
1315	4.5	3.6	0.	1.1652e-004
1316	4.2	3.3	0.	1.1154e-004
1317	4.2	3.6	5.e-002	-4.3117e-013
1318	5.1	3.6	0.	1.2178e-004
1319	4.8	3.3	0.	1.1861e-004
1320	4.8	3.6	5.e-002	-3.4348e-013
1321	5.7	3.6	0.	1.2456e-004
1322	5.4	3.3	0.	1.2279e-004
1323	5.4	3.6	5.e-002	-2.5796e-013
1324	6.3	3.6	0.	1.2539e-004
1325	6.	3.3	0.	1.247e-004
1326	6.	3.6	5.e-002	-2.0214e-013
1327	6.9	3.6	0.	1.2472e-004
1328	6.6	3.3	0.	1.2485e-004
1329	6.6	3.6	5.e-002	-1.5732e-013
1330	7.5	3.6	0.	1.2291e-004
1331	7.2	3.3	0.	1.2366e-004
1332	7.2	3.6	5.e-002	-1.3034e-013
1333	8.1	3.6	0.	1.2023e-004
1334	7.8	3.3	0.	1.2145e-004
1335	7.8	3.6	5.e-002	-8.7286e-014
1336	8.7	3.6	0.	1.169e-004
1337	8.4	3.3	0.	1.1847e-004
1338	8.4	3.6	5.e-002	-6.7967e-014
1339	9.3	3.6	0.	1.1308e-004
1340	9.	3.3	0.	1.149e-004
1341	9.	3.6	5.e-002	-4.6874e-014
1342	9.9	3.6	0.	1.089e-004
1343	9.6	3.3	0.	1.1092e-004
1344	9.6	3.6	5.e-002	-3.7561e-014
1345	10.5	3.6	0.	1.0446e-004
1346	10.2	3.3	0.	1.0662e-004
1347	10.2	3.6	5.e-002	-2.6268e-014
1348	11.1	3.6	0.	9.9843e-005
1349	10.8	3.3	0.	1.0209e-004
1350	10.8	3.6	5.e-002	-1.6664e-014
1351	11.7	3.6	0.	9.5102e-005
1352	11.4	3.3	0.	9.7418e-005
1353	11.4	3.6	5.e-002	-1.1007e-014
1354	12.3	3.6	0.	9.0285e-005
1355	12.	3.3	0.	9.2641e-005
1356	12.	3.6	5.e-002	-5.2698e-015
1357	12.9	3.6	0.	8.518e-005
1358	12.6	3.3	0.	8.7805e-005
1359	12.6	3.6	5.e-002	-1.7854e-015
1360	13.5	3.6	0.	7.987e-005
1361	13.2	3.3	0.	8.2502e-005
1362	13.2	3.6	5.e-002	1.4502e-015
1363	14.1	3.6	0.	7.4644e-005
1364	13.8	3.3	0.	7.7234e-005
1365	13.8	3.6	5.e-002	3.8917e-015
1366	14.7	3.6	0.	6.9497e-005
1367	14.4	3.3	0.	7.2048e-005
1368	14.4	3.6	5.e-002	1.8256e-012
1369	15.3	3.6	0.	6.4424e-005
1370	15.	3.3	0.	6.6938e-005
1371	15.	3.6	5.e-002	7.5418e-015
1372	15.9	3.6	0.	5.9422e-005
1373	15.6	3.3	0.	6.1901e-005
1374	15.6	3.6	5.e-002	1.8292e-012
1375	16.5	3.6	0.	5.4484e-005
1376	16.2	3.3	0.	5.6931e-005
1377	16.2	3.6	5.e-002	9.2091e-013
1378	17.1	3.6	0.	4.9607e-005
1379	16.8	3.3	0.	5.2023e-005
1380	16.8	3.6	5.e-002	4.6972e-013
1381	17.7	3.6	0.	4.4785e-005
1382	17.4	3.3	0.	4.7173e-005
1383	17.4	3.6	5.e-002	4.7414e-013
1384	18.3	3.6	0.	4.0011e-005
1385	18.	3.3	0.	4.2375e-005
1386	18.	3.6	5.e-002	4.7983e-013
1387	18.9	3.6	0.	3.5277e-005
1388	18.6	3.3	0.	3.7621e-005
1389	18.6	3.6	5.e-002	4.8544e-013
1390	19.5	3.6	0.	3.0572e-005
1391	19.2	3.3	0.	3.2902e-005
1392	19.2	3.6	5.e-002	4.0013e-014
1393	20.1	3.6	0.	2.5884e-005
1394	19.8	3.3	0.	2.8206e-005
1395	19.8	3.6	5.e-002	9.549e-013
1396	20.7	3.6	0.	2.1194e-005
1397	20.4	3.3	0.	2.3517e-005
1398	20.4	3.6	5.e-002	2.8175e-013
1399	21.3	3.6	0.	1.6481e-005
1400	21.	3.3	0.	1.8814e-005
1401	21.	3.6	5.e-002	7.4e-013
1402	21.9	3.6	0.	1.1702e-005
1403	21.6	3.3	0.	1.4074e-005
1404	21.6	3.6	5.e-002	5.2359e-013
1405	22.5	3.6	0.	6.8638e-006
1406	22.2	3.3	0.	9.2364e-006
1407	22.2	3.6	5.e-002	7.3192e-013
1408	23.1	3.6	0.	1.7169e-006
1409	22.8	3.3	0.	4.3751e-006
1410	22.8	3.6	5.e-002	9.4117e-013
1411	23.4	3.3	0.	-1.0707e-006
1412	23.4	3.6	5.e-002	1.0095e-012
1413	23.7	3.6	0.	-2.8377e-006
1414	0.9	3.	0.	1.1793e-005
1415	0.6	2.7	0.	4.8307e-006
1416	0.6	3.	5.e-002	-1.1369e-013
1417	0.3	3.	0.	1.8657e-006
1418	1.5	3.	0.	3.0228e-005
1419	1.2	2.7	0.	2.1209e-005
1420	1.2	3.	5.e-002	-1.2853e-021
1421	2.1	3.	0.	5.2444e-005
1422	1.8	2.7	0.	4.395e-005
1423	1.8	3.	5.e-002	-9.0949e-013
1424	2.7	3.	0.	7.3594e-005
1425	2.4	2.7	0.	6.6679e-005
1426	2.4	3.	5.e-002	-2.7285e-012
1427	3.3	3.	0.	9.1116e-005
1428	3.	2.7	0.	8.5976e-005
1429	3.	3.	5.e-002	-2.4567e-020
1430	3.9	3.	0.	1.0438e-004
1431	3.6	2.7	0.	1.0086e-004
1432	3.6	3.	5.e-002	-1.819e-012
1433	4.5	3.	0.	1.1367e-004
1434	4.2	2.7	0.	1.1154e-004
1435	4.2	3.	5.e-002	-4.2732e-020
1436	5.1	3.	0.	1.1963e-004
1437	4.8	2.7	0.	1.1861e-004
1438	4.8	3.	5.e-002	-9.0949e-013
1439	5.7	3.	0.	1.2294e-004
1440	5.4	2.7	0.	1.2279e-004
1441	5.4	3.	5.e-002	-6.25e-020
1442	6.3	3.	0.	1.2416e-004
1443	6.	2.7	0.	1.247e-004
1444	6.	3.	5.e-002	-5.5704e-020
1445	6.9	3.	0.	1.2379e-004
1446	6.6	2.7	0.	1.2485e-004
1447	6.6	3.	5.e-002	-1.819e-012
1448	7.5	3.	0.	1.222e-004
1449	7.2	2.7	0.	1.2366e-004
1450	7.2	3.	5.e-002	-1.819e-012
1451	8.1	3.	0.	1.1969e-004
1452	7.8	2.7	0.	1.2145e-004
1453	7.8	3.	5.e-002	-9.0949e-013
1454	8.7	3.	0.	1.1648e-004
1455	8.4	2.7	0.	1.1847e-004
1456	8.4	3.	5.e-002	-9.0949e-013
1457	9.3	3.	0.	1.1276e-004
1458	9.	2.7	0.	1.149e-004
1459	9.	3.	5.e-002	-1.1888e-019
1460	9.9	3.	0.	1.0865e-004
1461	9.6	2.7	0.	1.1092e-004
1462	9.6	3.	5.e-002	-1.5224e-019
1463	10.5	3.	0.	1.0427e-004
1464	10.2	2.7	0.	1.0662e-004
1465	10.2	3.	5.e-002	-1.816e-019
1466	11.1	3.	0.	9.9695e-005
1467	10.8	2.7	0.	1.0209e-004
1468	10.8	3.	5.e-002	-1.5215e-019
1469	11.7	3.	0.	9.4986e-005
1470	11.4	2.7	0.	9.7418e-005
1471	11.4	3.	5.e-002	-1.9896e-019
1472	12.3	3.	0.	9.0194e-005
1473	12.	2.7	0.	9.2641e-005
1474	12.	3.	5.e-002	-2.1459e-019
1475	12.9	3.	0.	8.5181e-005
1476	12.6	2.7	0.	8.7805e-005
1477	12.6	3.	5.e-002	-2.6991e-019
1478	13.5	3.	0.	7.9867e-005
1479	13.2	2.7	0.	8.2502e-005
1480	13.2	3.	5.e-002	-2.9997e-019
1481	14.1	3.	0.	7.4638e-005
1482	13.8	2.7	0.	7.7234e-005
1483	13.8	3.	5.e-002	-3.018e-019
1484	14.7	3.	0.	6.9489e-005
1485	14.4	2.7	0.	7.2048e-005
1486	14.4	3.	5.e-002	-3.4192e-019
1487	15.3	3.	0.	6.4414e-005
1488	15.	2.7	0.	6.6938e-005
1489	15.	3.	5.e-002	-4.7768e-019
1490	15.9	3.	0.	5.9409e-005
1491	15.6	2.7	0.	6.1901e-005
1492	15.6	3.	5.e-002	-5.4026e-019
1493	16.5	3.	0.	5.4469e-005
1494	16.2	2.7	0.	5.6931e-005
1495	16.2	3.	5.e-002	-5.5167e-019
1496	17.1	3.	0.	4.9589e-005
1497	16.8	2.7	0.	5.2023e-005
1498	16.8	3.	5.e-002	4.5475e-013
1499	17.7	3.	0.	4.4764e-005
1500	17.4	2.7	0.	4.7174e-005
1501	17.4	3.	5.e-002	4.5475e-013
1502	18.3	3.	0.	3.9985e-005
1503	18.	2.7	0.	4.2375e-005
1504	18.	3.	5.e-002	4.5475e-013
1505	18.9	3.	0.	3.5246e-005
1506	18.6	2.7	0.	3.7621e-005
1507	18.6	3.	5.e-002	4.5475e-013
1508	19.5	3.	0.	3.0535e-005
1509	19.2	2.7	0.	3.2902e-005
1510	19.2	3.	5.e-002	9.0949e-013
1511	20.1	3.	0.	2.5838e-005
1512	19.8	2.7	0.	2.8206e-005
1513	19.8	3.	5.e-002	1.819e-012
1514	20.7	3.	0.	2.1136e-005
1515	20.4	2.7	0.	2.3517e-005
1516	20.4	3.	5.e-002	-1.0395e-018
1517	21.3	3.	0.	1.6407e-005
1518	21.	2.7	0.	1.8814e-005
1519	21.	3.	5.e-002	4.5475e-013
1520	21.9	3.	0.	1.1607e-005
1521	21.6	2.7	0.	1.4074e-005
1522	21.6	3.	5.e-002	4.5475e-013
1523	22.5	3.	0.	6.7444e-006
1524	22.2	2.7	0.	9.2364e-006
1525	22.2	3.	5.e-002	6.8212e-013
1526	23.1	3.	0.	1.5735e-006
1527	22.8	2.7	0.	4.3751e-006
1528	22.8	3.	5.e-002	6.8212e-013
1529	23.4	2.7	0.	-1.0707e-006
1530	23.4	3.	5.e-002	9.0949e-013
1531	23.7	3.	0.	-2.9964e-006
1532	0.9	2.4	0.	1.4408e-005
1533	0.6	2.1	0.	7.9692e-006
1534	0.6	2.4	5.e-002	1.5756e-013
1535	0.3	2.4	0.	2.425e-006
1536	1.5	2.4	0.	3.5321e-005
1537	1.2	2.1	0.	3.0606e-005
1538	1.2	2.4	5.e-002	-3.2917e-013
1539	2.1	2.4	0.	5.8603e-005
1540	1.8	2.1	0.	5.6932e-005
1541	1.8	2.4	5.e-002	6.182e-013
1542	2.7	2.4	0.	7.937e-005
1543	2.4	2.1	0.	7.9206e-005
1544	2.4	2.4	5.e-002	6.6163e-013
1545	3.3	2.4	0.	9.591e-005
1546	3.	2.1	0.	9.6511e-005
1547	3.	2.4	5.e-002	3.3311e-013
1548	3.9	2.4	0.	1.0812e-004
1549	3.6	2.1	0.	1.0913e-004
1550	3.6	2.4	5.e-002	5.8967e-013
1551	4.5	2.4	0.	1.1652e-004
1552	4.2	2.1	0.	1.1784e-004
1553	4.2	2.4	5.e-002	6.597e-013
1554	5.1	2.4	0.	1.2178e-004
1555	4.8	2.1	0.	1.2338e-004
1556	4.8	2.4	5.e-002	-1.2328e-012
1557	5.7	2.4	0.	1.2456e-004
1558	5.4	2.1	0.	1.2639e-004
1559	5.4	2.4	5.e-002	3.6382e-013
1560	6.3	2.4	0.	1.2539e-004
1561	6.	2.1	0.	1.2742e-004
1562	6.	2.4	5.e-002	1.9479e-013
1563	6.9	2.4	0.	1.2472e-004
1564	6.6	2.1	0.	1.2691e-004
1565	6.6	2.4	5.e-002	-3.3751e-012
1566	7.5	2.4	0.	1.2291e-004
1567	7.2	2.1	0.	1.2523e-004
1568	7.2	2.4	5.e-002	-1.6662e-012
1569	8.1	2.4	0.	1.2023e-004
1570	7.8	2.1	0.	1.2264e-004
1571	7.8	2.4	5.e-002	1.0232e-013
1572	8.7	2.4	0.	1.169e-004
1573	8.4	2.1	0.	1.1938e-004
1574	8.4	2.4	5.e-002	7.4614e-014
1575	9.3	2.4	0.	1.1308e-004
1576	9.	2.1	0.	1.1561e-004
1577	9.	2.4	5.e-002	-8.5624e-013
1578	9.9	2.4	0.	1.089e-004
1579	9.6	2.1	0.	1.1146e-004
1580	9.6	2.4	5.e-002	-8.7281e-013
1581	10.5	2.4	0.	1.0446e-004
1582	10.2	2.1	0.	1.0704e-004
1583	10.2	2.4	5.e-002	-8.811e-013
1584	11.1	2.4	0.	9.9843e-005
1585	10.8	2.1	0.	1.0242e-004
1586	10.8	2.4	5.e-002	1.8408e-014
1587	11.7	2.4	0.	9.5102e-005
1588	11.4	2.1	0.	9.7674e-005
1589	11.4	2.4	5.e-002	1.1124e-014
1590	12.3	2.4	0.	9.0285e-005
1591	12.	2.1	0.	9.2842e-005
1592	12.	2.4	5.e-002	-9.0421e-013
1593	12.9	2.4	0.	8.518e-005
1594	12.6	2.1	0.	8.785e-005
1595	12.6	2.4	5.e-002	1.9225e-015
1596	13.5	2.4	0.	7.987e-005
1597	13.2	2.1	0.	8.2506e-005
1598	13.2	2.4	5.e-002	-1.3388e-015
1599	14.1	2.4	0.	7.4644e-005
1600	13.8	2.1	0.	7.7244e-005
1601	13.8	2.4	5.e-002	-1.8231e-012
1602	14.7	2.4	0.	6.9497e-005
1603	14.4	2.1	0.	7.2063e-005
1604	14.4	2.4	5.e-002	-6.1261e-015
1605	15.3	2.4	0.	6.4424e-005
1606	15.	2.1	0.	6.6958e-005
1607	15.	2.4	5.e-002	-8.0291e-015
1608	15.9	2.4	0.	5.9422e-005
1609	15.6	2.1	0.	6.1925e-005
1610	15.6	2.4	5.e-002	-1.0109e-014
1611	16.5	2.4	0.	5.4484e-005
1612	16.2	2.1	0.	5.6959e-005
1613	16.2	2.4	5.e-002	-1.1182e-014
1614	17.1	2.4	0.	4.9607e-005
1615	16.8	2.1	0.	5.2057e-005
1616	16.8	2.4	5.e-002	-1.3776e-014
1617	17.7	2.4	0.	4.4785e-005
1618	17.4	2.1	0.	4.7213e-005
1619	17.4	2.4	5.e-002	4.3582e-013
1620	18.3	2.4	0.	4.0011e-005
1621	18.	2.1	0.	4.2422e-005
1622	18.	2.4	5.e-002	-2.2487e-014
1623	18.9	2.4	0.	3.5277e-005
1624	18.6	2.1	0.	3.7677e-005
1625	18.6	2.4	5.e-002	-3.1699e-014
1626	19.5	2.4	0.	3.0572e-005
1627	19.2	2.1	0.	3.297e-005
1628	19.2	2.4	5.e-002	-3.8511e-014
1629	20.1	2.4	0.	2.5884e-005
1630	19.8	2.1	0.	2.8289e-005
1631	19.8	2.4	5.e-002	8.5749e-013
1632	20.7	2.4	0.	2.1194e-005
1633	20.4	2.1	0.	2.3621e-005
1634	20.4	2.4	5.e-002	6.1746e-013
1635	21.3	2.4	0.	1.6481e-005
1636	21.	2.1	0.	1.8945e-005
1637	21.	2.4	5.e-002	1.5731e-013
1638	21.9	2.4	0.	1.1702e-005
1639	21.6	2.1	0.	1.4242e-005
1640	21.6	2.4	5.e-002	3.9026e-013
1641	22.5	2.4	0.	6.8638e-006
1642	22.2	2.1	0.	9.4516e-006
1643	22.2	2.4	5.e-002	6.3665e-013
1644	23.1	2.4	0.	1.7169e-006
1645	22.8	2.1	0.	4.6472e-006
1646	22.8	2.4	5.e-002	8.6878e-013
1647	23.4	2.1	0.	-7.4446e-007
1648	23.4	2.4	5.e-002	8.6069e-013
1649	23.7	2.4	0.	-2.8376e-006
1650	0.9	1.8	0.	2.4281e-005
1651	0.6	1.5	0.	1.6834e-005
1652	0.6	1.8	5.e-002	1.5566e-013
1653	0.3	1.8	0.	4.5117e-006
1654	1.5	1.8	0.	5.2686e-005
1655	1.2	1.5	0.	5.561e-005
1656	1.2	1.8	5.e-002	1.1178e-012
1657	2.1	1.8	0.	7.7903e-005
1658	1.8	1.5	0.	8.5158e-005
1659	1.8	1.8	5.e-002	4.1109e-012
1660	2.7	1.8	0.	9.6548e-005
1661	2.4	1.5	0.	1.0421e-004
1662	2.4	1.8	5.e-002	4.1474e-012
1663	3.3	1.8	0.	1.0982e-004
1664	3.	1.5	0.	1.1655e-004
1665	3.	1.8	5.e-002	3.5833e-013
1666	3.9	1.8	0.	1.1889e-004
1667	3.6	1.5	0.	1.2463e-004
1668	3.6	1.8	5.e-002	1.8766e-012
1669	4.5	1.8	0.	1.247e-004
1670	4.2	1.5	0.	1.2965e-004
1671	4.2	1.8	5.e-002	-8.224e-013
1672	5.1	1.8	0.	1.2797e-004
1673	4.8	1.5	0.	1.3233e-004
1674	4.8	1.8	5.e-002	2.1237e-012
1675	5.7	1.8	0.	1.2924e-004
1676	5.4	1.5	0.	1.3317e-004
1677	5.4	1.8	5.e-002	7.3718e-013
1678	6.3	1.8	0.	1.2894e-004
1679	6.	1.5	0.	1.3256e-004
1680	6.	1.8	5.e-002	3.0239e-013
1681	6.9	1.8	0.	1.2742e-004
1682	6.6	1.5	0.	1.3083e-004
1683	6.6	1.8	5.e-002	2.3614e-013
1684	7.5	1.8	0.	1.2496e-004
1685	7.2	1.5	0.	1.2821e-004
1686	7.2	1.8	5.e-002	-3.3918e-012
1687	8.1	1.8	0.	1.218e-004
1688	7.8	1.5	0.	1.2493e-004
1689	7.8	1.8	5.e-002	1.8654e-013
1690	8.7	1.8	0.	1.181e-004
1691	8.4	1.5	0.	1.2113e-004
1692	8.4	1.8	5.e-002	-1.6743e-012
1693	9.3	1.8	0.	1.1401e-004
1694	9.	1.5	0.	1.1696e-004
1695	9.	1.8	5.e-002	-7.9884e-013
1696	9.9	1.8	0.	1.0962e-004
1697	9.6	1.5	0.	1.125e-004
1698	9.6	1.8	5.e-002	-1.7561e-012
1699	10.5	1.8	0.	1.0502e-004
1700	10.2	1.5	0.	1.0785e-004
1701	10.2	1.8	5.e-002	5.6304e-014
1702	11.1	1.8	0.	1.0028e-004
1703	10.8	1.5	0.	1.0305e-004
1704	10.8	1.8	5.e-002	2.7102e-014
1705	11.7	1.8	0.	9.5444e-005
1706	11.4	1.5	0.	9.8169e-005
1707	11.4	1.8	5.e-002	2.0923e-014
1708	12.3	1.8	0.	9.0532e-005
1709	12.	1.5	0.	9.3216e-005
1710	12.	1.8	5.e-002	8.1503e-015
1711	12.9	1.8	0.	8.518e-005
1712	12.6	1.5	0.	8.7849e-005
1713	12.6	1.8	5.e-002	-9.0705e-013
1714	13.5	1.8	0.	7.988e-005
1715	13.2	1.5	0.	8.2514e-005
1716	13.2	1.8	5.e-002	-2.7326e-015
1717	14.1	1.8	0.	7.4663e-005
1718	13.8	1.5	0.	7.7263e-005
1719	13.8	1.8	5.e-002	-1.8269e-012
1720	14.7	1.8	0.	6.9523e-005
1721	14.4	1.5	0.	7.2092e-005
1722	14.4	1.8	5.e-002	-1.2152e-014
1723	15.3	1.8	0.	6.4458e-005
1724	15.	1.5	0.	6.6995e-005
1725	15.	1.8	5.e-002	-9.3134e-013
1726	15.9	1.8	0.	5.9462e-005
1727	15.6	1.5	0.	6.197e-005
1728	15.6	1.8	5.e-002	-2.0079e-014
1729	16.5	1.8	0.	5.4531e-005
1730	16.2	1.5	0.	5.7013e-005
1731	16.2	1.8	5.e-002	-2.3538e-014
1732	17.1	1.8	0.	4.9663e-005
1733	16.8	1.5	0.	5.2121e-005
1734	16.8	1.8	5.e-002	-1.7968e-014
1735	17.7	1.8	0.	4.485e-005
1736	17.4	1.5	0.	4.7288e-005
1737	17.4	1.8	5.e-002	-2.9281e-014
1738	18.3	1.8	0.	4.0088e-005
1739	18.	1.5	0.	4.251e-005
1740	18.	1.8	5.e-002	1.3279e-012
1741	18.9	1.8	0.	3.537e-005
1742	18.6	1.5	0.	3.7782e-005
1743	18.6	1.8	5.e-002	-5.071e-014
1744	19.5	1.8	0.	3.0686e-005
1745	19.2	1.5	0.	3.3096e-005
1746	19.2	1.8	5.e-002	-5.4321e-014
1747	20.1	1.8	0.	2.6024e-005
1748	19.8	1.5	0.	2.8443e-005
1749	19.8	1.8	5.e-002	3.5182e-013
1750	20.7	1.8	0.	2.137e-005
1751	20.4	1.5	0.	2.3812e-005
1752	20.4	1.8	5.e-002	-1.1399e-013
1753	21.3	1.8	0.	1.6705e-005
1754	21.	1.5	0.	1.9187e-005
1755	21.	1.8	5.e-002	-1.0178e-013
1756	21.9	1.8	0.	1.199e-005
1757	21.6	1.5	0.	1.4554e-005
1758	21.6	1.8	5.e-002	5.8559e-013
1759	22.5	1.8	0.	7.2314e-006
1760	22.2	1.5	0.	9.8562e-006
1761	22.2	1.8	5.e-002	6.1629e-013
1762	23.1	1.8	0.	2.1717e-006
1763	22.8	1.5	0.	5.1662e-006
1764	22.8	1.8	5.e-002	8.3584e-013
1765	23.4	1.5	0.	-9.9127e-008
1766	23.4	1.8	5.e-002	5.8043e-013
1767	23.7	1.8	0.	-2.3229e-006
1768	0.9	1.2	0.	4.8635e-005
1769	0.6	0.9	0.	5.2164e-005
1770	0.6	1.2	5.e-002	5.0144e-012
1771	0.3	1.2	0.	9.5066e-006
1772	1.5	1.2	0.	8.8638e-005
1773	1.2	0.9	0.	1.0822e-004
1774	1.2	1.2	5.e-002	1.092e-011
1775	2.1	1.2	0.	1.1162e-004
1776	1.8	0.9	0.	1.299e-004
1777	1.8	1.2	5.e-002	-9.3403e-014
1778	2.7	1.2	0.	1.242e-004
1779	2.4	0.9	0.	1.3929e-004
1780	2.4	1.2	5.e-002	5.8435e-012
1781	3.3	1.2	0.	1.313e-004
1782	3.	0.9	0.	1.4363e-004
1783	3.	1.2	5.e-002	-2.1688e-013
1784	3.9	1.2	0.	1.3534e-004
1785	3.6	0.9	0.	1.4539e-004
1786	3.6	1.2	5.e-002	5.0033e-012
1787	4.5	1.2	0.	1.3723e-004
1788	4.2	0.9	0.	1.4551e-004
1789	4.2	1.2	5.e-002	4.3157e-013
1790	5.1	1.2	0.	1.3749e-004
1791	4.8	0.9	0.	1.4443e-004
1792	4.8	1.2	5.e-002	1.24e-012
1793	5.7	1.2	0.	1.3648e-004
1794	5.4	0.9	0.	1.424e-004
1795	5.4	1.2	5.e-002	-2.1873e-012
1796	6.3	1.2	0.	1.3445e-004
1797	6.	0.9	0.	1.3961e-004
1798	6.	1.2	5.e-002	6.5302e-013
1799	6.9	1.2	0.	1.3162e-004
1800	6.6	0.9	0.	1.3622e-004
1801	6.6	1.2	5.e-002	-1.2612e-012
1802	7.5	1.2	0.	1.2818e-004
1803	7.2	0.9	0.	1.3235e-004
1804	7.2	1.2	5.e-002	-2.9227e-012
1805	8.1	1.2	0.	1.2427e-004
1806	7.8	0.9	0.	1.281e-004
1807	7.8	1.2	5.e-002	-1.6172e-012
1808	8.7	1.2	0.	1.2e-004
1809	8.4	0.9	0.	1.2358e-004
1810	8.4	1.2	5.e-002	-1.6979e-012
1811	9.3	1.2	0.	1.1547e-004
1812	9.	0.9	0.	1.1884e-004
1813	9.	1.2	5.e-002	1.5921e-013
1814	9.9	1.2	0.	1.1075e-004
1815	9.6	0.9	0.	1.1397e-004
1816	9.6	1.2	5.e-002	8.0071e-014
1817	10.5	1.2	0.	1.059e-004
1818	10.2	0.9	0.	1.0899e-004
1819	10.2	1.2	5.e-002	-8.573e-013
1820	11.1	1.2	0.	1.0097e-004
1821	10.8	0.9	0.	1.0395e-004
1822	10.8	1.2	5.e-002	-8.8344e-013
1823	11.7	1.2	0.	9.5969e-005
1824	11.4	0.9	0.	9.8737e-005
1825	11.4	1.2	5.e-002	-1.7972e-012
1826	12.3	1.2	0.	9.0555e-005
1827	12.	0.9	0.	9.325e-005
1828	12.	1.2	5.e-002	-9.021e-013
1829	12.9	1.2	0.	8.5184e-005
1830	12.6	0.9	0.	8.785e-005
1831	12.6	1.2	5.e-002	1.2574e-015
1832	13.5	1.2	0.	7.9898e-005
1833	13.2	0.9	0.	8.2535e-005
1834	13.2	1.2	5.e-002	-1.8245e-012
1835	14.1	1.2	0.	7.4692e-005
1836	13.8	0.9	0.	7.7301e-005
1837	13.8	1.2	5.e-002	-1.8277e-012
1838	14.7	1.2	0.	6.9564e-005
1839	14.4	0.9	0.	7.2143e-005
1840	14.4	1.2	5.e-002	-9.2538e-013
1841	15.3	1.2	0.	6.4508e-005
1842	15.	0.9	0.	6.706e-005
1843	15.	1.2	5.e-002	-1.837e-012
1844	15.9	1.2	0.	5.9522e-005
1845	15.6	0.9	0.	6.2048e-005
1846	15.6	1.2	5.e-002	-9.2786e-013
1847	16.5	1.2	0.	5.4602e-005
1848	16.2	0.9	0.	5.7104e-005
1849	16.2	1.2	5.e-002	-4.7913e-013
1850	17.1	1.2	0.	4.9745e-005
1851	16.8	0.9	0.	5.2226e-005
1852	16.8	1.2	5.e-002	-8.9679e-015
1853	17.7	1.2	0.	4.4947e-005
1854	17.4	0.9	0.	4.741e-005
1855	17.4	1.2	5.e-002	-2.9224e-014
1856	18.3	1.2	0.	4.0203e-005
1857	18.	0.9	0.	4.2653e-005
1858	18.	1.2	5.e-002	-3.7194e-014
1859	18.9	1.2	0.	3.5507e-005
1860	18.6	0.9	0.	3.795e-005
1861	18.6	1.2	5.e-002	-4.628e-014
1862	19.5	1.2	0.	3.0852e-005
1863	19.2	0.9	0.	3.3297e-005
1864	19.2	1.2	5.e-002	3.7887e-013
1865	20.1	1.2	0.	2.623e-005
1866	19.8	0.9	0.	2.8686e-005
1867	19.8	1.2	5.e-002	3.3685e-013
1868	20.7	1.2	0.	2.1628e-005
1869	20.4	0.9	0.	2.4111e-005
1870	20.4	1.2	5.e-002	9.5381e-014
1871	21.3	1.2	0.	1.7034e-005
1872	21.	0.9	0.	1.9561e-005
1873	21.	1.2	5.e-002	1.3322e-013
1874	21.9	1.2	0.	1.2418e-005
1875	21.6	0.9	0.	1.503e-005
1876	21.6	1.2	5.e-002	4.0678e-013
1877	22.5	1.2	0.	7.7866e-006
1878	22.2	0.9	0.	1.0481e-005
1879	22.2	1.2	5.e-002	1.0618e-012
1880	23.1	1.2	0.	2.8806e-006
1881	22.8	0.9	0.	5.9924e-006
1882	22.8	1.2	5.e-002	7.7063e-013
1883	23.4	0.9	0.	1.0474e-006
1884	23.4	1.2	5.e-002	6.9888e-013
1885	23.7	1.2	0.	-1.4934e-006
1886	0.9	0.6	0.	1.1342e-004
1887	0.6	0.6	5.e-002	2.924e-012
1888	0.3	0.6	0.	3.6299e-005
1889	0.6	0.3	0.	1.3245e-004
1890	1.5	0.6	0.	1.4943e-004
1891	1.2	0.6	5.e-002	7.3248e-012
1892	1.2	0.3	0.	1.701e-004
1893	2.1	0.6	0.	1.5727e-004
1894	1.8	0.6	5.e-002	7.2758e-012
1895	1.8	0.3	0.	1.729e-004
1896	2.7	0.6	0.	1.5847e-004
1897	2.4	0.6	5.e-002	1.7218e-011
1898	2.4	0.3	0.	1.7115e-004
1899	3.3	0.6	0.	1.5753e-004
1900	3.	0.6	5.e-002	1.3569e-011
1901	3.	0.3	0.	1.6817e-004
1902	3.9	0.6	0.	1.5544e-004
1903	3.6	0.6	5.e-002	1.6444e-012
1904	3.6	0.3	0.	1.6432e-004
1905	4.5	0.6	0.	1.5262e-004
1906	4.2	0.6	5.e-002	2.1877e-013
1907	4.2	0.3	0.	1.6012e-004
1908	5.1	0.6	0.	1.4928e-004
1909	4.8	0.6	5.e-002	7.8019e-013
1910	4.8	0.3	0.	1.5569e-004
1911	5.7	0.6	0.	1.4551e-004
1912	5.4	0.6	5.e-002	1.4114e-012
1913	5.4	0.3	0.	1.5108e-004
1914	6.3	0.6	0.	1.4137e-004
1915	6.	0.6	5.e-002	-2.0899e-012
1916	6.	0.3	0.	1.463e-004
1917	6.9	0.6	0.	1.3694e-004
1918	6.6	0.6	5.e-002	-3.1349e-012
1919	6.6	0.3	0.	1.4137e-004
1920	7.5	0.6	0.	1.3227e-004
1921	7.2	0.6	5.e-002	5.8625e-013
1922	7.2	0.3	0.	1.3632e-004
1923	8.1	0.6	0.	1.2742e-004
1924	7.8	0.6	5.e-002	-3.4535e-012
1925	7.8	0.3	0.	1.3117e-004
1926	8.7	0.6	0.	1.2244e-004
1927	8.4	0.6	5.e-002	-1.7255e-012
1928	8.4	0.3	0.	1.2596e-004
1929	9.3	0.6	0.	1.1737e-004
1930	9.	0.6	5.e-002	-1.6439e-012
1931	9.	0.3	0.	1.2069e-004
1932	9.9	0.6	0.	1.1223e-004
1933	9.6	0.6	5.e-002	-1.7455e-012
1934	9.6	0.3	0.	1.154e-004
1935	10.5	0.6	0.	1.0707e-004
1936	10.2	0.6	5.e-002	-8.5329e-013
1937	10.2	0.3	0.	1.099e-004
1938	11.1	0.6	0.	1.0149e-004
1939	10.8	0.6	5.e-002	-8.8605e-013
1940	10.8	0.3	0.	1.0425e-004
1941	11.7	0.6	0.	9.5972e-005
1942	11.4	0.6	5.e-002	-1.8098e-012
1943	11.4	0.3	0.	9.8698e-005
1944	12.3	0.6	0.	9.0544e-005
1945	12.	0.6	5.e-002	-2.7173e-012
1946	12.	0.3	0.	9.3233e-005
1947	12.9	0.6	0.	8.5201e-005
1948	12.6	0.6	5.e-002	-1.8195e-012
1949	12.6	0.3	0.	8.7853e-005
1950	13.5	0.6	0.	7.9938e-005
1951	13.2	0.6	5.e-002	-9.1275e-013
1952	13.2	0.3	0.	8.2554e-005
1953	14.1	0.6	0.	7.4752e-005
1954	13.8	0.6	5.e-002	-1.8241e-012
1955	13.8	0.3	0.	7.7334e-005
1956	14.7	0.6	0.	6.964e-005
1957	14.4	0.6	5.e-002	-9.2692e-013
1958	14.4	0.3	0.	7.2188e-005
1959	15.3	0.6	0.	6.4601e-005
1960	15.	0.6	5.e-002	-9.2865e-013
1961	15.	0.3	0.	6.7116e-005
1962	15.9	0.6	0.	5.9631e-005
1963	15.6	0.6	5.e-002	3.4752e-015
1964	15.6	0.3	0.	6.2114e-005
1965	16.5	0.6	0.	5.4728e-005
1966	16.2	0.6	5.e-002	-9.3898e-013
1967	16.2	0.3	0.	5.7181e-005
1968	17.1	0.6	0.	4.9891e-005
1969	16.8	0.6	5.e-002	-4.6997e-013
1970	16.8	0.3	0.	5.2314e-005
1971	17.7	0.6	0.	4.5116e-005
1972	17.4	0.6	5.e-002	-9.0842e-015
1973	17.4	0.3	0.	4.7512e-005
1974	18.3	0.6	0.	4.04e-005
1975	18.	0.6	5.e-002	-4.07e-014
1976	18.	0.3	0.	4.2771e-005
1977	18.9	0.6	0.	3.5739e-005
1978	18.6	0.6	5.e-002	8.7823e-015
1979	18.6	0.3	0.	3.8088e-005
1980	19.5	0.6	0.	3.113e-005
1981	19.2	0.6	5.e-002	3.9504e-013
1982	19.2	0.3	0.	3.3461e-005
1983	20.1	0.6	0.	2.6567e-005
1984	19.8	0.6	5.e-002	-1.7871e-014
1985	19.8	0.3	0.	2.8884e-005
1986	20.7	0.6	0.	2.2044e-005
1987	20.4	0.6	5.e-002	1.6803e-013
1988	20.4	0.3	0.	2.4353e-005
1989	21.3	0.6	0.	1.7555e-005
1990	21.	0.6	5.e-002	-3.6822e-014
1991	21.	0.3	0.	1.9862e-005
1992	21.9	0.6	0.	1.3089e-005
1993	21.6	0.6	5.e-002	8.2435e-013
1994	21.6	0.3	0.	1.541e-005
1995	22.5	0.6	0.	8.679e-006
1996	22.2	0.6	5.e-002	7.7579e-013
1997	22.2	0.3	0.	1.0978e-005
1998	23.1	0.6	0.	4.1401e-006
1999	22.8	0.6	5.e-002	8.7147e-013
2000	22.8	0.3	0.	6.668e-006
2001	23.4	0.6	5.e-002	4.7634e-013
2002	23.4	0.3	0.	2.0662e-006
2003	23.7	0.6	0.	1.1952e-007
2004	23.1	0.6	0.1	-4.1401e-006
2005	23.4	0.9	0.1	-1.0474e-006
2006	23.7	0.6	0.1	-1.1952e-007
2007	23.4	0.3	0.1	-2.0662e-006
2008	22.5	0.6	0.1	-8.679e-006
2009	22.8	0.9	0.1	-5.9924e-006
2010	22.8	0.3	0.1	-6.668e-006
2011	21.9	0.6	0.1	-1.3089e-005
2012	22.2	0.9	0.1	-1.0481e-005
2013	22.2	0.3	0.1	-1.0978e-005
2014	21.3	0.6	0.1	-1.7555e-005
2015	21.6	0.9	0.1	-1.503e-005
2016	21.6	0.3	0.1	-1.541e-005
2017	20.7	0.6	0.1	-2.2044e-005
2018	21.	0.9	0.1	-1.9561e-005
2019	21.	0.3	0.1	-1.9862e-005
2020	20.1	0.6	0.1	-2.6567e-005
2021	20.4	0.9	0.1	-2.4111e-005
2022	20.4	0.3	0.1	-2.4353e-005
2023	19.5	0.6	0.1	-3.113e-005
2024	19.8	0.9	0.1	-2.8686e-005
2025	19.8	0.3	0.1	-2.8884e-005
2026	18.9	0.6	0.1	-3.5739e-005
2027	19.2	0.9	0.1	-3.3297e-005
2028	19.2	0.3	0.1	-3.3461e-005
2029	18.3	0.6	0.1	-4.04e-005
2030	18.6	0.9	0.1	-3.795e-005
2031	18.6	0.3	0.1	-3.8088e-005
2032	17.7	0.6	0.1	-4.5116e-005
2033	18.	0.9	0.1	-4.2653e-005
2034	18.	0.3	0.1	-4.2771e-005
2035	17.1	0.6	0.1	-4.9891e-005
2036	17.4	0.9	0.1	-4.741e-005
2037	17.4	0.3	0.1	-4.7512e-005
2038	16.5	0.6	0.1	-5.4728e-005
2039	16.8	0.9	0.1	-5.2226e-005
2040	16.8	0.3	0.1	-5.2314e-005
2041	15.9	0.6	0.1	-5.9631e-005
2042	16.2	0.9	0.1	-5.7104e-005
2043	16.2	0.3	0.1	-5.7181e-005
2044	15.3	0.6	0.1	-6.4601e-005
2045	15.6	0.9	0.1	-6.2048e-005
2046	15.6	0.3	0.1	-6.2114e-005
2047	14.7	0.6	0.1	-6.964e-005
2048	15.	0.9	0.1	-6.706e-005
2049	15.	0.3	0.1	-6.7116e-005
2050	14.1	0.6	0.1	-7.4752e-005
2051	14.4	0.9	0.1	-7.2143e-005
2052	14.4	0.3	0.1	-7.2188e-005
2053	13.5	0.6	0.1	-7.9938e-005
2054	13.8	0.9	0.1	-7.7301e-005
2055	13.8	0.3	0.1	-7.7334e-005
2056	12.9	0.6	0.1	-8.5201e-005
2057	13.2	0.9	0.1	-8.2535e-005
2058	13.2	0.3	0.1	-8.2554e-005
2059	12.3	0.6	0.1	-9.0544e-005
2060	12.6	0.9	0.1	-8.785e-005
2061	12.6	0.3	0.1	-8.7853e-005
2062	11.7	0.6	0.1	-9.5972e-005
2063	12.	0.9	0.1	-9.325e-005
2064	12.	0.3	0.1	-9.3233e-005
2065	11.1	0.6	0.1	-1.0149e-004
2066	11.4	0.9	0.1	-9.8737e-005
2067	11.4	0.3	0.1	-9.8698e-005
2068	10.5	0.6	0.1	-1.0707e-004
2069	10.8	0.9	0.1	-1.0395e-004
2070	10.8	0.3	0.1	-1.0425e-004
2071	9.9	0.6	0.1	-1.1223e-004
2072	10.2	0.9	0.1	-1.0899e-004
2073	10.2	0.3	0.1	-1.099e-004
2074	9.3	0.6	0.1	-1.1737e-004
2075	9.6	0.9	0.1	-1.1397e-004
2076	9.6	0.3	0.1	-1.154e-004
2077	8.7	0.6	0.1	-1.2244e-004
2078	9.	0.9	0.1	-1.1884e-004
2079	9.	0.3	0.1	-1.2069e-004
2080	8.1	0.6	0.1	-1.2742e-004
2081	8.4	0.9	0.1	-1.2358e-004
2082	8.4	0.3	0.1	-1.2596e-004
2083	7.5	0.6	0.1	-1.3227e-004
2084	7.8	0.9	0.1	-1.281e-004
2085	7.8	0.3	0.1	-1.3117e-004
2086	6.9	0.6	0.1	-1.3694e-004
2087	7.2	0.9	0.1	-1.3235e-004
2088	7.2	0.3	0.1	-1.3632e-004
2089	6.3	0.6	0.1	-1.4137e-004
2090	6.6	0.9	0.1	-1.3622e-004
2091	6.6	0.3	0.1	-1.4137e-004
2092	5.7	0.6	0.1	-1.4551e-004
2093	6.	0.9	0.1	-1.3961e-004
2094	6.	0.3	0.1	-1.463e-004
2095	5.1	0.6	0.1	-1.4928e-004
2096	5.4	0.9	0.1	-1.424e-004
2097	5.4	0.3	0.1	-1.5108e-004
2098	4.5	0.6	0.1	-1.5262e-004
2099	4.8	0.9	0.1	-1.4443e-004
2100	4.8	0.3	0.1	-1.5569e-004
2101	3.9	0.6	0.1	-1.5544e-004
2102	4.2	0.9	0.1	-1.4551e-004
2103	4.2	0.3	0.1	-1.6012e-004
2104	3.3	0.6	0.1	-1.5753e-004
2105	3.6	0.9	0.1	-1.4539e-004
2106	3.6	0.3	0.1	-1.6432e-004
2107	2.7	0.6	0.1	-1.5847e-004
2108	3.	0.9	0.1	-1.4363e-004
2109	3.	0.3	0.1	-1.6817e-004
2110	2.1	0.6	0.1	-1.5727e-004
2111	2.4	0.9	0.1	-1.3929e-004
2112	2.4	0.3	0.1	-1.7115e-004
2113	1.5	0.6	0.1	-1.4943e-004
2114	1.8	0.9	0.1	-1.299e-004
2115	1.8	0.3	0.1	-1.729e-004
2116	0.9	0.6	0.1	-1.1342e-004
2117	1.2	0.9	0.1	-1.0822e-004
2118	1.2	0.3	0.1	-1.701e-004
2119	0.6	0.9	0.1	-5.2164e-005
2120	0.6	0.3	0.1	-1.3245e-004
2121	0.3	0.6	0.1	-3.6299e-005
2122	23.1	1.2	0.1	-2.8806e-006
2123	23.4	1.5	0.1	9.9125e-008
2124	23.7	1.2	0.1	1.4934e-006
2125	22.5	1.2	0.1	-7.7866e-006
2126	22.8	1.5	0.1	-5.1662e-006
2127	21.9	1.2	0.1	-1.2418e-005
2128	22.2	1.5	0.1	-9.8562e-006
2129	21.3	1.2	0.1	-1.7034e-005
2130	21.6	1.5	0.1	-1.4554e-005
2131	20.7	1.2	0.1	-2.1628e-005
2132	21.	1.5	0.1	-1.9187e-005
2133	20.1	1.2	0.1	-2.623e-005
2134	20.4	1.5	0.1	-2.3812e-005
2135	19.5	1.2	0.1	-3.0852e-005
2136	19.8	1.5	0.1	-2.8443e-005
2137	18.9	1.2	0.1	-3.5507e-005
2138	19.2	1.5	0.1	-3.3096e-005
2139	18.3	1.2	0.1	-4.0203e-005
2140	18.6	1.5	0.1	-3.7782e-005
2141	17.7	1.2	0.1	-4.4947e-005
2142	18.	1.5	0.1	-4.251e-005
2143	17.1	1.2	0.1	-4.9745e-005
2144	17.4	1.5	0.1	-4.7288e-005
2145	16.5	1.2	0.1	-5.4602e-005
2146	16.8	1.5	0.1	-5.2121e-005
2147	15.9	1.2	0.1	-5.9522e-005
2148	16.2	1.5	0.1	-5.7013e-005
2149	15.3	1.2	0.1	-6.4508e-005
2150	15.6	1.5	0.1	-6.197e-005
2151	14.7	1.2	0.1	-6.9564e-005
2152	15.	1.5	0.1	-6.6995e-005
2153	14.1	1.2	0.1	-7.4692e-005
2154	14.4	1.5	0.1	-7.2092e-005
2155	13.5	1.2	0.1	-7.9898e-005
2156	13.8	1.5	0.1	-7.7263e-005
2157	12.9	1.2	0.1	-8.5184e-005
2158	13.2	1.5	0.1	-8.2514e-005
2159	12.3	1.2	0.1	-9.0555e-005
2160	12.6	1.5	0.1	-8.7849e-005
2161	11.7	1.2	0.1	-9.5969e-005
2162	12.	1.5	0.1	-9.3216e-005
2163	11.1	1.2	0.1	-1.0097e-004
2164	11.4	1.5	0.1	-9.8169e-005
2165	10.5	1.2	0.1	-1.059e-004
2166	10.8	1.5	0.1	-1.0305e-004
2167	9.9	1.2	0.1	-1.1075e-004
2168	10.2	1.5	0.1	-1.0785e-004
2169	9.3	1.2	0.1	-1.1547e-004
2170	9.6	1.5	0.1	-1.125e-004
2171	8.7	1.2	0.1	-1.2e-004
2172	9.	1.5	0.1	-1.1696e-004
2173	8.1	1.2	0.1	-1.2427e-004
2174	8.4	1.5	0.1	-1.2113e-004
2175	7.5	1.2	0.1	-1.2818e-004
2176	7.8	1.5	0.1	-1.2493e-004
2177	6.9	1.2	0.1	-1.3162e-004
2178	7.2	1.5	0.1	-1.2821e-004
2179	6.3	1.2	0.1	-1.3445e-004
2180	6.6	1.5	0.1	-1.3083e-004
2181	5.7	1.2	0.1	-1.3648e-004
2182	6.	1.5	0.1	-1.3256e-004
2183	5.1	1.2	0.1	-1.3749e-004
2184	5.4	1.5	0.1	-1.3317e-004
2185	4.5	1.2	0.1	-1.3723e-004
2186	4.8	1.5	0.1	-1.3233e-004
2187	3.9	1.2	0.1	-1.3534e-004
2188	4.2	1.5	0.1	-1.2965e-004
2189	3.3	1.2	0.1	-1.313e-004
2190	3.6	1.5	0.1	-1.2463e-004
2191	2.7	1.2	0.1	-1.242e-004
2192	3.	1.5	0.1	-1.1655e-004
2193	2.1	1.2	0.1	-1.1162e-004
2194	2.4	1.5	0.1	-1.0421e-004
2195	1.5	1.2	0.1	-8.8638e-005
2196	1.8	1.5	0.1	-8.5158e-005
2197	0.9	1.2	0.1	-4.8635e-005
2198	1.2	1.5	0.1	-5.561e-005
2199	0.6	1.5	0.1	-1.6834e-005
2200	0.3	1.2	0.1	-9.5066e-006
2201	23.1	1.8	0.1	-2.1717e-006
2202	23.4	2.1	0.1	7.4446e-007
2203	23.7	1.8	0.1	2.3229e-006
2204	22.5	1.8	0.1	-7.2314e-006
2205	22.8	2.1	0.1	-4.6472e-006
2206	21.9	1.8	0.1	-1.199e-005
2207	22.2	2.1	0.1	-9.4516e-006
2208	21.3	1.8	0.1	-1.6705e-005
2209	21.6	2.1	0.1	-1.4242e-005
2210	20.7	1.8	0.1	-2.137e-005
2211	21.	2.1	0.1	-1.8945e-005
2212	20.1	1.8	0.1	-2.6024e-005
2213	20.4	2.1	0.1	-2.3621e-005
2214	19.5	1.8	0.1	-3.0686e-005
2215	19.8	2.1	0.1	-2.8289e-005
2216	18.9	1.8	0.1	-3.537e-005
2217	19.2	2.1	0.1	-3.297e-005
2218	18.3	1.8	0.1	-4.0088e-005
2219	18.6	2.1	0.1	-3.7677e-005
2220	17.7	1.8	0.1	-4.485e-005
2221	18.	2.1	0.1	-4.2422e-005
2222	17.1	1.8	0.1	-4.9663e-005
2223	17.4	2.1	0.1	-4.7213e-005
2224	16.5	1.8	0.1	-5.4531e-005
2225	16.8	2.1	0.1	-5.2057e-005
2226	15.9	1.8	0.1	-5.9462e-005
2227	16.2	2.1	0.1	-5.6959e-005
2228	15.3	1.8	0.1	-6.4458e-005
2229	15.6	2.1	0.1	-6.1925e-005
2230	14.7	1.8	0.1	-6.9523e-005
2231	15.	2.1	0.1	-6.6958e-005
2232	14.1	1.8	0.1	-7.4663e-005
2233	14.4	2.1	0.1	-7.2063e-005
2234	13.5	1.8	0.1	-7.988e-005
2235	13.8	2.1	0.1	-7.7244e-005
2236	12.9	1.8	0.1	-8.518e-005
2237	13.2	2.1	0.1	-8.2506e-005
2238	12.3	1.8	0.1	-9.0532e-005
2239	12.6	2.1	0.1	-8.785e-005
2240	11.7	1.8	0.1	-9.5444e-005
2241	12.	2.1	0.1	-9.2842e-005
2242	11.1	1.8	0.1	-1.0028e-004
2243	11.4	2.1	0.1	-9.7674e-005
2244	10.5	1.8	0.1	-1.0502e-004
2245	10.8	2.1	0.1	-1.0242e-004
2246	9.9	1.8	0.1	-1.0962e-004
2247	10.2	2.1	0.1	-1.0704e-004
2248	9.3	1.8	0.1	-1.1401e-004
2249	9.6	2.1	0.1	-1.1146e-004
2250	8.7	1.8	0.1	-1.181e-004
2251	9.	2.1	0.1	-1.1561e-004
2252	8.1	1.8	0.1	-1.218e-004
2253	8.4	2.1	0.1	-1.1938e-004
2254	7.5	1.8	0.1	-1.2496e-004
2255	7.8	2.1	0.1	-1.2264e-004
2256	6.9	1.8	0.1	-1.2742e-004
2257	7.2	2.1	0.1	-1.2523e-004
2258	6.3	1.8	0.1	-1.2894e-004
2259	6.6	2.1	0.1	-1.2691e-004
2260	5.7	1.8	0.1	-1.2924e-004
2261	6.	2.1	0.1	-1.2742e-004
2262	5.1	1.8	0.1	-1.2797e-004
2263	5.4	2.1	0.1	-1.2639e-004
2264	4.5	1.8	0.1	-1.247e-004
2265	4.8	2.1	0.1	-1.2338e-004
2266	3.9	1.8	0.1	-1.1889e-004
2267	4.2	2.1	0.1	-1.1784e-004
2268	3.3	1.8	0.1	-1.0982e-004
2269	3.6	2.1	0.1	-1.0913e-004
2270	2.7	1.8	0.1	-9.6548e-005
2271	3.	2.1	0.1	-9.6511e-005
2272	2.1	1.8	0.1	-7.7903e-005
2273	2.4	2.1	0.1	-7.9206e-005
2274	1.5	1.8	0.1	-5.2686e-005
2275	1.8	2.1	0.1	-5.6932e-005
2276	0.9	1.8	0.1	-2.4281e-005
2277	1.2	2.1	0.1	-3.0606e-005
2278	0.6	2.1	0.1	-7.9692e-006
2279	0.3	1.8	0.1	-4.5117e-006
2280	23.1	2.4	0.1	-1.7169e-006
2281	23.4	2.7	0.1	1.0707e-006
2282	23.7	2.4	0.1	2.8376e-006
2283	22.5	2.4	0.1	-6.8639e-006
2284	22.8	2.7	0.1	-4.3751e-006
2285	21.9	2.4	0.1	-1.1702e-005
2286	22.2	2.7	0.1	-9.2364e-006
2287	21.3	2.4	0.1	-1.6481e-005
2288	21.6	2.7	0.1	-1.4074e-005
2289	20.7	2.4	0.1	-2.1194e-005
2290	21.	2.7	0.1	-1.8814e-005
2291	20.1	2.4	0.1	-2.5884e-005
2292	20.4	2.7	0.1	-2.3517e-005
2293	19.5	2.4	0.1	-3.0572e-005
2294	19.8	2.7	0.1	-2.8206e-005
2295	18.9	2.4	0.1	-3.5277e-005
2296	19.2	2.7	0.1	-3.2902e-005
2297	18.3	2.4	0.1	-4.0011e-005
2298	18.6	2.7	0.1	-3.7621e-005
2299	17.7	2.4	0.1	-4.4785e-005
2300	18.	2.7	0.1	-4.2375e-005
2301	17.1	2.4	0.1	-4.9607e-005
2302	17.4	2.7	0.1	-4.7174e-005
2303	16.5	2.4	0.1	-5.4484e-005
2304	16.8	2.7	0.1	-5.2023e-005
2305	15.9	2.4	0.1	-5.9422e-005
2306	16.2	2.7	0.1	-5.6931e-005
2307	15.3	2.4	0.1	-6.4424e-005
2308	15.6	2.7	0.1	-6.1901e-005
2309	14.7	2.4	0.1	-6.9497e-005
2310	15.	2.7	0.1	-6.6938e-005
2311	14.1	2.4	0.1	-7.4644e-005
2312	14.4	2.7	0.1	-7.2048e-005
2313	13.5	2.4	0.1	-7.987e-005
2314	13.8	2.7	0.1	-7.7234e-005
2315	12.9	2.4	0.1	-8.518e-005
2316	13.2	2.7	0.1	-8.2502e-005
2317	12.3	2.4	0.1	-9.0285e-005
2318	12.6	2.7	0.1	-8.7805e-005
2319	11.7	2.4	0.1	-9.5102e-005
2320	12.	2.7	0.1	-9.2641e-005
2321	11.1	2.4	0.1	-9.9843e-005
2322	11.4	2.7	0.1	-9.7418e-005
2323	10.5	2.4	0.1	-1.0446e-004
2324	10.8	2.7	0.1	-1.0209e-004
2325	9.9	2.4	0.1	-1.089e-004
2326	10.2	2.7	0.1	-1.0662e-004
2327	9.3	2.4	0.1	-1.1308e-004
2328	9.6	2.7	0.1	-1.1092e-004
2329	8.7	2.4	0.1	-1.169e-004
2330	9.	2.7	0.1	-1.149e-004
2331	8.1	2.4	0.1	-1.2023e-004
2332	8.4	2.7	0.1	-1.1847e-004
2333	7.5	2.4	0.1	-1.2291e-004
2334	7.8	2.7	0.1	-1.2145e-004
2335	6.9	2.4	0.1	-1.2472e-004
2336	7.2	2.7	0.1	-1.2366e-004
2337	6.3	2.4	0.1	-1.2539e-004
2338	6.6	2.7	0.1	-1.2485e-004
2339	5.7	2.4	0.1	-1.2456e-004
2340	6.	2.7	0.1	-1.247e-004
2341	5.1	2.4	0.1	-1.2178e-004
2342	5.4	2.7	0.1	-1.2279e-004
2343	4.5	2.4	0.1	-1.1652e-004
2344	4.8	2.7	0.1	-1.1861e-004
2345	3.9	2.4	0.1	-1.0812e-004
2346	4.2	2.7	0.1	-1.1154e-004
2347	3.3	2.4	0.1	-9.591e-005
2348	3.6	2.7	0.1	-1.0086e-004
2349	2.7	2.4	0.1	-7.937e-005
2350	3.	2.7	0.1	-8.5976e-005
2351	2.1	2.4	0.1	-5.8603e-005
2352	2.4	2.7	0.1	-6.6679e-005
2353	1.5	2.4	0.1	-3.5321e-005
2354	1.8	2.7	0.1	-4.395e-005
2355	0.9	2.4	0.1	-1.4408e-005
2356	1.2	2.7	0.1	-2.1209e-005
2357	0.6	2.7	0.1	-4.8307e-006
2358	0.3	2.4	0.1	-2.425e-006
2359	23.1	3.	0.1	-1.5735e-006
2360	23.4	3.3	0.1	1.0707e-006
2361	23.7	3.	0.1	2.9964e-006
2362	22.5	3.	0.1	-6.7444e-006
2363	22.8	3.3	0.1	-4.3751e-006
2364	21.9	3.	0.1	-1.1607e-005
2365	22.2	3.3	0.1	-9.2364e-006
2366	21.3	3.	0.1	-1.6407e-005
2367	21.6	3.3	0.1	-1.4074e-005
2368	20.7	3.	0.1	-2.1136e-005
2369	21.	3.3	0.1	-1.8814e-005
2370	20.1	3.	0.1	-2.5838e-005
2371	20.4	3.3	0.1	-2.3517e-005
2372	19.5	3.	0.1	-3.0535e-005
2373	19.8	3.3	0.1	-2.8206e-005
2374	18.9	3.	0.1	-3.5246e-005
2375	19.2	3.3	0.1	-3.2902e-005
2376	18.3	3.	0.1	-3.9985e-005
2377	18.6	3.3	0.1	-3.7621e-005
2378	17.7	3.	0.1	-4.4764e-005
2379	18.	3.3	0.1	-4.2375e-005
2380	17.1	3.	0.1	-4.9589e-005
2381	17.4	3.3	0.1	-4.7173e-005
2382	16.5	3.	0.1	-5.4469e-005
2383	16.8	3.3	0.1	-5.2023e-005
2384	15.9	3.	0.1	-5.9409e-005
2385	16.2	3.3	0.1	-5.6931e-005
2386	15.3	3.	0.1	-6.4414e-005
2387	15.6	3.3	0.1	-6.1901e-005
2388	14.7	3.	0.1	-6.9489e-005
2389	15.	3.3	0.1	-6.6938e-005
2390	14.1	3.	0.1	-7.4638e-005
2391	14.4	3.3	0.1	-7.2048e-005
2392	13.5	3.	0.1	-7.9867e-005
2393	13.8	3.3	0.1	-7.7234e-005
2394	12.9	3.	0.1	-8.5181e-005
2395	13.2	3.3	0.1	-8.2502e-005
2396	12.3	3.	0.1	-9.0194e-005
2397	12.6	3.3	0.1	-8.7805e-005
2398	11.7	3.	0.1	-9.4986e-005
2399	12.	3.3	0.1	-9.2641e-005
2400	11.1	3.	0.1	-9.9695e-005
2401	11.4	3.3	0.1	-9.7418e-005
2402	10.5	3.	0.1	-1.0427e-004
2403	10.8	3.3	0.1	-1.0209e-004
2404	9.9	3.	0.1	-1.0865e-004
2405	10.2	3.3	0.1	-1.0662e-004
2406	9.3	3.	0.1	-1.1276e-004
2407	9.6	3.3	0.1	-1.1092e-004
2408	8.7	3.	0.1	-1.1648e-004
2409	9.	3.3	0.1	-1.149e-004
2410	8.1	3.	0.1	-1.1969e-004
2411	8.4	3.3	0.1	-1.1847e-004
2412	7.5	3.	0.1	-1.222e-004
2413	7.8	3.3	0.1	-1.2145e-004
2414	6.9	3.	0.1	-1.2379e-004
2415	7.2	3.3	0.1	-1.2366e-004
2416	6.3	3.	0.1	-1.2416e-004
2417	6.6	3.3	0.1	-1.2485e-004
2418	5.7	3.	0.1	-1.2294e-004
2419	6.	3.3	0.1	-1.247e-004
2420	5.1	3.	0.1	-1.1963e-004
2421	5.4	3.3	0.1	-1.2279e-004
2422	4.5	3.	0.1	-1.1367e-004
2423	4.8	3.3	0.1	-1.1861e-004
2424	3.9	3.	0.1	-1.0438e-004
2425	4.2	3.3	0.1	-1.1154e-004
2426	3.3	3.	0.1	-9.1116e-005
2427	3.6	3.3	0.1	-1.0086e-004
2428	2.7	3.	0.1	-7.3594e-005
2429	3.	3.3	0.1	-8.5976e-005
2430	2.1	3.	0.1	-5.2444e-005
2431	2.4	3.3	0.1	-6.6679e-005
2432	1.5	3.	0.1	-3.0228e-005
2433	1.8	3.3	0.1	-4.395e-005
2434	0.9	3.	0.1	-1.1793e-005
2435	1.2	3.3	0.1	-2.1209e-005
2436	0.6	3.3	0.1	-4.8307e-006
2437	0.3	3.	0.1	-1.8657e-006
2438	23.1	3.6	0.1	-1.7169e-006
2439	23.4	3.9	0.1	7.4447e-007
2440	23.7	3.6	0.1	2.8377e-006
2441	22.5	3.6	0.1	-6.8638e-006
2442	22.8	3.9	0.1	-4.6472e-006
2443	21.9	3.6	0.1	-1.1702e-005
2444	22.2	3.9	0.1	-9.4516e-006
2445	21.3	3.6	0.1	-1.6481e-005
2446	21.6	3.9	0.1	-1.4242e-005
2447	20.7	3.6	0.1	-2.1194e-005
2448	21.	3.9	0.1	-1.8945e-005
2449	20.1	3.6	0.1	-2.5884e-005
2450	20.4	3.9	0.1	-2.3621e-005
2451	19.5	3.6	0.1	-3.0572e-005
2452	19.8	3.9	0.1	-2.8289e-005
2453	18.9	3.6	0.1	-3.5277e-005
2454	19.2	3.9	0.1	-3.297e-005
2455	18.3	3.6	0.1	-4.0011e-005
2456	18.6	3.9	0.1	-3.7677e-005
2457	17.7	3.6	0.1	-4.4785e-005
2458	18.	3.9	0.1	-4.2422e-005
2459	17.1	3.6	0.1	-4.9607e-005
2460	17.4	3.9	0.1	-4.7213e-005
2461	16.5	3.6	0.1	-5.4484e-005
2462	16.8	3.9	0.1	-5.2057e-005
2463	15.9	3.6	0.1	-5.9422e-005
2464	16.2	3.9	0.1	-5.6959e-005
2465	15.3	3.6	0.1	-6.4424e-005
2466	15.6	3.9	0.1	-6.1925e-005
2467	14.7	3.6	0.1	-6.9497e-005
2468	15.	3.9	0.1	-6.6958e-005
2469	14.1	3.6	0.1	-7.4644e-005
2470	14.4	3.9	0.1	-7.2063e-005
2471	13.5	3.6	0.1	-7.987e-005
2472	13.8	3.9	0.1	-7.7244e-005
2473	12.9	3.6	0.1	-8.518e-005
2474	13.2	3.9	0.1	-8.2506e-005
2475	12.3	3.6	0.1	-9.0285e-005
2476	12.6	3.9	0.1	-8.785e-005
2477	11.7	3.6	0.1	-9.5102e-005
2478	12.	3.9	0.1	-9.2842e-005
2479	11.1	3.6	0.1	-9.9843e-005
2480	11.4	3.9	0.1	-9.7674e-005
2481	10.5	3.6	0.1	-1.0446e-004
2482	10.8	3.9	0.1	-1.0242e-004
2483	9.9	3.6	0.1	-1.089e-004
2484	10.2	3.9	0.1	-1.0704e-004
2485	9.3	3.6	0.1	-1.1308e-004
2486	9.6	3.9	0.1	-1.1146e-004
2487	8.7	3.6	0.1	-1.169e-004
2488	9.	3.9	0.1	-1.1561e-004
2489	8.1	3.6	0.1	-1.2023e-004
2490	8.4	3.9	0.1	-1.1938e-004
2491	7.5	3.6	0.1	-1.2291e-004
2492	7.8	3.9	0.1	-1.2264e-004
2493	6.9	3.6	0.1	-1.2472e-004
2494	7.2	3.9	0.1	-1.2523e-004
2495	6.3	3.6	0.1	-1.2539e-004
2496	6.6	3.9	0.1	-1.2691e-004
2497	5.7	3.6	0.1	-1.2456e-004
2498	6.	3.9	0.1	-1.2742e-004
2499	5.1	3.6	0.1	-1.2178e-004
2500	5.4	3.9	0.1	-1.2639e-004
2501	4.5	3.6	0.1	-1.1652e-004
2502	4.8	3.9	0.1	-1.2338e-004
2503	3.9	3.6	0.1	-1.0812e-004
2504	4.2	3.9	0.1	-1.1784e-004
2505	3.3	3.6	0.1	-9.591e-005
2506	3.6	3.9	0.1	-1.0913e-004
2507	2.7	3.6	0.1	-7.937e-005
2508	3.	3.9	0.1	-9.6511e-005
2509	2.1	3.6	0.1	-5.8603e-005
2510	2.4	3.9	0.1	-7.9206e-005
2511	1.5	3.6	0.1	-3.5321e-005
2512	1.8	3.9	0.1	-5.6932e-005
2513	0.9	3.6	0.1	-1.4408e-005
2514	1.2	3.9	0.1	-3.0606e-005
2515	0.6	3.9	0.1	-7.9692e-006
2516	0.3	3.6	0.1	-2.425e-006
2517	23.1	4.2	0.1	-2.1717e-006
2518	23.4	4.5	0.1	9.9128e-008
2519	23.7	4.2	0.1	2.3229e-006
2520	22.5	4.2	0.1	-7.2314e-006
2521	22.8	4.5	0.1	-5.1662e-006
2522	21.9	4.2	0.1	-1.199e-005
2523	22.2	4.5	0.1	-9.8562e-006
2524	21.3	4.2	0.1	-1.6705e-005
2525	21.6	4.5	0.1	-1.4554e-005
2526	20.7	4.2	0.1	-2.137e-005
2527	21.	4.5	0.1	-1.9187e-005
2528	20.1	4.2	0.1	-2.6024e-005
2529	20.4	4.5	0.1	-2.3812e-005
2530	19.5	4.2	0.1	-3.0686e-005
2531	19.8	4.5	0.1	-2.8443e-005
2532	18.9	4.2	0.1	-3.537e-005
2533	19.2	4.5	0.1	-3.3096e-005
2534	18.3	4.2	0.1	-4.0088e-005
2535	18.6	4.5	0.1	-3.7782e-005
2536	17.7	4.2	0.1	-4.485e-005
2537	18.	4.5	0.1	-4.251e-005
2538	17.1	4.2	0.1	-4.9663e-005
2539	17.4	4.5	0.1	-4.7288e-005
2540	16.5	4.2	0.1	-5.4531e-005
2541	16.8	4.5	0.1	-5.2121e-005
2542	15.9	4.2	0.1	-5.9462e-005
2543	16.2	4.5	0.1	-5.7013e-005
2544	15.3	4.2	0.1	-6.4458e-005
2545	15.6	4.5	0.1	-6.197e-005
2546	14.7	4.2	0.1	-6.9523e-005
2547	15.	4.5	0.1	-6.6995e-005
2548	14.1	4.2	0.1	-7.4663e-005
2549	14.4	4.5	0.1	-7.2092e-005
2550	13.5	4.2	0.1	-7.988e-005
2551	13.8	4.5	0.1	-7.7263e-005
2552	12.9	4.2	0.1	-8.518e-005
2553	13.2	4.5	0.1	-8.2514e-005
2554	12.3	4.2	0.1	-9.0532e-005
2555	12.6	4.5	0.1	-8.7849e-005
2556	11.7	4.2	0.1	-9.5444e-005
2557	12.	4.5	0.1	-9.3216e-005
2558	11.1	4.2	0.1	-1.0028e-004
2559	11.4	4.5	0.1	-9.8169e-005
2560	10.5	4.2	0.1	-1.0502e-004
2561	10.8	4.5	0.1	-1.0305e-004
2562	9.9	4.2	0.1	-1.0962e-004
2563	10.2	4.5	0.1	-1.0785e-004
2564	9.3	4.2	0.1	-1.1401e-004
2565	9.6	4.5	0.1	-1.125e-004
2566	8.7	4.2	0.1	-1.181e-004
2567	9.	4.5	0.1	-1.1696e-004
2568	8.1	4.2	0.1	-1.218e-004
2569	8.4	4.5	0.1	-1.2113e-004
2570	7.5	4.2	0.1	-1.2496e-004
2571	7.8	4.5	0.1	-1.2493e-004
2572	6.9	4.2	0.1	-1.2742e-004
2573	7.2	4.5	0.1	-1.2821e-004
2574	6.3	4.2	0.1	-1.2894e-004
2575	6.6	4.5	0.1	-1.3083e-004
2576	5.7	4.2	0.1	-1.2924e-004
2577	6.	4.5	0.1	-1.3256e-004
2578	5.1	4.2	0.1	-1.2797e-004
2579	5.4	4.5	0.1	-1.3317e-004
2580	4.5	4.2	0.1	-1.247e-004
2581	4.8	4.5	0.1	-1.3233e-004
2582	3.9	4.2	0.1	-1.1889e-004
2583	4.2	4.5	0.1	-1.2965e-004
2584	3.3	4.2	0.1	-1.0982e-004
2585	3.6	4.5	0.1	-1.2463e-004
2586	2.7	4.2	0.1	-9.6548e-005
2587	3.	4.5	0.1	-1.1655e-004
2588	2.1	4.2	0.1	-7.7903e-005
2589	2.4	4.5	0.1	-1.0421e-004
2590	1.5	4.2	0.1	-5.2686e-005
2591	1.8	4.5	0.1	-8.5158e-005
2592	0.9	4.2	0.1	-2.4281e-005
2593	1.2	4.5	0.1	-5.561e-005
2594	0.6	4.5	0.1	-1.6834e-005
2595	0.3	4.2	0.1	-4.5117e-006
2596	23.1	4.8	0.1	-2.8806e-006
2597	23.4	5.1	0.1	-1.0474e-006
2598	23.7	4.8	0.1	1.4934e-006
2599	22.5	4.8	0.1	-7.7866e-006
2600	22.8	5.1	0.1	-5.9924e-006
2601	21.9	4.8	0.1	-1.2418e-005
2602	22.2	5.1	0.1	-1.0481e-005
2603	21.3	4.8	0.1	-1.7034e-005
2604	21.6	5.1	0.1	-1.503e-005
2605	20.7	4.8	0.1	-2.1628e-005
2606	21.	5.1	0.1	-1.9561e-005
2607	20.1	4.8	0.1	-2.6229e-005
2608	20.4	5.1	0.1	-2.4111e-005
2609	19.5	4.8	0.1	-3.0852e-005
2610	19.8	5.1	0.1	-2.8686e-005
2611	18.9	4.8	0.1	-3.5507e-005
2612	19.2	5.1	0.1	-3.3297e-005
2613	18.3	4.8	0.1	-4.0203e-005
2614	18.6	5.1	0.1	-3.795e-005
2615	17.7	4.8	0.1	-4.4947e-005
2616	18.	5.1	0.1	-4.2653e-005
2617	17.1	4.8	0.1	-4.9745e-005
2618	17.4	5.1	0.1	-4.741e-005
2619	16.5	4.8	0.1	-5.4602e-005
2620	16.8	5.1	0.1	-5.2226e-005
2621	15.9	4.8	0.1	-5.9522e-005
2622	16.2	5.1	0.1	-5.7104e-005
2623	15.3	4.8	0.1	-6.4508e-005
2624	15.6	5.1	0.1	-6.2048e-005
2625	14.7	4.8	0.1	-6.9564e-005
2626	15.	5.1	0.1	-6.706e-005
2627	14.1	4.8	0.1	-7.4692e-005
2628	14.4	5.1	0.1	-7.2143e-005
2629	13.5	4.8	0.1	-7.9898e-005
2630	13.8	5.1	0.1	-7.7301e-005
2631	12.9	4.8	0.1	-8.5184e-005
2632	13.2	5.1	0.1	-8.2535e-005
2633	12.3	4.8	0.1	-9.0555e-005
2634	12.6	5.1	0.1	-8.785e-005
2635	11.7	4.8	0.1	-9.5969e-005
2636	12.	5.1	0.1	-9.325e-005
2637	11.1	4.8	0.1	-1.0097e-004
2638	11.4	5.1	0.1	-9.8737e-005
2639	10.5	4.8	0.1	-1.059e-004
2640	10.8	5.1	0.1	-1.0395e-004
2641	9.9	4.8	0.1	-1.1075e-004
2642	10.2	5.1	0.1	-1.0899e-004
2643	9.3	4.8	0.1	-1.1547e-004
2644	9.6	5.1	0.1	-1.1397e-004
2645	8.7	4.8	0.1	-1.2e-004
2646	9.	5.1	0.1	-1.1884e-004
2647	8.1	4.8	0.1	-1.2427e-004
2648	8.4	5.1	0.1	-1.2358e-004
2649	7.5	4.8	0.1	-1.2818e-004
2650	7.8	5.1	0.1	-1.281e-004
2651	6.9	4.8	0.1	-1.3162e-004
2652	7.2	5.1	0.1	-1.3235e-004
2653	6.3	4.8	0.1	-1.3445e-004
2654	6.6	5.1	0.1	-1.3622e-004
2655	5.7	4.8	0.1	-1.3648e-004
2656	6.	5.1	0.1	-1.3961e-004
2657	5.1	4.8	0.1	-1.3749e-004
2658	5.4	5.1	0.1	-1.424e-004
2659	4.5	4.8	0.1	-1.3723e-004
2660	4.8	5.1	0.1	-1.4443e-004
2661	3.9	4.8	0.1	-1.3534e-004
2662	4.2	5.1	0.1	-1.4551e-004
2663	3.3	4.8	0.1	-1.313e-004
2664	3.6	5.1	0.1	-1.4539e-004
2665	2.7	4.8	0.1	-1.242e-004
2666	3.	5.1	0.1	-1.4363e-004
2667	2.1	4.8	0.1	-1.1162e-004
2668	2.4	5.1	0.1	-1.3929e-004
2669	1.5	4.8	0.1	-8.8638e-005
2670	1.8	5.1	0.1	-1.299e-004
2671	0.9	4.8	0.1	-4.8635e-005
2672	1.2	5.1	0.1	-1.0822e-004
2673	0.6	5.1	0.1	-5.2164e-005
2674	0.3	4.8	0.1	-9.5066e-006
2675	23.1	5.4	0.1	-4.1401e-006
2676	23.4	5.7	0.1	-2.0662e-006
2677	23.7	5.4	0.1	-1.1952e-007
2678	22.5	5.4	0.1	-8.679e-006
2679	22.8	5.7	0.1	-6.668e-006
2680	21.9	5.4	0.1	-1.3089e-005
2681	22.2	5.7	0.1	-1.0978e-005
2682	21.3	5.4	0.1	-1.7555e-005
2683	21.6	5.7	0.1	-1.541e-005
2684	20.7	5.4	0.1	-2.2044e-005
2685	21.	5.7	0.1	-1.9862e-005
2686	20.1	5.4	0.1	-2.6567e-005
2687	20.4	5.7	0.1	-2.4353e-005
2688	19.5	5.4	0.1	-3.113e-005
2689	19.8	5.7	0.1	-2.8884e-005
2690	18.9	5.4	0.1	-3.5739e-005
2691	19.2	5.7	0.1	-3.3461e-005
2692	18.3	5.4	0.1	-4.04e-005
2693	18.6	5.7	0.1	-3.8088e-005
2694	17.7	5.4	0.1	-4.5116e-005
2695	18.	5.7	0.1	-4.2771e-005
2696	17.1	5.4	0.1	-4.9891e-005
2697	17.4	5.7	0.1	-4.7512e-005
2698	16.5	5.4	0.1	-5.4728e-005
2699	16.8	5.7	0.1	-5.2314e-005
2700	15.9	5.4	0.1	-5.9631e-005
2701	16.2	5.7	0.1	-5.7181e-005
2702	15.3	5.4	0.1	-6.4601e-005
2703	15.6	5.7	0.1	-6.2114e-005
2704	14.7	5.4	0.1	-6.964e-005
2705	15.	5.7	0.1	-6.7116e-005
2706	14.1	5.4	0.1	-7.4752e-005
2707	14.4	5.7	0.1	-7.2188e-005
2708	13.5	5.4	0.1	-7.9938e-005
2709	13.8	5.7	0.1	-7.7334e-005
2710	12.9	5.4	0.1	-8.5201e-005
2711	13.2	5.7	0.1	-8.2554e-005
2712	12.3	5.4	0.1	-9.0544e-005
2713	12.6	5.7	0.1	-8.7853e-005
2714	11.7	5.4	0.1	-9.5972e-005
2715	12.	5.7	0.1	-9.3233e-005
2716	11.1	5.4	0.1	-1.0149e-004
2717	11.4	5.7	0.1	-9.8698e-005
2718	10.5	5.4	0.1	-1.0707e-004
2719	10.8	5.7	0.1	-1.0425e-004
2720	9.9	5.4	0.1	-1.1223e-004
2721	10.2	5.7	0.1	-1.099e-004
2722	9.3	5.4	0.1	-1.1737e-004
2723	9.6	5.7	0.1	-1.154e-004
2724	8.7	5.4	0.1	-1.2244e-004
2725	9.	5.7	0.1	-1.2069e-004
2726	8.1	5.4	0.1	-1.2742e-004
2727	8.4	5.7	0.1	-1.2596e-004
2728	7.5	5.4	0.1	-1.3227e-004
2729	7.8	5.7	0.1	-1.3117e-004
2730	6.9	5.4	0.1	-1.3694e-004
2731	7.2	5.7	0.1	-1.3632e-004
2732	6.3	5.4	0.1	-1.4137e-004
2733	6.6	5.7	0.1	-1.4137e-004
2734	5.7	5.4	0.1	-1.4551e-004
2735	6.	5.7	0.1	-1.463e-004
2736	5.1	5.4	0.1	-1.4928e-004
2737	5.4	5.7	0.1	-1.5108e-004
2738	4.5	5.4	0.1	-1.5262e-004
2739	4.8	5.7	0.1	-1.5569e-004
2740	3.9	5.4	0.1	-1.5544e-004
2741	4.2	5.7	0.1	-1.6012e-004
2742	3.3	5.4	0.1	-1.5753e-004
2743	3.6	5.7	0.1	-1.6432e-004
2744	2.7	5.4	0.1	-1.5847e-004
2745	3.	5.7	0.1	-1.6817e-004
2746	2.1	5.4	0.1	-1.5727e-004
2747	2.4	5.7	0.1	-1.7115e-004
2748	1.5	5.4	0.1	-1.4943e-004
2749	1.8	5.7	0.1	-1.729e-004
2750	0.9	5.4	0.1	-1.1342e-004
2751	1.2	5.7	0.1	-1.701e-004
2752	0.6	5.7	0.1	-1.3245e-004
2753	0.3	5.4	0.1	-3.6299e-005
2754	0.9	6.	0.1	-1.8739e-004
2755	0.3	6.	0.1	-8.9036e-005
2756	0.6	6.	5.e-002	6.379e-012
2757	1.5	6.	0.1	-1.9233e-004
2758	1.2	6.	5.e-002	3.5974e-012
2759	2.1	6.	0.1	-1.864e-004
2760	1.8	6.	5.e-002	-1.7768e-012
2761	2.7	6.	0.1	-1.8058e-004
2762	2.4	6.	5.e-002	1.7819e-012
2763	3.3	6.	0.1	-1.7478e-004
2764	3.	6.	5.e-002	-2.1912e-012
2765	3.9	6.	0.1	-1.6887e-004
2766	3.6	6.	5.e-002	-4.6266e-012
2767	4.5	6.	0.1	-1.6309e-004
2768	4.2	6.	5.e-002	-3.1866e-022
2769	5.1	6.	0.1	-1.5743e-004
2770	4.8	6.	5.e-002	-1.5923e-021
2771	5.7	6.	0.1	-1.5183e-004
2772	5.4	6.	5.e-002	1.8779e-014
2773	6.3	6.	0.1	-1.4628e-004
2774	6.	6.	5.e-002	-2.9444e-013
2775	6.9	6.	0.1	-1.4074e-004
2776	6.6	6.	5.e-002	-1.7526e-013
2777	7.5	6.	0.1	-1.3522e-004
2778	7.2	6.	5.e-002	-1.0569e-013
2779	8.1	6.	0.1	-1.2972e-004
2780	7.8	6.	5.e-002	-9.8508e-022
2781	8.7	6.	0.1	-1.2422e-004
2782	8.4	6.	5.e-002	3.7495e-014
2783	9.3	6.	0.1	-1.1855e-004
2784	9.	6.	5.e-002	-1.2236e-014
2785	9.9	6.	0.1	-1.1276e-004
2786	9.6	6.	5.e-002	1.8153e-012
2787	10.5	6.	0.1	-1.0706e-004
2788	10.2	6.	5.e-002	1.2463e-014
2789	11.1	6.	0.1	-1.0147e-004
2790	10.8	6.	5.e-002	1.8183e-012
2791	11.7	6.	0.1	-9.596e-005
2792	11.4	6.	5.e-002	-1.137e-021
2793	12.3	6.	0.1	-9.0542e-005
2794	12.	6.	5.e-002	1.8169e-012
2795	12.9	6.	0.1	-8.5206e-005
2796	12.6	6.	5.e-002	1.819e-012
2797	13.5	6.	0.1	-7.995e-005
2798	13.2	6.	5.e-002	-2.5902e-017
2799	14.1	6.	0.1	-7.4769e-005
2800	13.8	6.	5.e-002	1.819e-012
2801	14.7	6.	0.1	-6.9662e-005
2802	14.4	6.	5.e-002	1.8189e-012
2803	15.3	6.	0.1	-6.4627e-005
2804	15.	6.	5.e-002	-1.0878e-021
2805	15.9	6.	0.1	-5.9661e-005
2806	15.6	6.	5.e-002	-2.0128e-016
2807	16.5	6.	0.1	-5.4763e-005
2808	16.2	6.	5.e-002	9.014e-013
2809	17.1	6.	0.1	-4.9931e-005
2810	16.8	6.	5.e-002	8.9954e-013
2811	17.7	6.	0.1	-4.5162e-005
2812	17.4	6.	5.e-002	1.8187e-012
2813	18.3	6.	0.1	-4.0454e-005
2814	18.	6.	5.e-002	8.9598e-013
2815	18.9	6.	0.1	-3.5803e-005
2816	18.6	6.	5.e-002	9.2528e-013
2817	19.5	6.	0.1	-3.1207e-005
2818	19.2	6.	5.e-002	1.8181e-012
2819	20.1	6.	0.1	-2.666e-005
2820	19.8	6.	5.e-002	9.1015e-013
2821	20.7	6.	0.1	-2.2159e-005
2822	20.4	6.	5.e-002	9.0843e-013
2823	21.3	6.	0.1	-1.7701e-005
2824	21.	6.	5.e-002	9.0949e-013
2825	21.9	6.	0.1	-1.3277e-005
2826	21.6	6.	5.e-002	9.3656e-013
2827	22.5	6.	0.1	-8.9376e-006
2828	22.2	6.	5.e-002	8.7184e-013
2829	23.1	6.	0.1	-4.5471e-006
2830	22.8	6.	5.e-002	9.0949e-013
2831	23.7	6.	0.1	-9.6119e-007
2832	23.4	6.	5.e-002	1.1983e-012
2833	24.	5.7	0.1	9.0223e-007
2834	24.	6.	5.e-002	2.6805e-012
2835	24.	5.1	0.1	2.332e-006
2836	24.	5.4	5.e-002	9.292e-013
2837	24.	4.5	0.1	3.638e-006
2838	24.	4.8	5.e-002	1.1456e-012
2839	24.	3.9	0.1	4.3393e-006
2840	24.	4.2	5.e-002	9.1313e-013
2841	24.	3.3	0.1	4.6857e-006
2842	24.	3.6	5.e-002	1.3642e-012
2843	24.	2.7	0.1	4.6857e-006
2844	24.	3.	5.e-002	1.819e-012
2845	24.	2.1	0.1	4.3392e-006
2846	24.	2.4	5.e-002	1.3641e-012
2847	24.	1.5	0.1	3.638e-006
2848	24.	1.8	5.e-002	9.0161e-013
2849	24.	0.9	0.1	2.332e-006
2850	24.	1.2	5.e-002	6.6138e-013
2851	24.	0.3	0.1	9.0223e-007
2852	24.	0.6	5.e-002	1.0953e-012
2853	23.7	0.	0.1	-9.6118e-007
2854	24.	0.	5.e-002	2.9579e-012
2855	23.1	0.	0.1	-4.5471e-006
2856	23.4	0.	5.e-002	1.2229e-012
2857	22.5	0.	0.1	-8.9375e-006
2858	22.8	0.	5.e-002	9.6292e-013
2859	21.9	0.	0.1	-1.3277e-005
2860	22.2	0.	5.e-002	9.0949e-013
2861	21.3	0.	0.1	-1.7701e-005
2862	21.6	0.	5.e-002	8.792e-013
2863	20.7	0.	0.1	-2.2159e-005
2864	21.	0.	5.e-002	4.5923e-013
2865	20.1	0.	0.1	-2.666e-005
2866	20.4	0.	5.e-002	4.5634e-013
2867	19.5	0.	0.1	-3.1207e-005
2868	19.8	0.	5.e-002	-2.3174e-014
2869	18.9	0.	0.1	-3.5803e-005
2870	19.2	0.	5.e-002	8.5101e-016
2871	18.3	0.	0.1	-4.0454e-005
2872	18.6	0.	5.e-002	5.6768e-016
2873	17.7	0.	0.1	-4.5162e-005
2874	18.	0.	5.e-002	-1.3321e-014
2875	17.1	0.	0.1	-4.9931e-005
2876	17.4	0.	5.e-002	-9.1999e-013
2877	16.5	0.	0.1	-5.4763e-005
2878	16.8	0.	5.e-002	-9.09e-013
2879	15.9	0.	0.1	-5.9661e-005
2880	16.2	0.	5.e-002	2.8343e-016
2881	15.3	0.	0.1	-6.4627e-005
2882	15.6	0.	5.e-002	2.0128e-016
2883	14.7	0.	0.1	-6.9662e-005
2884	15.	0.	5.e-002	-1.5795e-021
2885	14.1	0.	0.1	-7.4769e-005
2886	14.4	0.	5.e-002	8.5291e-017
2887	13.5	0.	0.1	-7.995e-005
2888	13.8	0.	5.e-002	-1.8189e-012
2889	12.9	0.	0.1	-8.5206e-005
2890	13.2	0.	5.e-002	5.1792e-017
2891	12.3	0.	0.1	-9.0542e-005
2892	12.6	0.	5.e-002	-1.819e-012
2893	11.7	0.	0.1	-9.596e-005
2894	12.	0.	5.e-002	-1.819e-012
2895	11.1	0.	0.1	-1.0147e-004
2896	11.4	0.	5.e-002	-4.4799e-015
2897	10.5	0.	0.1	-1.0706e-004
2898	10.8	0.	5.e-002	-1.8102e-012
2899	9.9	0.	0.1	-1.1276e-004
2900	10.2	0.	5.e-002	-1.8048e-012
2901	9.3	0.	0.1	-1.1855e-004
2902	9.6	0.	5.e-002	-1.8153e-012
2903	8.7	0.	0.1	-1.2422e-004
2904	9.	0.	5.e-002	-3.6227e-012
2905	8.1	0.	0.1	-1.2972e-004
2906	8.4	0.	5.e-002	-1.0407e-021
2907	7.5	0.	0.1	-1.3522e-004
2908	7.8	0.	5.e-002	-3.6002e-012
2909	6.9	0.	0.1	-1.4074e-004
2910	7.2	0.	5.e-002	1.8292e-013
2911	6.3	0.	0.1	-1.4628e-004
2912	6.6	0.	5.e-002	-3.3433e-012
2913	5.7	0.	0.1	-1.5183e-004
2914	6.	0.	5.e-002	2.9444e-013
2915	5.1	0.	0.1	-1.5743e-004
2916	5.4	0.	5.e-002	1.8779e-014
2917	4.5	0.	0.1	-1.6309e-004
2918	4.8	0.	5.e-002	-1.7129e-012
2919	3.9	0.	0.1	-1.6887e-004
2920	4.2	0.	5.e-002	-3.1866e-022
2921	3.3	0.	0.1	-1.7478e-004
2922	3.6	0.	5.e-002	4.6266e-012
2923	2.7	0.	0.1	-1.8058e-004
2924	3.	0.	5.e-002	2.1912e-012
2925	2.1	0.	0.1	-1.864e-004
2926	2.4	0.	5.e-002	-1.7819e-012
2927	1.5	0.	0.1	-1.9233e-004
2928	1.8	0.	5.e-002	-5.9255e-012
2929	0.9	0.	0.1	-1.8739e-004
2930	1.2	0.	5.e-002	-7.1948e-012
2931	0.3	0.	0.1	-8.9036e-005
2932	0.6	0.	5.e-002	-9.2554e-021
2933	2.6226e-015	0.3	0.1	-1.0993e-006
2934	0.	0.	5.e-002	-4.6132e-013
2935	7.8677e-015	0.9	0.1	2.8418e-006
2936	5.3161e-015	0.6	5.e-002	-3.2849e-014
2937	1.3113e-014	1.5	0.1	2.9668e-006
2938	1.0632e-014	1.2	5.e-002	4.5637e-012
2939	1.8358e-014	2.1	0.1	1.3944e-006
2940	1.5948e-014	1.8	5.e-002	1.2637e-012
2941	2.3603e-014	2.7	0.1	5.6871e-007
2942	2.1264e-014	2.4	5.e-002	1.2288e-014
2943	2.8848e-014	3.3	0.1	5.6871e-007
2944	2.6581e-014	3.	5.e-002	-2.6297e-021
2945	3.4093e-014	3.9	0.1	1.3944e-006
2946	3.1897e-014	3.6	5.e-002	-3.5954e-014
2947	3.9339e-014	4.5	0.1	2.9668e-006
2948	3.7213e-014	4.2	5.e-002	-9.9373e-014
2949	4.4584e-014	5.1	0.1	2.8418e-006
2950	4.2529e-014	4.8	5.e-002	4.297e-014
2951	4.9829e-014	5.7	0.1	-1.0993e-006
2952	4.7845e-014	5.4	5.e-002	-4.8394e-014
2953	5.2451e-014	6.	5.e-002	1.4456e-013
2954	4.4584e-014	5.1	0.	-2.8418e-006
2955	4.9829e-014	5.7	0.	1.0993e-006
2956	3.9339e-014	4.5	0.	-2.9668e-006
2957	3.4093e-014	3.9	0.	-1.3944e-006
2958	2.8848e-014	3.3	0.	-5.6871e-007
2959	2.3603e-014	2.7	0.	-5.6871e-007
2960	1.8358e-014	2.1	0.	-1.3944e-006
2961	1.3113e-014	1.5	0.	-2.9668e-006
2962	7.8677e-015	0.9	0.	-2.8418e-006
2963	2.6226e-015	0.3	0.	1.0993e-006
2964	0.3	6.	0.	8.9036e-005
2965	0.3	0.	0.	8.9036e-005
2966	0.9	0.	0.	1.8739e-004
2967	1.5	0.	0.	1.9233e-004
2968	2.1	0.	0.	1.864e-004
2969	2.7	0.	0.	1.8058e-004
2970	3.3	0.	0.	1.7478e-004
2971	3.9	0.	0.	1.6887e-004
2972	4.5	0.	0.	1.6309e-004
2973	5.1	0.	0.	1.5743e-004
2974	5.7	0.	0.	1.5183e-004
2975	6.3	0.	0.	1.4628e-004
2976	6.9	0.	0.	1.4074e-004
2977	7.5	0.	0.	1.3522e-004
2978	8.1	0.	0.	1.2972e-004
2979	8.7	0.	0.	1.2422e-004
2980	9.3	0.	0.	1.1855e-004
2981	9.9	0.	0.	1.1276e-004
2982	10.5	0.	0.	1.0706e-004
2983	11.1	0.	0.	1.0147e-004
2984	11.7	0.	0.	9.596e-005
2985	12.3	0.	0.	9.0542e-005
2986	12.9	0.	0.	8.5206e-005
2987	13.5	0.	0.	7.995e-005
2988	14.1	0.	0.	7.4769e-005
2989	14.7	0.	0.	6.9662e-005
2990	15.3	0.	0.	6.4627e-005
2991	15.9	0.	0.	5.9661e-005
2992	16.5	0.	0.	5.4763e-005
2993	17.1	0.	0.	4.9931e-005
2994	17.7	0.	0.	4.5162e-005
2995	18.3	0.	0.	4.0454e-005
2996	18.9	0.	0.	3.5803e-005
2997	19.5	0.	0.	3.1207e-005
2998	20.1	0.	0.	2.666e-005
2999	20.7	0.	0.	2.2159e-005
3000	21.3	0.	0.	1.7701e-005
3001	21.9	0.	0.	1.3277e-005
3002	22.5	0.	0.	8.9375e-006
3003	23.1	0.	0.	4.5471e-006
3004	23.7	0.	0.	9.6118e-007
3005	24.	0.3	0.	-9.0223e-007
3006	24.	0.9	0.	-2.332e-006
3007	24.	1.5	0.	-3.638e-006
3008	24.	2.1	0.	-4.3392e-006
3009	24.	2.7	0.	-4.6857e-006
3010	24.	3.3	0.	-4.6857e-006
3011	24.	3.9	0.	-4.3393e-006
3012	24.	4.5	0.	-3.638e-006
3013	24.	5.1	0.	-2.332e-006
3014	24.	5.7	0.	-9.0223e-007
3015	23.7	6.	0.	9.6118e-007
3016	23.1	6.	0.	4.5471e-006
3017	22.5	6.	0.	8.9375e-006
3018	21.9	6.	0.	1.3277e-005
3019	21.3	6.	0.	1.7701e-005
3020	20.7	6.	0.	2.2159e-005
3021	20.1	6.	0.	2.666e-005
3022	19.5	6.	0.	3.1207e-005
3023	18.9	6.	0.	3.5803e-005
3024	18.3	6.	0.	4.0454e-005
3025	17.7	6.	0.	4.5162e-005
3026	17.1	6.	0.	4.9931e-005
3027	16.5	6.	0.	5.4763e-005
3028	15.9	6.	0.	5.9661e-005
3029	15.3	6.	0.	6.4627e-005
3030	14.7	6.	0.	6.9662e-005
3031	14.1	6.	0.	7.4769e-005
3032	13.5	6.	0.	7.995e-005
3033	12.9	6.	0.	8.5206e-005
3034	12.3	6.	0.	9.0542e-005
3035	11.7	6.	0.	9.596e-005
3036	11.1	6.	0.	1.0147e-004
3037	10.5	6.	0.	1.0706e-004
3038	9.9	6.	0.	1.1276e-004
3039	9.3	6.	0.	1.1855e-004
3040	8.7	6.	0.	1.2422e-004
3041	8.1	6.	0.	1.2972e-004
3042	7.5	6.	0.	1.3522e-004
3043	6.9	6.	0.	1.4074e-004
3044	6.3	6.	0.	1.4628e-004
3045	5.7	6.	0.	1.5183e-004
3046	5.1	6.	0.	1.5743e-004
3047	4.5	6.	0.	1.6309e-004
3048	3.9	6.	0.	1.6887e-004
3049	3.3	6.	0.	1.7478e-004
3050	2.7	6.	0.	1.8058e-004
3051	2.1	6.	0.	1.864e-004
3052	1.5	6.	0.	1.9233e-004
3053	0.9	6.	0.	1.8739e-004
