Node Number	X Location (in)	Y Location (in)	Z Location (in)	Minimum Principal Stress (psi)
1	7.5439	2.4245	0.	-1002.9
2	6.2295	3.0976	0.	-1073.4
3	7.3592	1.7534	0.	-966.24
4	3.8548	3.266	0.	-1334.8
5	7.2131	4.199	0.	-962.06
6	4.6294	0.57181	0.	-813.31
7	6.6623	0.59959	0.	-614.66
8	4.7251	4.7045	0.	-1063.
9	6.729	5.4746	0.	-521.32
10	4.8732	5.399	0.	-755.1
11	4.7244	1.4808	0.	-1021.
12	3.7416	1.078	0.	-1106.8
13	3.6295	2.2418	0.	-1267.6
14	3.9326	5.1937	0.	-1029.1
15	1.3352	4.7375	0.	-1324.5
16	1.1951	1.1944	0.	-1330.2
17	2.4047	1.1532	0.	-1382.3
18	7.6044	0.74982	0.	-717.17
19	8.6228	1.1711	0.	-698.24
20	10.08	1.1927	0.	-576.81
21	11.337	1.1991	0.	-475.42
22	12.542	1.2077	0.	-388.62
23	13.715	1.2168	0.	-314.2
24	14.871	1.2125	0.	-248.02
25	16.023	1.203	0.	-190.35
26	17.172	1.1941	0.	-140.66
27	18.314	1.1909	0.	-98.61
28	19.449	1.1911	0.	-64.412
29	20.586	1.1916	0.	-37.81
30	21.723	1.1927	0.	-18.537
31	22.861	1.1955	0.	-6.5828
32	1.335	3.5696	0.	-1374.7
33	1.262	2.3873	0.	-1385.9
34	22.852	2.3939	0.	-7.1706
35	22.849	3.6004	0.	-7.1951
36	22.855	4.7962	0.	-6.6343
37	21.712	4.8096	0.	-18.712
38	20.572	4.8111	0.	-38.103
39	19.438	4.7977	0.	-64.87
40	18.299	4.7943	0.	-99.083
41	17.157	4.7865	0.	-140.93
42	16.023	4.7956	0.	-190.24
43	14.874	4.8117	0.	-247.73
44	13.707	4.8061	0.	-313.75
45	12.533	4.7918	0.	-387.65
46	11.328	4.7822	0.	-473.1
47	10.055	4.7588	0.	-572.3
48	8.5821	4.7197	0.	-669.48
49	7.7224	5.2557	0.	-689.96
50	8.7015	3.4996	0.	-707.7
51	2.6694	3.4511	0.	-1373.5
52	2.4755	2.2925	0.	-1402.6
53	8.7969	2.3727	0.	-690.06
54	9.9992	2.3522	0.	-574.61
55	11.247	2.3842	0.	-480.01
56	12.473	2.4075	0.	-391.51
57	13.67	2.4212	0.	-315.79
58	14.835	2.4185	0.	-249.06
59	15.999	2.4065	0.	-190.93
60	17.161	2.3883	0.	-140.77
61	18.296	2.3926	0.	-98.957
62	19.428	2.3885	0.	-65.01
63	20.567	2.3895	0.	-38.319
64	21.709	2.3911	0.	-19.084
65	21.704	3.5989	0.	-19.156
66	20.563	3.6	0.	-38.418
67	19.43	3.5985	0.	-65.021
68	18.284	3.5899	0.	-99.392
69	17.15	3.5816	0.	-141.14
70	16.	3.5962	0.	-190.85
71	14.84	3.6104	0.	-248.72
72	13.668	3.609	0.	-315.38
73	12.47	3.6	0.	-391.56
74	11.242	3.5903	0.	-478.88
75	9.9882	3.5639	0.	-574.99
76	6.4877	5.082	0.	-555.39
77	6.9231	4.7111	0.	-784.44
78	4.9536	1.0167	0.	-629.66
79	4.7536	2.2302	0.	-1314.4
80	2.8279	4.6831	0.	-1280.8
81	5.0559	5.0383	0.	-630.81
82	4.1613	4.0535	0.	-1263.6
83	6.4505	0.93411	0.	-454.21
84	6.7246	1.2342	0.	-900.25
85	6.4957	2.5492	0.	-886.33
86	5.102	3.1353	0.	-1375.3
87	7.5029	3.3974	0.	-1014.5
88	7.5029	3.3974	0.1	4.0057
89	5.102	3.1353	0.1	-98.728
90	6.4957	2.5492	0.1	-460.48
91	6.7246	1.2342	0.1	-157.06
92	6.4505	0.93411	0.1	-194.19
93	4.1613	4.0535	0.1	56.715
94	5.0559	5.0383	0.1	-180.19
95	2.8279	4.6831	0.1	44.05
96	4.7536	2.2302	0.1	-32.333
97	4.9536	1.0167	0.1	-192.65
98	6.9231	4.7111	0.1	-98.934
99	6.4877	5.082	0.1	-103.35
100	9.9882	3.5639	0.1	-2.3424
101	11.242	3.5903	0.1	1.8144
102	12.47	3.6	0.1	0.57938
103	13.668	3.609	0.1	-2.123
104	14.84	3.6104	0.1	-5.7677
105	16.	3.5962	0.1	-7.7509
106	17.15	3.5816	0.1	-8.9306
107	18.284	3.5899	0.1	-9.7039
108	19.43	3.5985	0.1	-10.114
109	20.563	3.6	0.1	-10.412
110	21.704	3.5989	0.1	-10.563
111	21.709	2.3911	0.1	-10.568
112	20.567	2.3895	0.1	-10.389
113	19.428	2.3885	0.1	-10.148
114	18.296	2.3926	0.1	-9.788
115	17.161	2.3883	0.1	-8.9927
116	15.999	2.4065	0.1	-7.7508
117	14.835	2.4185	0.1	-5.6621
118	13.67	2.4212	0.1	-1.847
119	12.473	2.4075	0.1	0.19997
120	11.247	2.3842	0.1	3.9371
121	9.9992	2.3522	0.1	-8.1065
122	8.7969	2.3727	0.1	30.526
123	2.4755	2.2925	0.1	77.717
124	2.6694	3.4511	0.1	75.366
125	8.7015	3.4996	0.1	18.976
126	7.7224	5.2557	0.1	-34.271
127	8.5821	4.7197	0.1	-6.0341
128	10.055	4.7588	0.1	-4.9599
129	11.328	4.7822	0.1	2.5171
130	12.533	4.7918	0.1	2.529e-002
131	13.707	4.8061	0.1	-3.1729
132	14.874	4.8117	0.1	-5.3967
133	16.023	4.7956	0.1	-6.8113
134	17.157	4.7865	0.1	-7.7192
135	18.299	4.7943	0.1	-8.1322
136	19.438	4.7977	0.1	-8.374
137	20.572	4.8111	0.1	-8.3132
138	21.712	4.8096	0.1	-8.091
139	22.855	4.7962	0.1	-7.6171
140	22.849	3.6004	0.1	-10.584
141	22.852	2.3939	0.1	-10.59
142	1.262	2.3873	0.1	-305.21
143	1.335	3.5696	0.1	-298.4
144	22.861	1.1955	0.1	-7.5867
145	21.723	1.1927	0.1	-8.1589
146	20.586	1.1916	0.1	-8.4349
147	19.449	1.1911	0.1	-8.5016
148	18.314	1.1909	0.1	-8.1973
149	17.172	1.1941	0.1	-7.6773
150	16.023	1.203	0.1	-6.8525
151	14.871	1.2125	0.1	-5.4902
152	13.715	1.2168	0.1	-2.8649
153	12.542	1.2077	0.1	-0.42583
154	11.337	1.1991	0.1	4.4754
155	10.08	1.1927	0.1	-10.097
156	8.6228	1.1711	0.1	21.788
157	7.6044	0.74982	0.1	8.6049
158	2.4047	1.1532	0.1	49.619
159	1.1951	1.1944	0.1	-261.06
160	1.3352	4.7375	0.1	-256.52
161	3.9326	5.1937	0.1	-16.423
162	3.6295	2.2418	0.1	-60.27
163	3.7416	1.078	0.1	-36.474
164	4.7244	1.4808	0.1	-221.74
165	4.8732	5.399	0.1	-142.71
166	6.729	5.4746	0.1	-68.989
167	4.7251	4.7045	0.1	-193.59
168	6.6623	0.59959	0.1	-115.01
169	4.6294	0.57181	0.1	-172.86
170	7.2131	4.199	0.1	73.243
171	3.8548	3.266	0.1	5.9998
172	7.3592	1.7534	0.1	39.518
173	6.2295	3.0976	0.1	-286.85
174	7.5439	2.4245	0.1	-8.572
175	5.8467	5.5	0.1	69.738
176	5.8467	5.	0.1	-374.23
177	5.8467	4.5	0.1	-356.03
178	5.8467	4.	0.1	284.02
179	5.68	4.	0.1	38.573
180	5.68	4.5	0.1	-675.55
181	5.68	5.	0.1	-398.97
182	5.68	5.5	0.1	95.508
183	5.8467	0.5	0.1	70.881
184	5.8467	1.	0.1	-269.01
185	5.8467	1.5	0.1	-690.24
186	5.8467	2.	0.1	245.05
187	5.68	2.	0.1	-88.358
188	5.68	1.5	0.1	-588.12
189	5.68	1.	0.1	-235.51
190	5.68	0.5	0.1	98.109
191	5.8467	6.	0.1	49.663
192	6.9813	6.	0.1	-6.1438
193	8.1158	6.	0.1	-48.678
194	9.2504	6.	0.1	-54.481
195	10.385	6.	0.1	-5.9168
196	11.52	6.	0.1	-5.3769
197	12.654	6.	0.1	-9.3997
198	13.789	6.	0.1	-9.578
199	14.923	6.	0.1	-9.458
200	16.058	6.	0.1	-9.9464
201	17.193	6.	0.1	-10.706
202	18.327	6.	0.1	-10.698
203	19.462	6.	0.1	-10.48
204	20.596	6.	0.1	-10.213
205	21.731	6.	0.1	-9.218
206	22.865	6.	0.1	-7.5472
207	24.	6.	0.1	-5.0989
208	24.	4.8	0.1	-6.7141
209	24.	3.6	0.1	-10.006
210	24.	2.4	0.1	-10.028
211	24.	1.2	0.1	-6.7378
212	1.049e-014	1.2	0.1	964.86
213	2.0981e-014	2.4	0.1	1011.
214	3.1471e-014	3.6	0.1	1017.2
215	4.1961e-014	4.8	0.1	967.19
216	24.	0.	0.1	-5.0747
217	22.865	0.	0.1	-7.5474
218	21.731	0.	0.1	-9.1794
219	20.596	0.	0.1	-9.9974
220	19.462	0.	0.1	-10.294
221	18.327	0.	0.1	-10.29
222	17.193	0.	0.1	-10.228
223	16.058	0.	0.1	-10.003
224	14.923	0.	0.1	-9.5148
225	13.789	0.	0.1	-8.9232
226	12.654	0.	0.1	-8.0783
227	11.52	0.	0.1	-6.2765
228	10.385	0.	0.1	1.9374
229	9.2504	0.	0.1	-49.713
230	8.1158	0.	0.1	-6.1035
231	6.9813	0.	0.1	12.22
232	5.8467	0.	0.1	26.074
233	5.68	0.	0.1	42.509
234	4.544	2.1352e-030	0.1	-2.6319
235	3.408	1.6014e-030	0.1	-39.376
236	2.272	1.0676e-030	0.1	32.382
237	1.136	5.338e-031	0.1	-184.43
238	0.	0.	0.1	607.18
239	3.937e-014	6.	0.1	644.16
240	1.136	6.	0.1	-203.77
241	2.272	6.	0.1	-23.915
242	3.408	6.	0.1	-21.201
243	4.544	6.	0.1	31.238
244	5.68	6.	0.1	54.563
245	4.544	6.	0.	-803.74
246	3.408	6.	0.	-1117.3
247	2.272	6.	0.	-1434.1
248	1.136	6.	0.	-1301.5
249	5.68	6.	0.	-554.44
250	3.937e-014	6.	0.	-1419.2
251	1.136	5.338e-031	0.	-1344.4
252	2.272	1.0676e-030	0.	-1473.5
253	3.408	1.6014e-030	0.	-1166.8
254	4.544	2.1352e-030	0.	-758.35
255	5.68	0.	0.	-562.77
256	0.	0.	0.	-1408.1
257	6.9813	0.	0.	-566.52
258	8.1158	0.	0.	-660.48
259	9.2504	0.	0.	-621.3
260	10.385	0.	0.	-553.25
261	11.52	0.	0.	-468.31
262	12.654	0.	0.	-382.61
263	13.789	0.	0.	-309.74
264	14.923	0.	0.	-244.97
265	16.058	0.	0.	-187.99
266	17.193	0.	0.	-138.66
267	18.327	0.	0.	-96.935
268	19.462	0.	0.	-62.724
269	20.596	0.	0.	-35.926
270	21.731	0.	0.	-16.456
271	22.865	0.	0.	-4.232
272	5.8467	0.	0.	-443.13
273	24.	0.	0.	0.28116
274	4.1961e-014	4.8	0.	-1967.3
275	3.1471e-014	3.6	0.	-2061.7
276	2.0981e-014	2.4	0.	-2049.2
277	1.049e-014	1.2	0.	-1961.8
278	24.	1.2	0.	-2.1918
279	24.	2.4	0.	-3.1098
280	24.	3.6	0.	-3.1354
281	24.	4.8	0.	-2.2576
282	24.	6.	0.	0.27018
283	22.865	6.	0.	-4.1563
284	21.731	6.	0.	-16.435
285	20.596	6.	0.	-35.924
286	19.462	6.	0.	-62.592
287	18.327	6.	0.	-96.856
288	17.193	6.	0.	-138.2
289	16.058	6.	0.	-187.53
290	14.923	6.	0.	-244.54
291	13.789	6.	0.	-308.76
292	12.654	6.	0.	-380.23
293	11.52	6.	0.	-463.13
294	10.385	6.	0.	-542.96
295	9.2504	6.	0.	-598.68
296	8.1158	6.	0.	-620.63
297	6.9813	6.	0.	-516.58
298	5.8467	6.	0.	-391.33
299	5.68	1.5	0.	-1268.3
300	5.68	1.	0.	-1035.1
301	5.68	0.5	0.	-604.38
302	5.68	2.	0.	-2723.2
303	5.8467	0.5	0.	-337.48
304	5.8467	1.	0.	-701.81
305	5.8467	1.5	0.	-923.54
306	5.8467	2.	0.	-2360.2
307	5.68	4.5	0.	-1162.9
308	5.68	5.	0.	-960.5
309	5.68	5.5	0.	-436.07
310	5.68	4.	0.	-2610.2
311	5.8467	5.5	0.	-437.58
312	5.8467	5.	0.	-887.22
313	5.8467	4.5	0.	-933.35
314	5.8467	4.	0.	-2698.1
315	7.4515	2.089	0.	-984.3
316	8.1704	2.3986	0.	-846.04
317	7.0198	2.4869	0.	-944.51
318	7.5234	2.911	0.	-1008.5
319	7.5439	2.4245	5.e-002	-28.423
320	6.3626	2.8234	0.	-973.09
321	5.6657	3.1164	0.	-1208.3
322	6.8662	3.2475	0.	-1041.2
323	6.2295	3.0976	5.e-002	-25.166
324	5.9548	2.5488	0.	-1896.8
325	6.0381	3.5488	0.	-1871.8
326	7.991	1.4622	0.	-832.07
327	7.0419	1.4938	0.	-931.03
328	7.3592	1.7534	5.e-002	-22.895
329	6.6029	1.8767	0.	-1626.6
330	3.7421	2.7539	0.	-1300.6
331	3.2621	3.3586	0.	-1354.1
332	4.008	3.6598	0.	-1296.2
333	4.4784	3.2006	0.	-1352.3
334	3.8548	3.266	5.e-002	-10.952
335	7.8976	4.4594	0.	-813.7
336	7.0681	4.455	0.	-872.18
337	7.358	3.7982	0.	-983.12
338	7.2131	4.199	5.e-002	-33.131
339	6.5299	4.0995	0.	-1824.6
340	4.1855	0.82492	0.	-955.1
341	4.7915	0.79424	0.	-714.57
342	4.6294	0.57181	5.e-002	-49.352
343	4.5867	0.2859	0.	-783.26
344	5.1547	0.5359	0.	-691.42
345	7.1333	0.6747	0.	-653.05
346	6.5564	0.76685	0.	-532.56
347	6.6623	0.59959	5.e-002	-35.698
348	6.8218	0.2998	0.	-585.51
349	6.2545	0.5498	0.	-470.49
350	4.3289	4.9491	0.	-1044.
351	4.8905	4.8714	0.	-837.71
352	4.4432	4.379	0.	-1162.5
353	4.7251	4.7045	5.e-002	-111.46
354	5.2026	4.6022	0.	-1050.2
355	7.2257	5.3652	0.	-599.95
356	6.6084	5.2783	0.	-537.66
357	6.729	5.4746	5.e-002	-25.473
358	6.8551	5.7373	0.	-515.22
359	6.2878	5.4873	0.	-468.28
360	4.4029	5.2963	0.	-879.8
361	4.9646	5.2187	0.	-691.77
362	4.8732	5.399	5.e-002	-45.71
363	4.7086	5.6995	0.	-769.81
364	5.2766	5.4495	0.	-590.12
365	4.233	1.2794	0.	-1061.8
366	4.839	1.2487	0.	-813.8
367	4.739	1.8555	0.	-1167.5
368	4.7244	1.4808	5.e-002	-92.865
369	5.2022	1.4904	0.	-1088.6
370	3.6855	1.6599	0.	-1185.
371	3.0731	1.1156	0.	-1244.5
372	3.7416	1.078	5.e-002	-29.379
373	3.5748	0.53902	0.	-1136.7
374	3.0525	2.2671	0.	-1334.9
375	4.1915	2.236	0.	-1285.
376	3.6295	2.2418	5.e-002	-39.087
377	3.3803	4.9384	0.	-1154.8
378	3.9326	5.1937	5.e-002	-30.608
379	3.6703	5.5968	0.	-1072.6
380	1.3351	4.1536	0.	-1347.7
381	2.0816	4.7103	0.	-1302.5
382	1.3352	4.7375	5.e-002	-16.439
383	1.2356	5.3688	0.	-1308.4
384	0.66762	4.7688	0.	-1642.6
385	1.7999	1.1738	0.	-1356.1
386	1.2285	1.7909	0.	-1356.1
387	1.1951	1.1944	5.e-002	-14.761
388	1.1655	0.59722	0.	-1332.9
389	0.59753	1.1972	0.	-1642.1
390	2.4401	1.7228	0.	-1391.4
391	2.4047	1.1532	5.e-002	-9.9645
392	2.3383	0.5766	0.	-1427.4
393	8.1136	0.96044	0.	-707.46
394	7.1645	0.99202	0.	-807.07
395	7.6044	0.74982	5.e-002	-11.207
396	7.8601	0.37491	0.	-688.55
397	9.3514	1.1819	0.	-637.52
398	8.7099	1.7719	0.	-693.87
399	8.6228	1.1711	5.e-002	-5.6144
400	8.9366	0.58553	0.	-659.39
401	10.709	1.1959	0.	-526.06
402	10.04	1.7724	0.	-575.69
403	10.08	1.1927	5.e-002	-5.0415
404	10.233	0.59633	0.	-565.
405	11.939	1.2034	0.	-432.
406	11.292	1.7917	0.	-477.62
407	11.337	1.1991	5.e-002	-2.5227
408	11.428	0.59956	0.	-471.69
409	13.128	1.2123	0.	-351.39
410	12.507	1.8076	0.	-389.92
411	12.542	1.2077	5.e-002	-3.4347
412	12.598	0.60387	0.	-385.38
413	14.293	1.2147	0.	-281.1
414	13.692	1.819	0.	-314.81
415	13.715	1.2168	5.e-002	-2.8868
416	13.752	0.60841	0.	-311.75
417	15.447	1.2078	0.	-219.17
418	14.853	1.8155	0.	-248.33
419	14.871	1.2125	5.e-002	-2.6552
420	14.897	0.60626	0.	-246.27
421	16.597	1.1986	0.	-165.49
422	16.011	1.8048	0.	-190.42
423	16.023	1.203	5.e-002	-2.338
424	16.04	0.60151	0.	-188.94
425	17.743	1.1925	0.	-119.62
426	17.166	1.7912	0.	-140.49
427	17.172	1.1941	5.e-002	-2.0106
428	17.182	0.59704	0.	-139.43
429	18.881	1.191	0.	-81.495
430	18.305	1.7918	0.	-98.558
431	18.314	1.1909	5.e-002	-1.6692
432	18.32	0.59547	0.	-97.541
433	20.017	1.1914	0.	-51.096
434	19.438	1.7898	0.	-64.484
435	19.449	1.1911	5.e-002	-1.3411
436	19.455	0.59554	0.	-63.334
437	21.154	1.1922	0.	-28.163
438	20.577	1.7906	0.	-37.851
439	20.586	1.1916	5.e-002	-1.0139
440	20.591	0.59582	0.	-36.63
441	22.292	1.1941	0.	-12.559
442	21.716	1.7919	0.	-18.629
443	21.723	1.1927	5.e-002	-0.69446
444	21.727	0.59637	0.	-17.255
445	22.856	1.7947	0.	-6.7645
446	22.861	1.1955	5.e-002	-0.44857
447	22.863	0.59776	0.	-5.1851
448	23.43	1.1978	0.	-4.3435
449	1.2985	2.9784	0.	-1379.3
450	2.0022	3.5103	0.	-1374.
451	1.335	3.5696	5.e-002	-13.686
452	0.66751	3.5848	0.	-1717.8
453	1.8687	2.3399	0.	-1394.3
454	1.262	2.3873	5.e-002	-9.6405
455	0.631	2.3936	0.	-1717.1
456	22.851	2.9972	0.	-7.1169
457	22.28	2.3925	0.	-13.125
458	22.852	2.3939	5.e-002	-0.43344
459	23.426	2.397	0.	-5.129
460	22.852	4.1983	0.	-6.7993
461	22.276	3.5997	0.	-13.173
462	22.849	3.6004	5.e-002	-0.44176
463	23.424	3.6002	0.	-5.1542
464	22.283	4.8029	0.	-12.672
465	22.855	4.7962	5.e-002	-0.45251
466	23.427	4.7981	0.	-4.4029
467	22.86	5.3981	0.	-5.1791
468	21.142	4.8103	0.	-28.397
469	21.708	4.2042	0.	-18.751
470	21.712	4.8096	5.e-002	-0.69204
471	21.721	5.4048	0.	-17.33
472	20.005	4.8044	0.	-51.471
473	20.567	4.2056	0.	-38.047
474	20.572	4.8111	5.e-002	-1.0203
475	20.584	5.4055	0.	-36.771
476	18.868	4.796	0.	-81.961
477	19.434	4.1981	0.	-64.717
478	19.438	4.7977	5.e-002	-1.3703
479	19.45	5.3989	0.	-63.498
480	17.728	4.7904	0.	-119.99
481	18.291	4.1921	0.	-99.009
482	18.299	4.7943	5.e-002	-1.654
483	18.313	5.3972	0.	-97.732
484	16.59	4.791	0.	-165.57
485	17.153	4.184	0.	-140.81
486	17.157	4.7865	5.e-002	-1.9697
487	17.175	5.3932	0.	-139.33
488	15.448	4.8037	0.	-218.97
489	16.012	4.1959	0.	-190.32
490	16.023	4.7956	5.e-002	-2.334
491	16.04	5.3978	0.	-188.66
492	14.29	4.8089	0.	-280.72
493	14.857	4.2111	0.	-248.02
494	14.874	4.8117	5.e-002	-2.6325
495	14.899	5.4059	0.	-245.91
496	13.12	4.799	0.	-350.68
497	13.687	4.2076	0.	-314.39
498	13.707	4.8061	5.e-002	-2.9046
499	13.748	5.4031	0.	-311.03
500	11.931	4.787	0.	-430.36
501	12.501	4.1959	0.	-389.47
502	12.533	4.7918	5.e-002	-3.2435
503	12.594	5.3959	0.	-383.73
504	10.692	4.7705	0.	-522.68
505	11.285	4.1862	0.	-475.9
506	11.328	4.7822	5.e-002	-3.2658
507	11.424	5.3911	0.	-467.96
508	9.3187	4.7392	0.	-620.87
509	10.022	4.1613	0.	-573.6
510	10.055	4.7588	5.e-002	-2.3257
511	10.22	5.3794	0.	-557.58
512	8.1522	4.9877	0.	-678.93
513	8.6418	4.1097	0.	-688.42
514	8.5821	4.7197	5.e-002	-15.036
515	8.9163	5.3599	0.	-633.68
516	7.3228	4.9834	0.	-734.61
517	7.7224	5.2557	5.e-002	-20.306
518	7.9191	5.6279	0.	-655.06
519	8.7492	2.9362	0.	-698.86
520	9.3449	3.5318	0.	-641.31
521	8.1022	3.4485	0.	-861.04
522	8.7015	3.4996	5.e-002	-15.583
523	2.5724	2.8718	0.	-1387.6
524	2.7486	4.0671	0.	-1325.6
525	2.6694	3.4511	5.e-002	-16.713
526	2.4755	2.2925	5.e-002	-11.759
527	9.3981	2.3625	0.	-632.24
528	8.7969	2.3727	5.e-002	-5.9581
529	10.623	2.3682	0.	-527.31
530	9.9937	2.9581	0.	-574.71
531	9.9992	2.3522	5.e-002	-3.9829
532	11.86	2.3959	0.	-435.76
533	11.245	2.9873	0.	-479.34
534	11.247	2.3842	5.e-002	-3.251
535	13.071	2.4143	0.	-353.65
536	12.471	3.0037	0.	-391.42
537	12.473	2.4075	5.e-002	-3.6855
538	14.252	2.4198	0.	-282.42
539	13.669	3.0151	0.	-315.43
540	13.67	2.4212	5.e-002	-2.9702
541	15.417	2.4125	0.	-219.99
542	14.838	3.0144	0.	-248.71
543	14.835	2.4185	5.e-002	-2.7014
544	16.58	2.3974	0.	-165.85
545	16.	3.0014	0.	-190.69
546	15.999	2.4065	5.e-002	-2.3242
547	17.729	2.3904	0.	-119.86
548	17.155	2.9849	0.	-140.75
549	17.161	2.3883	5.e-002	-2.0241
550	18.862	2.3906	0.	-81.982
551	18.29	2.9913	0.	-98.967
552	18.296	2.3926	5.e-002	-1.6935
553	19.998	2.389	0.	-51.663
554	19.429	2.9935	0.	-64.82
555	19.428	2.3885	5.e-002	-1.3334
556	21.138	2.3903	0.	-28.7
557	20.565	2.9948	0.	-38.191
558	20.567	2.3895	5.e-002	-1.0134
559	21.706	2.995	0.	-18.986
560	21.709	2.3911	5.e-002	-0.69892
561	21.133	3.5995	0.	-28.786
562	21.704	3.5989	5.e-002	-0.69058
563	19.996	3.5993	0.	-51.717
564	20.563	3.6	5.e-002	-1.0143
565	18.857	3.5942	0.	-82.205
566	19.43	3.5985	5.e-002	-1.3395
567	17.717	3.5857	0.	-120.27
568	18.284	3.5899	5.e-002	-1.6794
569	16.575	3.5889	0.	-165.99
570	17.15	3.5816	5.e-002	-2.0254
571	15.42	3.6033	0.	-219.78
572	16.	3.5962	5.e-002	-2.3305
573	14.254	3.6097	0.	-282.05
574	14.84	3.6104	5.e-002	-2.667
575	13.069	3.6045	0.	-353.47
576	13.668	3.609	5.e-002	-2.9514
577	11.856	3.5951	0.	-435.22
578	12.47	3.6	5.e-002	-3.6247
579	10.615	3.5771	0.	-526.93
580	11.242	3.5903	5.e-002	-4.3677
581	9.9882	3.5639	5.e-002	-2.4938
582	6.7054	4.8965	0.	-667.48
583	6.4877	5.082	5.e-002	-22.608
584	6.1672	5.041	0.	-676.65
585	6.9231	4.7111	5.e-002	-63.66
586	6.3849	4.6055	0.	-828.8
587	4.9536	1.0167	5.e-002	-5.957
588	5.3168	1.0083	0.	-816.6
589	4.9278	2.6827	0.	-1318.1
590	4.7536	2.2302	5.e-002	-15.646
591	5.2168	2.1151	0.	-2012.8
592	3.4946	4.3683	0.	-1271.7
593	2.8279	4.6831	5.e-002	-15.032
594	2.55	5.3416	0.	-1356.5
595	5.0559	5.0383	5.e-002	-2.9086
596	5.368	5.0192	0.	-759.51
597	4.1613	4.0535	5.e-002	-52.809
598	4.9207	4.0268	0.	-1931.8
599	6.5876	1.0842	0.	-661.42
600	6.4505	0.93411	5.e-002	-9.4415
601	6.1486	0.96705	0.	-555.84
602	6.7246	1.2342	5.e-002	-87.091
603	6.2857	1.3671	0.	-814.39
604	6.4957	2.5492	5.e-002	-9.2594
605	6.1712	2.2746	0.	-1571.
606	5.102	3.1353	5.e-002	-50.3
607	5.391	3.5676	0.	-1983.
608	7.5029	3.3974	5.e-002	-15.319
609	8.1022	3.4485	0.1	11.973
610	7.358	3.7982	0.1	44.559
611	6.8662	3.2475	0.1	-94.716
612	7.5234	2.911	0.1	-1.8527
613	4.9278	2.6827	0.1	-44.402
614	4.4784	3.2006	0.1	-33.134
615	5.6657	3.1164	0.1	-158.14
616	5.391	3.5676	0.1	-7.7006
617	6.3626	2.8234	0.1	-366.73
618	7.0198	2.4869	0.1	-159.12
619	6.1712	2.2746	0.1	-56.114
620	6.5876	1.0842	0.1	-143.32
621	7.1645	0.99202	0.1	-56.72
622	7.0419	1.4938	0.1	-38.916
623	6.2857	1.3671	0.1	-290.63
624	6.5564	0.76685	0.1	-152.8
625	6.1486	0.96705	0.1	-206.06
626	3.4946	4.3683	0.1	55.493
627	4.4432	4.379	0.1	-65.864
628	4.008	3.6598	0.1	38.455
629	4.9207	4.0268	0.1	92.982
630	4.9646	5.2187	0.1	-159.88
631	4.8905	4.8714	0.1	-144.63
632	5.368	5.0192	0.1	-255.36
633	2.7486	4.0671	0.1	59.762
634	2.0816	4.7103	0.1	-106.07
635	3.3803	4.9384	0.1	19.349
636	2.55	5.3416	0.1	39.781
637	4.1915	2.236	0.1	-12.817
638	4.739	1.8555	0.1	-114.92
639	5.2168	2.1151	0.1	-55.833
640	4.839	1.2487	0.1	-186.17
641	4.7915	0.79424	0.1	-175.31
642	5.3168	1.0083	0.1	-196.8
643	6.7054	4.8965	0.1	-84.949
644	7.3228	4.9834	0.1	-46.813
645	7.0681	4.455	0.1	-12.305
646	6.3849	4.6055	0.1	-170.63
647	6.6084	5.2783	0.1	-84.079
648	6.1672	5.041	0.1	-191.47
649	10.615	3.5771	0.1	-0.19995
650	9.9937	2.9581	0.1	-5.1816
651	9.3449	3.5318	0.1	8.9813
652	10.022	4.1613	0.1	-3.6197
653	11.856	3.5951	0.1	1.2155
654	11.245	2.9873	0.1	2.8913
655	11.285	4.1862	0.1	2.1674
656	13.069	3.6045	0.1	0.75537
657	12.471	3.0037	0.1	0.40035
658	12.501	4.1959	0.1	0.44604
659	14.254	3.6097	0.1	-3.9435
660	13.669	3.0151	0.1	-1.8207
661	13.687	4.2076	0.1	-2.4717
662	15.42	3.6033	0.1	-6.7584
663	14.838	3.0144	0.1	-5.5325
664	14.857	4.2111	0.1	-5.3733
665	16.575	3.5889	0.1	-8.3399
666	16.	3.0014	0.1	-7.5522
667	16.012	4.1959	0.1	-7.0559
668	17.717	3.5857	0.1	-9.3158
669	17.155	2.9849	0.1	-8.7542
670	17.153	4.184	0.1	-8.0976
671	18.857	3.5942	0.1	-9.9075
672	18.29	2.9913	0.1	-9.5348
673	18.291	4.1921	0.1	-8.6871
674	19.996	3.5993	0.1	-10.261
675	19.429	2.9935	0.1	-9.9322
676	19.434	4.1981	0.1	-9.0125
677	21.133	3.5995	0.1	-10.487
678	20.565	2.9948	0.1	-10.22
679	20.567	4.2056	0.1	-9.1464
680	21.706	2.995	0.1	-10.429
681	21.708	4.2042	0.1	-9.1411
682	22.276	3.5997	0.1	-10.573
683	21.138	2.3903	0.1	-10.478
684	22.28	2.3925	0.1	-10.579
685	21.716	1.7919	0.1	-9.1793
686	19.998	2.389	0.1	-10.267
687	20.577	1.7906	0.1	-9.1963
688	18.862	2.3906	0.1	-9.9669
689	19.438	1.7898	0.1	-9.095
690	17.729	2.3904	0.1	-9.3888
691	18.305	1.7918	0.1	-8.7645
692	16.58	2.3974	0.1	-8.3699
693	17.166	1.7912	0.1	-8.1075
694	15.417	2.4125	0.1	-6.7044
695	16.011	1.8048	0.1	-7.0824
696	14.252	2.4198	0.1	-3.7512
697	14.853	1.8155	0.1	-5.3664
698	13.071	2.4143	0.1	0.63116
699	13.692	1.819	0.1	-2.1749
700	11.86	2.3959	0.1	2.075
701	12.507	1.8076	0.1	4.4227e-002
702	10.623	2.3682	0.1	-2.0811
703	11.292	1.7917	0.1	4.2509
704	9.3981	2.3625	0.1	11.246
705	10.04	1.7724	0.1	-9.0855
706	8.7492	2.9362	0.1	25.415
707	8.7099	1.7719	0.1	26.195
708	8.1704	2.3986	0.1	11.014
709	2.5724	2.8718	0.1	76.969
710	1.8687	2.3399	0.1	-113.73
711	2.4401	1.7228	0.1	63.702
712	3.0525	2.2671	0.1	10.143
713	2.0022	3.5103	0.1	-111.12
714	3.2621	3.3586	0.1	40.691
715	8.6418	4.1097	0.1	6.6201
716	8.1522	4.9877	0.1	-0.82998
717	7.2257	5.3652	0.1	-44.983
718	7.9191	5.6279	0.1	-41.47
719	9.3187	4.7392	0.1	-4.7815
720	7.8976	4.4594	0.1	35.174
721	8.9163	5.3599	0.1	-4.4227
722	10.692	4.7705	0.1	-1.2112
723	10.22	5.3794	0.1	-5.3972
724	11.931	4.787	0.1	1.4678
725	11.424	5.3911	0.1	1.768
726	13.12	4.799	0.1	-1.4275
727	12.594	5.3959	0.1	-4.3299
728	14.29	4.8089	0.1	-4.2689
729	13.748	5.4031	0.1	-6.1512
730	15.448	4.8037	0.1	-6.0925
731	14.899	5.4059	0.1	-7.2046
732	16.59	4.791	0.1	-7.2551
733	16.04	5.3978	0.1	-8.1558
734	17.728	4.7904	0.1	-7.9116
735	17.175	5.3932	0.1	-8.9791
736	18.868	4.796	0.1	-8.2375
737	18.313	5.3972	0.1	-9.1765
738	20.005	4.8044	0.1	-8.3281
739	19.45	5.3989	0.1	-9.1921
740	21.142	4.8103	0.1	-8.1919
741	20.584	5.4055	0.1	-9.0195
742	22.283	4.8029	0.1	-7.854
743	21.721	5.4048	0.1	-8.4094
744	22.852	4.1983	0.1	-8.9826
745	22.86	5.3981	0.1	-7.364
746	23.427	4.7981	0.1	-7.1285
747	22.851	2.9972	0.1	-10.518
748	23.424	3.6002	0.1	-10.292
749	22.856	1.7947	0.1	-8.9732
750	23.426	2.397	0.1	-10.306
751	1.2985	2.9784	0.1	-301.8
752	1.2285	1.7909	0.1	-283.07
753	0.631	2.3936	0.1	353.27
754	1.3351	4.1536	0.1	-277.39
755	0.66751	3.5848	0.1	359.66
756	22.292	1.1941	0.1	-7.8727
757	23.43	1.1978	0.1	-7.1249
758	22.863	0.59776	0.1	-7.3425
759	21.154	1.1922	0.1	-8.2871
760	21.727	0.59637	0.1	-8.4252
761	20.017	1.1914	0.1	-8.4534
762	20.591	0.59582	0.1	-8.9752
763	18.881	1.191	0.1	-8.334
764	19.455	0.59554	0.1	-9.1613
765	17.743	1.1925	0.1	-7.924
766	18.32	0.59547	0.1	-9.0103
767	16.597	1.1986	0.1	-7.251
768	17.182	0.59704	0.1	-8.7239
769	15.447	1.2078	0.1	-6.1582
770	16.04	0.60151	0.1	-8.2002
771	14.293	1.2147	0.1	-4.1623
772	14.897	0.60626	0.1	-7.2755
773	13.128	1.2123	0.1	-1.3798
774	13.752	0.60841	0.1	-5.6708
775	11.939	1.2034	0.1	2.3122
776	12.598	0.60387	0.1	-3.7672
777	10.709	1.1959	0.1	-2.7004
778	11.428	0.59956	0.1	1.4084
779	9.3514	1.1819	0.1	6.0847
780	10.233	0.59633	0.1	-3.9823
781	8.1136	0.96044	0.1	15.341
782	7.991	1.4622	0.1	30.744
783	8.9366	0.58553	0.1	1.0958
784	7.1333	0.6747	0.1	-6.9021
785	7.8601	0.37491	0.1	2.5636
786	1.7999	1.1738	0.1	-105.71
787	3.0731	1.1156	0.1	7.1007
788	2.3383	0.5766	0.1	41.253
789	0.59753	1.1972	0.1	353.13
790	1.1655	0.59722	0.1	-222.33
791	0.66762	4.7688	0.1	357.38
792	1.2356	5.3688	0.1	-230.01
793	4.4029	5.2963	0.1	-66.539
794	4.3289	4.9491	0.1	-96.234
795	3.6703	5.5968	0.1	-18.634
796	3.6855	1.6599	0.1	-47.652
797	3.7421	2.7539	0.1	-24.708
798	4.233	1.2794	0.1	-107.19
799	4.1855	0.82492	0.1	-61.718
800	3.5748	0.53902	0.1	-21.885
801	5.2022	1.4904	0.1	-336.8
802	5.2766	5.4495	0.1	30.899
803	4.7086	5.6995	0.1	-22.973
804	6.2878	5.4873	0.1	38.363
805	6.8551	5.7373	0.1	-18.995
806	5.2026	4.6022	0.1	-313.58
807	6.2545	0.5498	0.1	23.673
808	6.8218	0.2998	0.1	-43.962
809	5.1547	0.5359	0.1	21.504
810	4.5867	0.2859	0.1	-84.952
811	6.5299	4.0995	0.1	207.39
812	7.4515	2.089	0.1	15.903
813	6.6029	1.8767	0.1	158.73
814	6.0381	3.5488	0.1	11.21
815	5.9548	2.5488	0.1	-165.05
816	5.8467	5.25	0.1	-106.
817	5.8467	5.75	0.1	61.728
818	5.8467	5.5	5.e-002	-30.597
819	5.8467	4.75	0.1	-331.39
820	5.8467	5.	5.e-002	-153.24
821	5.8467	4.25	0.1	1.6686
822	5.8467	4.5	5.e-002	-60.418
823	5.7633	4.	0.1	290.14
824	5.8467	4.	5.e-002	-145.88
825	5.68	4.25	0.1	-240.45
826	5.68	4.	5.e-002	-173.8
827	5.68	4.75	0.1	-521.98
828	5.68	4.5	5.e-002	-60.256
829	5.68	5.25	0.1	-99.843
830	5.68	5.	5.e-002	-176.61
831	5.68	5.75	0.1	76.741
832	5.68	5.5	5.e-002	-25.907
833	5.8467	0.75	0.1	-60.928
834	5.8467	0.25	0.1	50.024
835	5.8467	0.5	5.e-002	-21.132
836	5.8467	1.25	0.1	-472.55
837	5.8467	1.	5.e-002	-148.99
838	5.8467	1.75	0.1	-138.92
839	5.8467	1.5	5.e-002	-117.89
840	5.7633	2.	0.1	264.28
841	5.8467	2.	5.e-002	-172.1
842	5.68	1.75	0.1	-168.69
843	5.68	2.	5.e-002	-306.39
844	5.68	1.25	0.1	-394.56
845	5.68	1.5	5.e-002	-71.401
846	5.68	0.75	0.1	-25.922
847	5.68	1.	5.e-002	-120.51
848	5.68	0.25	0.1	75.755
849	5.68	0.5	5.e-002	-33.288
850	6.414	6.	0.1	21.893
851	5.8467	6.	5.e-002	-17.647
852	7.5485	6.	0.1	-11.635
853	6.9813	6.	5.e-002	-13.376
854	8.6831	6.	0.1	-50.919
855	8.1158	6.	5.e-002	-19.389
856	9.8177	6.	0.1	-25.876
857	9.2504	6.	5.e-002	-16.847
858	10.952	6.	0.1	-1.4176
859	10.385	6.	5.e-002	-4.7003
860	12.087	6.	0.1	-7.3315
861	11.52	6.	5.e-002	-5.0075
862	13.221	6.	0.1	-9.455
863	12.654	6.	5.e-002	-6.2759
864	14.356	6.	0.1	-9.4891
865	13.789	6.	5.e-002	-6.3107
866	15.491	6.	0.1	-9.6757
867	14.923	6.	5.e-002	-5.7593
868	16.625	6.	0.1	-10.294
869	16.058	6.	5.e-002	-4.979
870	17.76	6.	0.1	-10.661
871	17.193	6.	5.e-002	-4.216
872	18.894	6.	0.1	-10.544
873	18.327	6.	5.e-002	-3.5973
874	20.029	6.	0.1	-10.287
875	19.462	6.	5.e-002	-2.9056
876	21.164	6.	0.1	-9.659
877	20.596	6.	5.e-002	-2.2084
878	22.298	6.	0.1	-8.3615
879	21.731	6.	5.e-002	-1.4619
880	23.433	6.	0.1	-6.2941
881	22.865	6.	5.e-002	-0.77649
882	24.	5.4	0.1	-5.8156
883	24.	6.	5.e-002	-0.1469
884	24.	4.2	0.1	-8.3407
885	24.	4.8	5.e-002	-0.29924
886	24.	3.	0.1	-10.002
887	24.	3.6	5.e-002	-0.32903
888	24.	1.8	0.1	-8.3645
889	24.	2.4	5.e-002	-0.32095
890	24.	0.6	0.1	-5.808
891	24.	1.2	5.e-002	-0.29865
892	1.5735e-014	1.8	0.1	989.54
893	5.2451e-015	0.6	0.1	808.02
894	1.0632e-014	1.2	5.e-002	-36.777
895	2.6226e-014	3.	0.1	1014.5
896	2.1264e-014	2.4	5.e-002	-14.87
897	3.6716e-014	4.2	0.1	993.52
898	3.1897e-014	3.6	5.e-002	-10.607
899	4.7206e-014	5.4	0.1	820.69
900	4.2529e-014	4.8	5.e-002	-26.602
901	23.433	0.	0.1	-6.2843
902	24.	0.	5.e-002	-0.16129
903	22.298	0.	0.1	-8.3406
904	22.865	0.	5.e-002	-0.78734
905	21.164	0.	0.1	-9.5317
906	21.731	0.	5.e-002	-1.4371
907	20.029	0.	0.1	-10.09
908	20.596	0.	5.e-002	-2.1884
909	18.894	0.	0.1	-10.244
910	19.462	0.	5.e-002	-2.9276
911	17.76	0.	0.1	-10.22
912	18.327	0.	5.e-002	-3.6225
913	16.625	0.	0.1	-10.081
914	17.193	0.	5.e-002	-4.3508
915	15.491	0.	0.1	-9.729
916	16.058	0.	5.e-002	-4.9974
917	14.356	0.	0.1	-9.1887
918	14.923	0.	5.e-002	-5.6125
919	13.221	0.	0.1	-8.4687
920	13.789	0.	5.e-002	-6.1082
921	12.087	0.	0.1	-7.1087
922	12.654	0.	5.e-002	-6.6137
923	10.952	0.	0.1	1.0411
924	11.52	0.	5.e-002	-5.4735
925	9.8177	0.	0.1	-19.904
926	10.385	0.	5.e-002	-3.4403
927	8.6831	0.	0.1	-25.255
928	9.2504	0.	5.e-002	-15.778
929	7.5485	0.	0.1	4.5506
930	8.1158	0.	5.e-002	-3.859
931	6.414	0.	0.1	27.157
932	6.9813	0.	5.e-002	-10.364
933	5.8467	0.	5.e-002	-28.
934	5.112	2.4021e-030	0.1	50.311
935	5.68	2.669e-030	5.e-002	-59.144
936	3.976	1.8683e-030	0.1	-20.57
937	4.544	0.	5.e-002	-21.66
938	2.84	1.3345e-030	0.1	8.846
939	3.408	0.	5.e-002	-14.499
940	1.704	8.007e-031	0.1	-75.503
941	2.272	0.	5.e-002	-15.625
942	0.568	2.669e-031	0.1	231.25
943	1.136	0.	5.e-002	-27.975
944	0.	0.	5.e-002	-204.04
945	0.568	6.	0.1	232.29
946	5.2451e-014	6.	5.e-002	-167.88
947	1.704	6.	0.1	-84.125
948	1.136	6.	5.e-002	-21.258
949	2.84	6.	0.1	-17.87
950	2.272	6.	5.e-002	-23.258
951	3.976	6.	0.1	12.197
952	3.408	6.	5.e-002	-22.889
953	5.112	6.	0.1	43.619
954	4.544	6.	5.e-002	-14.746
955	5.68	6.	5.e-002	-30.215
956	3.976	6.	0.	-959.91
957	5.112	6.	0.	-678.61
958	2.84	6.	0.	-1273.1
959	1.704	6.	0.	-1365.
960	0.568	6.	0.	-1342.5
961	5.68	5.75	0.	-483.03
962	4.7206e-014	5.4	0.	-1678.8
963	1.704	8.007e-031	0.	-1404.9
964	0.568	2.669e-031	0.	-1353.4
965	2.84	1.3345e-030	0.	-1319.5
966	3.976	1.8683e-030	0.	-962.12
967	5.112	2.4021e-030	0.	-659.61
968	5.68	0.25	0.	-558.43
969	5.2451e-015	0.6	0.	-1663.2
970	7.5485	0.	0.	-610.74
971	6.414	0.	0.	-504.6
972	8.6831	0.	0.	-640.39
973	9.8177	0.	0.	-587.04
974	10.952	0.	0.	-510.55
975	12.087	0.	0.	-425.4
976	13.221	0.	0.	-346.15
977	14.356	0.	0.	-277.32
978	15.491	0.	0.	-216.45
979	16.625	0.	0.	-163.29
980	17.76	0.	0.	-117.76
981	18.894	0.	0.	-79.782
982	20.029	0.	0.	-49.268
983	21.164	0.	0.	-26.134
984	22.298	0.	0.	-10.317
985	23.433	0.	0.	-1.7746
986	5.8467	0.25	0.	-377.54
987	24.	0.6	0.	-0.6998
988	3.6716e-014	4.2	0.	-2014.2
989	2.6226e-014	3.	0.	-2055.4
990	1.5735e-014	1.8	0.	-2004.8
991	24.	1.8	0.	-2.6341
992	24.	3.	0.	-3.1094
993	24.	4.2	0.	-2.6788
994	24.	5.4	0.	-0.72198
995	23.433	6.	0.	-1.7208
996	22.298	6.	0.	-10.27
997	21.164	6.	0.	-26.122
998	20.029	6.	0.	-49.199
999	18.894	6.	0.	-79.678
1000	17.76	6.	0.	-117.49
1001	16.625	6.	0.	-162.83
1002	15.491	6.	0.	-216.01
1003	14.356	6.	0.	-276.62
1004	13.221	6.	0.	-344.46
1005	12.087	6.	0.	-421.62
1006	10.952	6.	0.	-502.92
1007	9.8177	6.	0.	-570.57
1008	8.6831	6.	0.	-609.64
1009	7.5485	6.	0.	-568.23
1010	6.414	6.	0.	-452.92
1011	5.8467	5.75	0.	-402.87
1012	5.68	1.25	0.	-1149.6
1013	5.68	1.75	0.	-1846.1
1014	5.68	0.75	0.	-819.19
1015	5.7633	2.	0.	-2416.8
1016	5.8467	0.75	0.	-517.52
1017	5.8467	1.25	0.	-811.55
1018	5.8467	1.75	0.	-1592.3
1019	5.68	4.75	0.	-1052.5
1020	5.68	4.25	0.	-1808.4
1021	5.68	5.25	0.	-694.51
1022	5.7633	4.	0.	-2494.4
1023	5.8467	5.25	0.	-659.82
1024	5.8467	4.75	0.	-893.93
1025	5.8467	4.25	0.	-1778.3
