Node Number	X Location (in)	Y Location (in)	Z Location (in)	Total Deformation (in)
1	4.8835	2.2733	0.	3.5973e-002
2	4.8555	4.7631	0.	3.4803e-002
3	2.4679	0.68405	0.	7.1632e-003
4	2.6041	1.7788	0.	9.0175e-003
5	4.8581	0.59059	0.	3.3756e-002
6	2.3129	4.3713	0.	7.2099e-003
7	4.6688	5.4727	0.	3.0902e-002
8	5.3416	4.2275	0.	4.3368e-002
9	2.2996	5.1857	0.	6.5686e-003
10	1.1392	3.8707	0.	1.8054e-003
11	1.4216	1.2947	0.	2.6516e-003
12	1.1136	4.9614	0.	1.5758e-003
13	5.7476	1.1039	0.	4.9998e-002
14	7.0508	1.1594	0.	7.527e-002
15	8.2231	1.1887	0.	0.10037
16	9.3832	1.2012	0.	0.12715
17	10.531	1.2043	0.	0.1553
18	11.67	1.1932	0.	0.1846
19	12.801	1.1655	0.	0.21482
20	13.921	1.2062	0.	0.24573
21	15.033	1.2055	0.	0.27714
22	16.148	1.2005	0.	0.30924
23	17.269	1.1943	0.	0.34195
24	18.39	1.1944	0.	0.37502
25	19.511	1.1945	0.	0.40834
26	20.633	1.1946	0.	0.44182
27	21.754	1.1951	0.	0.47541
28	22.877	1.1969	0.	0.50906
29	22.874	4.8147	0.	0.509
30	21.75	4.8186	0.	0.4753
31	20.627	4.8205	0.	0.44167
32	19.505	4.8211	0.	0.40817
33	18.383	4.8213	0.	0.37484
34	17.262	4.8213	0.	0.34177
35	16.144	4.8214	0.	0.30913
36	15.039	4.8452	0.	0.2773
37	13.912	4.8466	0.	0.24546
38	12.782	4.8239	0.	0.21432
39	11.652	4.7982	0.	0.18414
40	10.504	4.7993	0.	0.15463
41	9.3283	4.7809	0.	0.12588
42	8.1157	4.7597	0.	9.8058e-002
43	6.7513	4.6983	0.	6.9394e-002
44	5.7067	5.2453	0.	4.9036e-002
45	5.8882	2.2764	0.	5.3326e-002
46	6.8669	3.4928	0.	7.2263e-002
47	6.9886	2.3137	0.	7.466e-002
48	8.1649	2.3759	0.	9.9689e-002
49	9.3502	2.3891	0.	0.12692
50	10.528	2.3991	0.	0.15571
51	11.689	2.3958	0.	0.18552
52	12.807	2.3903	0.	0.21537
53	13.912	2.4136	0.	0.24579
54	15.017	2.4203	0.	0.27695
55	16.143	2.4093	0.	0.30929
56	17.268	2.393	0.	0.34209
57	18.384	2.3932	0.	0.37497
58	19.506	2.3933	0.	0.40827
59	20.628	2.3936	0.	0.44176
60	22.876	2.3961	0.	0.50909
61	22.868	3.5947	0.	0.50885
62	21.751	2.3941	0.	0.47537
63	21.742	3.5935	0.	0.47509
64	20.618	3.5934	0.	0.44145
65	19.495	3.5933	0.	0.40795
66	18.373	3.5933	0.	0.37464
67	17.255	3.6064	0.	0.34171
68	16.143	3.6158	0.	0.3093
69	15.024	3.6329	0.	0.27715
70	13.911	3.6282	0.	0.24576
71	12.8	3.6159	0.	0.21518
72	11.665	3.599	0.	0.18491
73	10.512	3.5966	0.	0.1553
74	9.3247	3.5867	0.	0.12633
75	8.108	3.5624	0.	9.8456e-002
76	4.4797	5.0737	0.	2.8412e-002
77	2.8136	1.1574	0.	9.8396e-003
78	2.592	2.4639	0.	9.3024e-003
79	1.4732	2.7269	0.	3.0581e-003
80	3.9569	2.9458	0.	2.2832e-002
81	4.4924	3.1809	0.	3.0166e-002
82	4.5585	1.046	0.	2.9449e-002
83	4.8367	1.555	0.	3.4636e-002
84	5.6789	3.3475	0.	4.9608e-002
85	3.1304	3.3449	0.	1.3785e-002
86	3.4769	3.0363	0.	1.7234e-002
87	2.5078	3.6861	0.	8.7232e-003
88	2.5078	3.6861	0.1	8.7232e-003
89	3.4769	3.0363	0.1	1.7234e-002
90	3.1304	3.3449	0.1	1.3785e-002
91	5.6789	3.3475	0.1	4.9608e-002
92	4.8367	1.555	0.1	3.4636e-002
93	4.5585	1.046	0.1	2.9449e-002
94	4.4924	3.1809	0.1	3.0166e-002
95	3.9569	2.9458	0.1	2.2832e-002
96	1.4732	2.7269	0.1	3.0581e-003
97	2.592	2.4639	0.1	9.3024e-003
98	2.8136	1.1574	0.1	9.8396e-003
99	4.4797	5.0737	0.1	2.8412e-002
100	8.108	3.5624	0.1	9.8456e-002
101	9.3247	3.5867	0.1	0.12633
102	10.512	3.5966	0.1	0.1553
103	11.665	3.599	0.1	0.18491
104	12.8	3.6159	0.1	0.21518
105	13.911	3.6282	0.1	0.24576
106	15.024	3.6329	0.1	0.27715
107	16.143	3.6158	0.1	0.3093
108	17.255	3.6064	0.1	0.34171
109	18.373	3.5933	0.1	0.37464
110	19.495	3.5933	0.1	0.40795
111	20.618	3.5934	0.1	0.44145
112	21.742	3.5935	0.1	0.47509
113	21.751	2.3941	0.1	0.47537
114	22.868	3.5947	0.1	0.50885
115	22.876	2.3961	0.1	0.50909
116	20.628	2.3936	0.1	0.44176
117	19.506	2.3933	0.1	0.40827
118	18.384	2.3932	0.1	0.37497
119	17.268	2.393	0.1	0.34209
120	16.143	2.4093	0.1	0.30929
121	15.017	2.4203	0.1	0.27695
122	13.912	2.4136	0.1	0.24579
123	12.807	2.3903	0.1	0.21537
124	11.689	2.3958	0.1	0.18552
125	10.528	2.3991	0.1	0.15571
126	9.3502	2.3891	0.1	0.12692
127	8.1649	2.3759	0.1	9.9689e-002
128	6.9886	2.3137	0.1	7.466e-002
129	6.8669	3.4928	0.1	7.2263e-002
130	5.8882	2.2764	0.1	5.3326e-002
131	5.7067	5.2453	0.1	4.9036e-002
132	6.7513	4.6983	0.1	6.9394e-002
133	8.1157	4.7597	0.1	9.8058e-002
134	9.3283	4.7809	0.1	0.12588
135	10.504	4.7993	0.1	0.15463
136	11.652	4.7982	0.1	0.18414
137	12.782	4.8239	0.1	0.21432
138	13.912	4.8466	0.1	0.24546
139	15.039	4.8452	0.1	0.2773
140	16.144	4.8214	0.1	0.30913
141	17.262	4.8213	0.1	0.34177
142	18.383	4.8213	0.1	0.37484
143	19.505	4.8211	0.1	0.40817
144	20.627	4.8205	0.1	0.44167
145	21.75	4.8186	0.1	0.4753
146	22.874	4.8147	0.1	0.509
147	22.877	1.1969	0.1	0.50906
148	21.754	1.1951	0.1	0.47541
149	20.633	1.1946	0.1	0.44182
150	19.511	1.1945	0.1	0.40834
151	18.39	1.1944	0.1	0.37502
152	17.269	1.1943	0.1	0.34195
153	16.148	1.2005	0.1	0.30924
154	15.033	1.2055	0.1	0.27714
155	13.921	1.2062	0.1	0.24573
156	12.801	1.1655	0.1	0.21482
157	11.67	1.1932	0.1	0.1846
158	10.531	1.2043	0.1	0.1553
159	9.3832	1.2012	0.1	0.12715
160	8.2231	1.1887	0.1	0.10037
161	7.0508	1.1594	0.1	7.527e-002
162	5.7476	1.1039	0.1	4.9998e-002
163	1.1136	4.9614	0.1	1.5758e-003
164	1.4216	1.2947	0.1	2.6516e-003
165	1.1392	3.8707	0.1	1.8054e-003
166	2.2996	5.1857	0.1	6.5686e-003
167	5.3416	4.2275	0.1	4.3368e-002
168	4.6688	5.4727	0.1	3.0902e-002
169	2.3129	4.3713	0.1	7.2099e-003
170	4.8581	0.59059	0.1	3.3756e-002
171	2.6041	1.7788	0.1	9.0175e-003
172	2.4679	0.68405	0.1	7.1632e-003
173	4.8555	4.7631	0.1	3.4803e-002
174	4.8835	2.2733	0.1	3.5973e-002
175	3.8267	5.5	0.1	1.7387e-002
176	3.8267	5.	0.1	1.8429e-002
177	3.8267	4.5	0.1	1.9545e-002
178	3.8267	4.	0.1	2.0451e-002
179	3.66	4.	0.1	1.8461e-002
180	3.66	4.5	0.1	1.7467e-002
181	3.66	5.	0.1	1.6416e-002
182	3.66	5.5	0.1	1.5395e-002
183	3.8267	0.5	0.1	1.6596e-002
184	3.8267	1.	0.1	1.7695e-002
185	3.8267	1.5	0.1	1.8883e-002
186	3.8267	2.	0.1	2.0095e-002
187	3.66	2.	0.1	1.8117e-002
188	3.66	1.5	0.1	1.6871e-002
189	3.66	1.	0.1	1.5637e-002
190	3.66	0.5	0.1	1.4496e-002
191	3.8267	6.	0.1	1.6415e-002
192	4.9474	6.	0.1	3.4749e-002
193	6.0681	6.	0.1	5.477e-002
194	7.1889	6.	0.1	7.692e-002
195	8.3096	6.	0.1	0.10114
196	9.4304	6.	0.1	0.1272
197	10.551	6.	0.1	0.15483
198	11.672	6.	0.1	0.18381
199	12.793	6.	0.1	0.2139
200	13.913	6.	0.1	0.24493
201	15.034	6.	0.1	0.2767
202	16.155	6.	0.1	0.30906
203	17.276	6.	0.1	0.34187
204	18.396	6.	0.1	0.375
205	19.517	6.	0.1	0.40837
206	20.638	6.	0.1	0.44188
207	21.759	6.	0.1	0.47547
208	22.879	6.	0.1	0.50909
209	24.	6.	0.1	0.54272
210	24.	4.8	0.1	0.54277
211	24.	3.6	0.1	0.5428
212	24.	2.4	0.1	0.54279
213	24.	1.2	0.1	0.54275
214	1.049e-014	1.2	0.1	0.
215	2.0981e-014	2.4	0.1	0.
216	3.1471e-014	3.6	0.1	0.
217	4.1961e-014	4.8	0.1	0.
218	24.	0.	0.1	0.54269
219	22.879	0.	0.1	0.50906
220	21.759	0.	0.1	0.47544
221	20.638	0.	0.1	0.44185
222	19.517	0.	0.1	0.40834
223	18.396	0.	0.1	0.37498
224	17.276	0.	0.1	0.34184
225	16.155	0.	0.1	0.30903
226	15.034	0.	0.1	0.27667
227	13.913	0.	0.1	0.2449
228	12.793	0.	0.1	0.21388
229	11.672	0.	0.1	0.18378
230	10.551	0.	0.1	0.1548
231	9.4304	0.	0.1	0.12716
232	8.3096	0.	0.1	0.10108
233	7.1889	0.	0.1	7.6813e-002
234	6.0681	0.	0.1	5.4559e-002
235	4.9474	0.	0.1	3.432e-002
236	3.8267	0.	0.1	1.5566e-002
237	3.66	0.	0.1	1.3449e-002
238	2.44	-1.2536e-030	0.1	6.1282e-003
239	1.22	-6.2681e-031	0.1	1.4539e-003
240	0.	0.	0.1	0.
241	3.937e-014	6.	0.1	0.
242	1.22	6.	0.1	1.4427e-003
243	2.44	6.	0.1	6.4077e-003
244	3.66	6.	0.1	1.4399e-002
245	2.44	6.	0.	6.4077e-003
246	1.22	6.	0.	1.4427e-003
247	3.66	6.	0.	1.4399e-002
248	3.937e-014	6.	0.	0.
249	1.22	-6.2681e-031	0.	1.4539e-003
250	2.44	-1.2536e-030	0.	6.1282e-003
251	3.66	0.	0.	1.3449e-002
252	0.	0.	0.	0.
253	4.9474	0.	0.	3.432e-002
254	6.0681	0.	0.	5.4559e-002
255	7.1889	0.	0.	7.6813e-002
256	8.3096	0.	0.	0.10108
257	9.4304	0.	0.	0.12716
258	10.551	0.	0.	0.1548
259	11.672	0.	0.	0.18378
260	12.793	0.	0.	0.21388
261	13.913	0.	0.	0.2449
262	15.034	0.	0.	0.27667
263	16.155	0.	0.	0.30903
264	17.276	0.	0.	0.34184
265	18.396	0.	0.	0.37498
266	19.517	0.	0.	0.40834
267	20.638	0.	0.	0.44185
268	21.759	0.	0.	0.47544
269	22.879	0.	0.	0.50906
270	3.8267	0.	0.	1.5566e-002
271	24.	0.	0.	0.54269
272	4.1961e-014	4.8	0.	0.
273	3.1471e-014	3.6	0.	0.
274	2.0981e-014	2.4	0.	0.
275	1.049e-014	1.2	0.	0.
276	24.	1.2	0.	0.54275
277	24.	2.4	0.	0.54279
278	24.	3.6	0.	0.5428
279	24.	4.8	0.	0.54277
280	24.	6.	0.	0.54272
281	22.879	6.	0.	0.50909
282	21.759	6.	0.	0.47547
283	20.638	6.	0.	0.44188
284	19.517	6.	0.	0.40837
285	18.396	6.	0.	0.375
286	17.276	6.	0.	0.34187
287	16.155	6.	0.	0.30906
288	15.034	6.	0.	0.2767
289	13.913	6.	0.	0.24493
290	12.793	6.	0.	0.2139
291	11.672	6.	0.	0.18381
292	10.551	6.	0.	0.15483
293	9.4304	6.	0.	0.1272
294	8.3096	6.	0.	0.10114
295	7.1889	6.	0.	7.692e-002
296	6.0681	6.	0.	5.477e-002
297	4.9474	6.	0.	3.4749e-002
298	3.8267	6.	0.	1.6415e-002
299	3.66	1.5	0.	1.6871e-002
300	3.66	1.	0.	1.5637e-002
301	3.66	0.5	0.	1.4496e-002
302	3.66	2.	0.	1.8117e-002
303	3.8267	0.5	0.	1.6596e-002
304	3.8267	1.	0.	1.7695e-002
305	3.8267	1.5	0.	1.8883e-002
306	3.8267	2.	0.	2.0095e-002
307	3.66	4.5	0.	1.7467e-002
308	3.66	5.	0.	1.6416e-002
309	3.66	5.5	0.	1.5395e-002
310	3.66	4.	0.	1.8461e-002
311	3.8267	5.5	0.	1.7387e-002
312	3.8267	5.	0.	1.8429e-002
313	3.8267	4.5	0.	1.9545e-002
314	3.8267	4.	0.	2.0451e-002
315	5.3859	2.2748	0.	4.4367e-002
316	4.688	2.7271	0.	3.3077e-002
317	4.8601	1.9141	0.	3.5348e-002
318	4.8835	2.2733	5.e-002	3.5963e-002
319	4.3551	2.1366	0.	2.7688e-002
320	5.0986	4.4953	0.	3.9062e-002
321	5.2811	5.0042	0.	4.1758e-002
322	4.6676	4.9184	0.	3.1616e-002
323	4.8555	4.7631	5.e-002	3.4792e-002
324	4.3411	4.6315	0.	2.6857e-002
325	1.9448	0.98936	0.	4.7274e-003
326	2.6407	0.92072	0.	8.4702e-003
327	2.4679	0.68405	5.e-002	7.1566e-003
328	2.454	0.34203	0.	6.6852e-003
329	3.064	0.59203	0.	1.0676e-002
330	2.0129	1.5367	0.	5.3654e-003
331	2.7088	1.4681	0.	9.4907e-003
332	2.598	2.1213	0.	9.1948e-003
333	2.6041	1.7788	5.e-002	9.0102e-003
334	3.132	1.6394	0.	1.2751e-002
335	5.3029	0.84726	0.	4.1772e-002
336	4.7083	0.81828	0.	3.1589e-002
337	4.8581	0.59059	5.e-002	3.3744e-002
338	4.9028	0.29529	0.	3.4054e-002
339	4.3424	0.54529	0.	2.5087e-002
340	2.3062	4.7785	0.	6.9317e-003
341	1.7261	4.121	0.	4.086e-003
342	2.4103	4.0287	0.	7.9789e-003
343	2.3129	4.3713	5.e-002	7.2023e-003
344	2.9864	4.6857	0.	1.1559e-002
345	5.1878	5.359	0.	3.9761e-002
346	4.5742	5.2732	0.	2.9658e-002
347	4.6688	5.4727	5.e-002	3.089e-002
348	4.8081	5.7363	0.	3.2816e-002
349	4.2477	5.4863	0.	2.4082e-002
350	6.0465	4.4629	0.	5.5939e-002
351	5.5103	3.7875	0.	4.6504e-002
352	5.3416	4.2275	5.e-002	4.3358e-002
353	4.5842	4.1137	0.	3.1073e-002
354	1.7066	5.0735	0.	3.6506e-003
355	2.2996	5.1857	5.e-002	6.5612e-003
356	2.3698	5.5928	0.	6.5552e-003
357	2.9798	5.3428	0.	1.0688e-002
358	1.1264	4.4161	0.	1.7062e-003
359	1.3062	3.2988	0.	2.4108e-003
360	1.1392	3.8707	5.e-002	1.7961e-003
361	0.56962	3.7354	0.	4.539e-004
362	1.4474	2.0108	0.	2.8915e-003
363	1.4216	1.2947	5.e-002	2.6433e-003
364	1.3208	0.64734	0.	2.099e-003
365	0.7108	1.2473	0.	6.6915e-004
366	1.1136	4.9614	5.e-002	1.5675e-003
367	1.1668	5.4807	0.	1.5681e-003
368	0.5568	4.8807	0.	4.024e-004
369	6.3992	1.1317	0.	6.2264e-002
370	5.8179	1.6902	0.	5.176e-002
371	5.2922	1.3295	0.	4.212e-002
372	5.7476	1.1039	5.e-002	4.9989e-002
373	5.9079	0.55197	0.	5.2332e-002
374	7.6369	1.1741	0.	8.7557e-002
375	7.0197	1.7366	0.	7.504e-002
376	7.0508	1.1594	5.e-002	7.5262e-002
377	7.1199	0.57972	0.	7.6119e-002
378	8.8031	1.1949	0.	0.11354
379	8.194	1.7823	0.	0.1001
380	8.2231	1.1887	5.e-002	0.10037
381	8.2663	0.59433	0.	0.10081
382	9.9573	1.2028	0.	0.14103
383	9.3667	1.7952	0.	0.1271
384	9.3832	1.2012	5.e-002	0.12714
385	9.4068	0.60061	0.	0.12722
386	11.101	1.1987	0.	0.16979
387	10.53	1.8017	0.	0.15557
388	10.531	1.2043	5.e-002	0.15529
389	10.541	0.60214	0.	0.15511
390	12.236	1.1793	0.	0.19958
391	11.68	1.7945	0.	0.18511
392	11.67	1.1932	5.e-002	0.18459
393	11.671	0.59659	0.	0.18424
394	13.361	1.1858	0.	0.23017
395	12.804	1.7779	0.	0.21514
396	12.801	1.1655	5.e-002	0.21481
397	12.797	0.58274	0.	0.21439
398	14.477	1.2058	0.	0.26135
399	13.916	1.8099	0.	0.2458
400	13.921	1.2062	5.e-002	0.24572
401	13.917	0.6031	0.	0.24535
402	15.591	1.203	0.	0.29312
403	15.025	1.8129	0.	0.27708
404	15.033	1.2055	5.e-002	0.27714
405	15.034	0.60275	0.	0.27693
406	16.709	1.1974	0.	0.32554
407	16.146	1.8049	0.	0.30929
408	16.148	1.2005	5.e-002	0.30923
409	16.152	0.60024	0.	0.30916
410	17.829	1.1943	0.	0.35845
411	17.268	1.7936	0.	0.34204
412	17.269	1.1943	5.e-002	0.34195
413	17.272	0.59714	0.	0.34191
414	18.95	1.1945	0.	0.39165
415	18.387	1.7938	0.	0.375
416	18.39	1.1944	5.e-002	0.37501
417	18.393	0.59721	0.	0.37501
418	20.072	1.1946	0.	0.42507
419	19.508	1.7939	0.	0.40832
420	19.511	1.1945	5.e-002	0.40833
421	19.514	0.59725	0.	0.40835
422	21.194	1.1949	0.	0.45861
423	20.63	1.7941	0.	0.4418
424	20.633	1.1946	5.e-002	0.44182
425	20.635	0.59731	0.	0.44184
426	22.316	1.196	0.	0.49223
427	21.753	1.7946	0.	0.47539
428	21.754	1.1951	5.e-002	0.4754
429	21.756	0.59756	0.	0.47543
430	22.877	1.7965	0.	0.50908
431	22.877	1.1969	5.e-002	0.50906
432	22.878	0.59844	0.	0.50906
433	23.438	1.1984	0.	0.5259
434	22.312	4.8166	0.	0.49214
435	22.871	4.2047	0.	0.50893
436	22.874	4.8147	5.e-002	0.509
437	23.437	4.8073	0.	0.52588
438	22.877	5.4073	0.	0.50905
439	21.189	4.8196	0.	0.45848
440	21.746	4.206	0.	0.4752
441	21.75	4.8186	5.e-002	0.47529
442	21.754	5.4093	0.	0.47539
443	20.066	4.8208	0.	0.42491
444	20.622	4.207	0.	0.44157
445	20.627	4.8205	5.e-002	0.44167
446	20.632	5.4103	0.	0.44178
447	18.944	4.8212	0.	0.39148
448	19.5	4.2072	0.	0.40807
449	19.505	4.8211	5.e-002	0.40817
450	19.511	5.4105	0.	0.40828
451	17.823	4.8213	0.	0.35827
452	18.378	4.2073	0.	0.37476
453	18.383	4.8213	5.e-002	0.37484
454	18.39	5.4106	0.	0.37494
455	16.703	4.8214	0.	0.3254
456	17.258	4.2139	0.	0.34176
457	17.262	4.8213	5.e-002	0.34176
458	17.269	5.4107	0.	0.34183
459	15.592	4.8333	0.	0.29316
460	16.144	4.2186	0.	0.30924
461	16.144	4.8214	5.e-002	0.30913
462	16.15	5.4107	0.	0.30912
463	14.475	4.8459	0.	0.2613
464	15.032	4.239	0.	0.27726
465	15.039	4.8452	5.e-002	0.2773
466	15.036	5.4226	0.	0.27703
467	13.347	4.8352	0.	0.22978
468	13.911	4.2374	0.	0.24565
469	13.912	4.8466	5.e-002	0.24545
470	13.912	5.4233	0.	0.24523
471	12.217	4.811	0.	0.1991
472	12.791	4.2199	0.	0.2148
473	12.782	4.8239	5.e-002	0.21432
474	12.787	5.4119	0.	0.21415
475	11.078	4.7987	0.	0.16922
476	11.659	4.1986	0.	0.18458
477	11.652	4.7982	5.e-002	0.18414
478	11.662	5.3991	0.	0.18403
479	9.9162	4.7901	0.	0.14005
480	10.508	4.1979	0.	0.15503
481	10.504	4.7993	5.e-002	0.15462
482	10.528	5.3996	0.	0.15479
483	8.722	4.7703	0.	0.11172
484	9.3265	4.1838	0.	0.12617
485	9.3283	4.7809	5.e-002	0.12587
486	9.3793	5.3905	0.	0.12661
487	7.4335	4.729	0.	8.3357e-002
488	8.1118	4.1611	0.	9.8334e-002
489	8.1157	4.7597	5.e-002	9.8051e-002
490	8.2126	5.3799	0.	9.9676e-002
491	6.229	4.9718	0.	5.9e-002
492	6.8091	4.0956	0.	7.0906e-002
493	6.7513	4.6983	5.e-002	6.9386e-002
494	6.9701	5.3492	0.	7.3226e-002
495	5.7067	5.2453	5.e-002	4.9027e-002
496	5.8874	5.6226	0.	5.1914e-002
497	6.4384	2.2951	0.	6.3724e-002
498	5.7835	2.812	0.	5.1516e-002
499	5.8882	2.2764	5.e-002	5.3318e-002
500	6.9277	2.9033	0.	7.3533e-002
501	7.4875	3.5276	0.	8.5059e-002
502	6.2729	3.4202	0.	6.0625e-002
503	6.8669	3.4928	5.e-002	7.2255e-002
504	7.5767	2.3448	0.	8.6907e-002
505	6.9886	2.3137	5.e-002	7.4652e-002
506	8.7575	2.3825	0.	0.11307
507	8.1364	2.9691	0.	9.9144e-002
508	8.1649	2.3759	5.e-002	9.9682e-002
509	9.9392	2.3941	0.	0.14111
510	9.3375	2.9879	0.	0.12669
511	9.3502	2.3891	5.e-002	0.12691
512	11.109	2.3975	0.	0.17045
513	10.52	2.9978	0.	0.15557
514	10.528	2.3991	5.e-002	0.1557
515	12.248	2.393	0.	0.20032
516	11.677	2.9974	0.	0.18527
517	11.689	2.3958	5.e-002	0.18552
518	13.36	2.402	0.	0.23048
519	12.803	3.0031	0.	0.21532
520	12.807	2.3903	5.e-002	0.21537
521	14.465	2.417	0.	0.26129
522	13.912	3.0209	0.	0.24582
523	13.912	2.4136	5.e-002	0.24578
524	15.58	2.4148	0.	0.29305
525	15.021	3.0266	0.	0.27708
526	15.017	2.4203	5.e-002	0.27695
527	16.705	2.4012	0.	0.32564
528	16.143	3.0126	0.	0.30932
529	16.143	2.4093	5.e-002	0.30929
530	17.826	2.3931	0.	0.35849
531	17.261	2.9997	0.	0.34192
532	17.268	2.393	5.e-002	0.34208
533	18.945	2.3932	0.	0.39159
534	18.378	2.9932	0.	0.37482
535	18.384	2.3932	5.e-002	0.37496
536	20.067	2.3934	0.	0.425
537	19.5	2.9933	0.	0.40812
538	19.506	2.3933	5.e-002	0.40827
539	21.19	2.3938	0.	0.45856
540	20.623	2.9935	0.	0.44161
541	20.628	2.3936	5.e-002	0.44176
542	22.872	2.9954	0.	0.50898
543	22.314	2.3951	0.	0.49223
544	22.876	2.3961	5.e-002	0.50909
545	23.438	2.398	0.	0.52594
546	22.305	3.5941	0.	0.49197
547	22.868	3.5947	5.e-002	0.50885
548	23.434	3.5973	0.	0.52582
549	21.747	2.9938	0.	0.47524
550	21.751	2.3941	5.e-002	0.47537
551	21.18	3.5935	0.	0.45826
552	21.742	3.5935	5.e-002	0.47509
553	20.056	3.5934	0.	0.42469
554	20.618	3.5934	5.e-002	0.44145
555	18.934	3.5933	0.	0.39127
556	19.495	3.5933	5.e-002	0.40795
557	17.814	3.5998	0.	0.35814
558	18.373	3.5933	5.e-002	0.37464
559	16.699	3.6111	0.	0.32546
560	17.255	3.6064	5.e-002	0.34171
561	15.584	3.6244	0.	0.29316
562	16.143	3.6158	5.e-002	0.3093
563	14.468	3.6306	0.	0.26137
564	15.024	3.6329	5.e-002	0.27715
565	13.355	3.6221	0.	0.23037
566	13.911	3.6282	5.e-002	0.24576
567	12.233	3.6075	0.	0.19991
568	12.8	3.6159	5.e-002	0.21517
569	11.089	3.5978	0.	0.16994
570	11.665	3.599	5.e-002	0.1849
571	9.9182	3.5916	0.	0.14061
572	10.512	3.5966	5.e-002	0.1553
573	8.7164	3.5745	0.	0.11214
574	9.3247	3.5867	5.e-002	0.12632
575	8.108	3.5624	5.e-002	9.845e-002
576	4.4797	5.0737	5.e-002	2.84e-002
577	4.1532	5.0368	0.	2.3369e-002
578	2.8136	1.1574	5.e-002	9.8329e-003
579	3.2368	1.0787	0.	1.2677e-002
580	2.0326	2.5954	0.	5.7825e-003
581	2.8612	2.9044	0.	1.1472e-002
582	2.592	2.4639	5.e-002	9.2943e-003
583	3.126	2.2319	0.	1.3363e-002
584	1.9905	3.2065	0.	5.5659e-003
585	1.4732	2.7269	5.e-002	3.049e-003
586	0.73661	2.5634	0.	7.6507e-004
587	4.2247	3.0633	0.	2.6363e-002
588	3.7169	2.991	0.	1.991e-002
589	3.9569	2.9458	5.e-002	2.2822e-002
590	3.8918	2.4729	0.	2.1711e-002
591	3.8085	3.4729	0.	2.0817e-002
592	5.0857	3.2642	0.	3.9399e-002
593	4.4924	3.1809	5.e-002	3.0155e-002
594	4.1596	3.5904	0.	2.5277e-002
595	4.6976	1.3005	0.	3.2078e-002
596	4.5585	1.046	5.e-002	2.9437e-002
597	4.1926	1.023	0.	2.3525e-002
598	4.8367	1.555	5.e-002	3.4625e-002
599	4.3317	1.5275	0.	2.6548e-002
600	5.6789	3.3475	5.e-002	4.9599e-002
601	3.3037	3.1906	0.	1.544e-002
602	2.8191	3.5155	0.	1.1091e-002
603	3.1304	3.3449	5.e-002	1.3776e-002
604	3.3952	3.6725	0.	1.6096e-002
605	3.4769	3.0363	5.e-002	1.7225e-002
606	3.5684	2.5181	0.	1.7959e-002
607	2.5078	3.6861	5.e-002	8.715e-003
608	3.0839	4.093	0.	1.2903e-002
609	2.8191	3.5155	0.1	1.1091e-002
610	1.9905	3.2065	0.1	5.5659e-003
611	2.4103	4.0287	0.1	7.9789e-003
612	3.0839	4.093	0.1	1.2903e-002
613	3.3037	3.1906	0.1	1.544e-002
614	3.7169	2.991	0.1	1.991e-002
615	3.5684	2.5181	0.1	1.7959e-002
616	2.8612	2.9044	0.1	1.1472e-002
617	3.3952	3.6725	0.1	1.6096e-002
618	5.0857	3.2642	0.1	3.9399e-002
619	6.2729	3.4202	0.1	6.0625e-002
620	5.7835	2.812	0.1	5.1516e-002
621	5.5103	3.7875	0.1	4.6504e-002
622	4.6976	1.3005	0.1	3.2078e-002
623	5.2922	1.3295	0.1	4.212e-002
624	4.8601	1.9141	0.1	3.5348e-002
625	4.3317	1.5275	0.1	2.6548e-002
626	4.7083	0.81828	0.1	3.1589e-002
627	4.1926	1.023	0.1	2.3525e-002
628	4.2247	3.0633	0.1	2.6363e-002
629	4.688	2.7271	0.1	3.3077e-002
630	4.1596	3.5904	0.1	2.5277e-002
631	3.8085	3.4729	0.1	2.0817e-002
632	3.8918	2.4729	0.1	2.1711e-002
633	2.0326	2.5954	0.1	5.7825e-003
634	1.4474	2.0108	0.1	2.8915e-003
635	1.3062	3.2988	0.1	2.4108e-003
636	0.73661	2.5634	0.1	7.6507e-004
637	2.598	2.1213	0.1	9.1948e-003
638	3.126	2.2319	0.1	1.3363e-002
639	2.7088	1.4681	0.1	9.4907e-003
640	2.6407	0.92072	0.1	8.4702e-003
641	3.2368	1.0787	0.1	1.2677e-002
642	4.5742	5.2732	0.1	2.9658e-002
643	4.6676	4.9184	0.1	3.1616e-002
644	4.1532	5.0368	0.1	2.3369e-002
645	8.7164	3.5745	0.1	0.11214
646	8.1364	2.9691	0.1	9.9144e-002
647	7.4875	3.5276	0.1	8.5059e-002
648	8.1118	4.1611	0.1	9.8334e-002
649	9.9182	3.5916	0.1	0.14061
650	9.3375	2.9879	0.1	0.12669
651	9.3265	4.1838	0.1	0.12617
652	11.089	3.5978	0.1	0.16994
653	10.52	2.9978	0.1	0.15557
654	10.508	4.1979	0.1	0.15503
655	12.233	3.6075	0.1	0.19991
656	11.677	2.9974	0.1	0.18527
657	11.659	4.1986	0.1	0.18458
658	13.355	3.6221	0.1	0.23037
659	12.803	3.0031	0.1	0.21532
660	12.791	4.2199	0.1	0.2148
661	14.468	3.6306	0.1	0.26137
662	13.912	3.0209	0.1	0.24582
663	13.911	4.2374	0.1	0.24565
664	15.584	3.6244	0.1	0.29316
665	15.021	3.0266	0.1	0.27708
666	15.032	4.239	0.1	0.27726
667	16.699	3.6111	0.1	0.32546
668	16.143	3.0126	0.1	0.30932
669	16.144	4.2186	0.1	0.30924
670	17.814	3.5998	0.1	0.35814
671	17.261	2.9997	0.1	0.34192
672	17.258	4.2139	0.1	0.34176
673	18.934	3.5933	0.1	0.39127
674	18.378	2.9932	0.1	0.37482
675	18.378	4.2073	0.1	0.37476
676	20.056	3.5934	0.1	0.42469
677	19.5	2.9933	0.1	0.40812
678	19.5	4.2072	0.1	0.40807
679	21.18	3.5935	0.1	0.45826
680	20.623	2.9935	0.1	0.44161
681	20.622	4.207	0.1	0.44157
682	21.747	2.9938	0.1	0.47524
683	22.305	3.5941	0.1	0.49197
684	21.746	4.206	0.1	0.4752
685	22.314	2.3951	0.1	0.49223
686	21.19	2.3938	0.1	0.45856
687	21.753	1.7946	0.1	0.47539
688	22.872	2.9954	0.1	0.50898
689	22.871	4.2047	0.1	0.50893
690	23.434	3.5973	0.1	0.52582
691	22.877	1.7965	0.1	0.50908
692	23.438	2.398	0.1	0.52594
693	20.067	2.3934	0.1	0.425
694	20.63	1.7941	0.1	0.4418
695	18.945	2.3932	0.1	0.39159
696	19.508	1.7939	0.1	0.40832
697	17.826	2.3931	0.1	0.35849
698	18.387	1.7938	0.1	0.375
699	16.705	2.4012	0.1	0.32564
700	17.268	1.7936	0.1	0.34204
701	15.58	2.4148	0.1	0.29305
702	16.146	1.8049	0.1	0.30929
703	14.465	2.417	0.1	0.26129
704	15.025	1.8129	0.1	0.27708
705	13.36	2.402	0.1	0.23048
706	13.916	1.8099	0.1	0.2458
707	12.248	2.393	0.1	0.20032
708	12.804	1.7779	0.1	0.21514
709	11.109	2.3975	0.1	0.17045
710	11.68	1.7945	0.1	0.18511
711	9.9392	2.3941	0.1	0.14111
712	10.53	1.8017	0.1	0.15557
713	8.7575	2.3825	0.1	0.11307
714	9.3667	1.7952	0.1	0.1271
715	7.5767	2.3448	0.1	8.6907e-002
716	8.194	1.7823	0.1	0.1001
717	6.9277	2.9033	0.1	7.3533e-002
718	6.4384	2.2951	0.1	6.3724e-002
719	7.0197	1.7366	0.1	7.504e-002
720	6.8091	4.0956	0.1	7.0906e-002
721	5.8179	1.6902	0.1	5.176e-002
722	5.3859	2.2748	0.1	4.4367e-002
723	6.229	4.9718	0.1	5.9e-002
724	5.1878	5.359	0.1	3.9761e-002
725	5.2811	5.0042	0.1	4.1758e-002
726	5.8874	5.6226	0.1	5.1914e-002
727	7.4335	4.729	0.1	8.3357e-002
728	6.0465	4.4629	0.1	5.5939e-002
729	6.9701	5.3492	0.1	7.3226e-002
730	8.722	4.7703	0.1	0.11172
731	8.2126	5.3799	0.1	9.9676e-002
732	9.9162	4.7901	0.1	0.14005
733	9.3793	5.3905	0.1	0.12661
734	11.078	4.7987	0.1	0.16922
735	10.528	5.3996	0.1	0.15479
736	12.217	4.811	0.1	0.1991
737	11.662	5.3991	0.1	0.18403
738	13.347	4.8352	0.1	0.22978
739	12.787	5.4119	0.1	0.21415
740	14.475	4.8459	0.1	0.2613
741	13.912	5.4233	0.1	0.24523
742	15.592	4.8333	0.1	0.29316
743	15.036	5.4226	0.1	0.27703
744	16.703	4.8214	0.1	0.3254
745	16.15	5.4107	0.1	0.30912
746	17.823	4.8213	0.1	0.35827
747	17.269	5.4107	0.1	0.34183
748	18.944	4.8212	0.1	0.39148
749	18.39	5.4106	0.1	0.37494
750	20.066	4.8208	0.1	0.42491
751	19.511	5.4105	0.1	0.40828
752	21.189	4.8196	0.1	0.45848
753	20.632	5.4103	0.1	0.44178
754	22.312	4.8166	0.1	0.49214
755	21.754	5.4093	0.1	0.47539
756	22.877	5.4073	0.1	0.50905
757	23.437	4.8073	0.1	0.52588
758	22.316	1.196	0.1	0.49223
759	23.438	1.1984	0.1	0.5259
760	22.878	0.59844	0.1	0.50906
761	21.194	1.1949	0.1	0.45861
762	21.756	0.59756	0.1	0.47543
763	20.072	1.1946	0.1	0.42507
764	20.635	0.59731	0.1	0.44184
765	18.95	1.1945	0.1	0.39165
766	19.514	0.59725	0.1	0.40835
767	17.829	1.1943	0.1	0.35845
768	18.393	0.59721	0.1	0.37501
769	16.709	1.1974	0.1	0.32554
770	17.272	0.59714	0.1	0.34191
771	15.591	1.203	0.1	0.29312
772	16.152	0.60024	0.1	0.30916
773	14.477	1.2058	0.1	0.26135
774	15.034	0.60275	0.1	0.27693
775	13.361	1.1858	0.1	0.23017
776	13.917	0.6031	0.1	0.24535
777	12.236	1.1793	0.1	0.19958
778	12.797	0.58274	0.1	0.21439
779	11.101	1.1987	0.1	0.16979
780	11.671	0.59659	0.1	0.18424
781	9.9573	1.2028	0.1	0.14103
782	10.541	0.60214	0.1	0.15511
783	8.8031	1.1949	0.1	0.11354
784	9.4068	0.60061	0.1	0.12722
785	7.6369	1.1741	0.1	8.7557e-002
786	8.2663	0.59433	0.1	0.10081
787	6.3992	1.1317	0.1	6.2264e-002
788	7.1199	0.57972	0.1	7.6119e-002
789	5.3029	0.84726	0.1	4.1772e-002
790	5.9079	0.55197	0.1	5.2332e-002
791	1.1264	4.4161	0.1	1.7062e-003
792	1.7066	5.0735	0.1	3.6506e-003
793	0.5568	4.8807	0.1	4.024e-004
794	1.1668	5.4807	0.1	1.5681e-003
795	2.0129	1.5367	0.1	5.3654e-003
796	1.9448	0.98936	0.1	4.7274e-003
797	0.7108	1.2473	0.1	6.6915e-004
798	1.3208	0.64734	0.1	2.099e-003
799	1.7261	4.121	0.1	4.086e-003
800	0.56962	3.7354	0.1	4.539e-004
801	2.3062	4.7785	0.1	6.9317e-003
802	2.9798	5.3428	0.1	1.0688e-002
803	2.3698	5.5928	0.1	6.5552e-003
804	5.0986	4.4953	0.1	3.9062e-002
805	4.5842	4.1137	0.1	3.1073e-002
806	4.2477	5.4863	0.1	2.4082e-002
807	4.8081	5.7363	0.1	3.2816e-002
808	2.9864	4.6857	0.1	1.1559e-002
809	4.3424	0.54529	0.1	2.5087e-002
810	4.9028	0.29529	0.1	3.4054e-002
811	3.132	1.6394	0.1	1.2751e-002
812	3.064	0.59203	0.1	1.0676e-002
813	2.454	0.34203	0.1	6.6852e-003
814	4.3411	4.6315	0.1	2.6857e-002
815	4.3551	2.1366	0.1	2.7688e-002
816	3.8267	5.25	0.1	1.7895e-002
817	3.8267	5.75	0.1	1.6902e-002
818	3.8267	5.5	5.e-002	1.7369e-002
819	3.8267	4.75	0.1	1.9014e-002
820	3.8267	5.	5.e-002	1.8413e-002
821	3.8267	4.25	0.1	2.007e-002
822	3.8267	4.5	5.e-002	1.9532e-002
823	3.7433	4.	0.1	1.9419e-002
824	3.8267	4.	5.e-002	2.0439e-002
825	3.66	4.25	0.1	1.798e-002
826	3.66	4.	5.e-002	1.8449e-002
827	3.66	4.75	0.1	1.6943e-002
828	3.66	4.5	5.e-002	1.7458e-002
829	3.66	5.25	0.1	1.5904e-002
830	3.66	5.	5.e-002	1.6409e-002
831	3.66	5.75	0.1	1.4896e-002
832	3.66	5.5	5.e-002	1.5389e-002
833	3.8267	0.75	0.1	1.7136e-002
834	3.8267	0.25	0.1	1.6077e-002
835	3.8267	0.5	5.e-002	1.6576e-002
836	3.8267	1.25	0.1	1.8298e-002
837	3.8267	1.	5.e-002	1.7677e-002
838	3.8267	1.75	0.1	1.9501e-002
839	3.8267	1.5	5.e-002	1.8867e-002
840	3.7433	2.	0.1	1.9065e-002
841	3.8267	2.	5.e-002	2.0082e-002
842	3.66	1.75	0.1	1.7511e-002
843	3.66	2.	5.e-002	1.8106e-002
844	3.66	1.25	0.1	1.6257e-002
845	3.66	1.5	5.e-002	1.6863e-002
846	3.66	0.75	0.1	1.5057e-002
847	3.66	1.	5.e-002	1.5631e-002
848	3.66	0.25	0.1	1.3966e-002
849	3.66	0.5	5.e-002	1.4491e-002
850	4.387	6.	0.1	2.5426e-002
851	3.8267	6.	5.e-002	1.6395e-002
852	5.5078	6.	0.1	4.4496e-002
853	4.9474	6.	5.e-002	3.4738e-002
854	6.6285	6.	0.1	6.557e-002
855	6.0681	6.	5.e-002	5.4761e-002
856	7.7493	6.	0.1	8.8787e-002
857	7.1889	6.	5.e-002	7.6912e-002
858	8.87	6.	0.1	0.11396
859	8.3096	6.	5.e-002	0.10114
860	9.9907	6.	0.1	0.14083
861	9.4304	6.	5.e-002	0.12719
862	11.111	6.	0.1	0.16917
863	10.551	6.	5.e-002	0.15483
864	12.232	6.	0.1	0.19873
865	11.672	6.	5.e-002	0.1838
866	13.353	6.	0.1	0.22931
867	12.793	6.	5.e-002	0.2139
868	14.474	6.	0.1	0.26073
869	13.913	6.	5.e-002	0.24492
870	15.594	6.	0.1	0.29281
871	15.034	6.	5.e-002	0.27669
872	16.715	6.	0.1	0.32541
873	16.155	6.	5.e-002	0.30905
874	17.836	6.	0.1	0.3584
875	17.276	6.	5.e-002	0.34186
876	18.957	6.	0.1	0.39166
877	18.396	6.	5.e-002	0.375
878	20.077	6.	0.1	0.42511
879	19.517	6.	5.e-002	0.40837
880	21.198	6.	0.1	0.45867
881	20.638	6.	5.e-002	0.44188
882	22.319	6.	0.1	0.49228
883	21.759	6.	5.e-002	0.47547
884	23.44	6.	0.1	0.52591
885	22.879	6.	5.e-002	0.50909
886	24.	5.4	0.1	0.54275
887	24.	6.	5.e-002	0.54272
888	24.	4.2	0.1	0.54279
889	24.	4.8	5.e-002	0.54277
890	24.	3.	0.1	0.5428
891	24.	3.6	5.e-002	0.5428
892	24.	1.8	0.1	0.54278
893	24.	2.4	5.e-002	0.54279
894	24.	0.6	0.1	0.54273
895	24.	1.2	5.e-002	0.54275
896	1.5735e-014	1.8	0.1	0.
897	5.2451e-015	0.6	0.1	0.
898	1.0632e-014	1.2	5.e-002	0.
899	2.6226e-014	3.	0.1	0.
900	2.1264e-014	2.4	5.e-002	0.
901	3.6716e-014	4.2	0.1	0.
902	3.1897e-014	3.6	5.e-002	0.
903	4.7206e-014	5.4	0.1	0.
904	4.2529e-014	4.8	5.e-002	0.
905	23.44	0.	0.1	0.52588
906	24.	0.	5.e-002	0.54269
907	22.319	0.	0.1	0.49225
908	22.879	0.	5.e-002	0.50906
909	21.198	0.	0.1	0.45864
910	21.759	0.	5.e-002	0.47544
911	20.077	0.	0.1	0.42508
912	20.638	0.	5.e-002	0.44185
913	18.957	0.	0.1	0.39164
914	19.517	0.	5.e-002	0.40834
915	17.836	0.	0.1	0.35837
916	18.396	0.	5.e-002	0.37497
917	16.715	0.	0.1	0.32538
918	17.276	0.	5.e-002	0.34183
919	15.594	0.	0.1	0.29278
920	16.155	0.	5.e-002	0.30902
921	14.474	0.	0.1	0.2607
922	15.034	0.	5.e-002	0.27667
923	13.353	0.	0.1	0.22928
924	13.913	0.	5.e-002	0.24489
925	12.232	0.	0.1	0.1987
926	12.793	0.	5.e-002	0.21387
927	11.111	0.	0.1	0.16913
928	11.672	0.	5.e-002	0.18377
929	9.9907	0.	0.1	0.1408
930	10.551	0.	5.e-002	0.15479
931	8.87	0.	0.1	0.11391
932	9.4304	0.	5.e-002	0.12715
933	7.7493	0.	0.1	8.8707e-002
934	8.3096	0.	5.e-002	0.10107
935	6.6285	0.	0.1	6.5424e-002
936	7.1889	0.	5.e-002	7.6805e-002
937	5.5078	0.	0.1	4.4199e-002
938	6.0681	0.	5.e-002	5.455e-002
939	4.387	0.	0.1	2.4808e-002
940	4.9474	0.	5.e-002	3.4309e-002
941	3.8267	0.	5.e-002	1.5544e-002
942	3.05	-1.567e-030	0.1	9.519e-003
943	3.66	-1.8804e-030	5.e-002	1.3443e-002
944	1.83	-9.4022e-031	0.1	3.4001e-003
945	2.44	0.	5.e-002	6.1219e-003
946	0.61	-3.1341e-031	0.1	3.3942e-004
947	1.22	0.	5.e-002	1.4467e-003
948	0.	0.	5.e-002	0.
949	0.61	6.	0.1	3.3274e-004
950	5.2451e-014	6.	5.e-002	0.
951	1.83	6.	0.1	3.4612e-003
952	1.22	6.	5.e-002	1.4352e-003
953	3.05	6.	0.1	1.0121e-002
954	2.44	6.	5.e-002	6.4004e-003
955	3.66	6.	5.e-002	1.4393e-002
956	1.83	6.	0.	3.4612e-003
957	3.05	6.	0.	1.0121e-002
958	0.61	6.	0.	3.3274e-004
959	3.66	5.75	0.	1.4896e-002
960	4.7206e-014	5.4	0.	0.
961	1.83	-9.4022e-031	0.	3.4001e-003
962	0.61	-3.1341e-031	0.	3.3942e-004
963	3.05	-1.567e-030	0.	9.519e-003
964	3.66	0.25	0.	1.3966e-002
965	5.2451e-015	0.6	0.	0.
966	5.5078	0.	0.	4.4199e-002
967	4.387	0.	0.	2.4808e-002
968	6.6285	0.	0.	6.5424e-002
969	7.7493	0.	0.	8.8707e-002
970	8.87	0.	0.	0.11391
971	9.9907	0.	0.	0.1408
972	11.111	0.	0.	0.16913
973	12.232	0.	0.	0.1987
974	13.353	0.	0.	0.22928
975	14.474	0.	0.	0.2607
976	15.594	0.	0.	0.29278
977	16.715	0.	0.	0.32538
978	17.836	0.	0.	0.35837
979	18.957	0.	0.	0.39164
980	20.077	0.	0.	0.42508
981	21.198	0.	0.	0.45864
982	22.319	0.	0.	0.49225
983	23.44	0.	0.	0.52588
984	3.8267	0.25	0.	1.6077e-002
985	24.	0.6	0.	0.54273
986	3.6716e-014	4.2	0.	0.
987	2.6226e-014	3.	0.	0.
988	1.5735e-014	1.8	0.	0.
989	24.	1.8	0.	0.54278
990	24.	3.	0.	0.5428
991	24.	4.2	0.	0.54279
992	24.	5.4	0.	0.54275
993	23.44	6.	0.	0.52591
994	22.319	6.	0.	0.49228
995	21.198	6.	0.	0.45867
996	20.077	6.	0.	0.42511
997	18.957	6.	0.	0.39166
998	17.836	6.	0.	0.3584
999	16.715	6.	0.	0.32541
1000	15.594	6.	0.	0.29281
1001	14.474	6.	0.	0.26073
1002	13.353	6.	0.	0.22931
1003	12.232	6.	0.	0.19873
1004	11.111	6.	0.	0.16917
1005	9.9907	6.	0.	0.14083
1006	8.87	6.	0.	0.11396
1007	7.7493	6.	0.	8.8787e-002
1008	6.6285	6.	0.	6.557e-002
1009	5.5078	6.	0.	4.4496e-002
1010	4.387	6.	0.	2.5426e-002
1011	3.8267	5.75	0.	1.6902e-002
1012	3.66	1.25	0.	1.6257e-002
1013	3.66	1.75	0.	1.7511e-002
1014	3.66	0.75	0.	1.5057e-002
1015	3.7433	2.	0.	1.9065e-002
1016	3.8267	0.75	0.	1.7136e-002
1017	3.8267	1.25	0.	1.8298e-002
1018	3.8267	1.75	0.	1.9501e-002
1019	3.66	4.75	0.	1.6943e-002
1020	3.66	4.25	0.	1.798e-002
1021	3.66	5.25	0.	1.5904e-002
1022	3.7433	4.	0.	1.9419e-002
1023	3.8267	5.25	0.	1.7895e-002
1024	3.8267	4.75	0.	1.9014e-002
1025	3.8267	4.25	0.	2.007e-002
