Node Number	X Location (in)	Y Location (in)	Z Location (in)	Equivalent (von-Mises) Stress (psi)
1	3.2871	2.9278	0.	2376.4
2	4.275	3.2722	0.	1475.4
3	3.6408	3.3508	0.	2048.4
4	2.2711	0.72062	0.	1181.8
5	2.2476	1.7189	0.	1317.1
6	5.1766	1.4006	0.	941.04
7	2.1411	5.2159	0.	1084.2
8	2.6948	4.0579	0.	1708.3
9	4.6993	4.6836	0.	1107.9
10	4.2564	5.0483	0.	745.88
11	2.3078	3.268	0.	1677.1
12	4.4386	5.4612	0.	766.97
13	5.1458	2.5351	0.	1237.2
14	1.2834	3.8615	0.	1451.7
15	1.1855	1.2384	0.	1315.
16	1.0533	4.9507	0.	1366.8
17	5.5628	0.79358	0.	874.24
18	6.7296	1.1622	0.	854.33
19	7.9213	1.1934	0.	747.04
20	9.1287	1.2095	0.	646.3
21	10.305	1.2123	0.	551.5
22	11.472	1.2108	0.	464.65
23	12.615	1.1857	0.	385.5
24	13.757	1.2173	0.	314.17
25	14.892	1.2112	0.	250.43
26	16.029	1.2015	0.	193.95
27	17.167	1.1951	0.	144.95
28	18.307	1.1935	0.	103.24
29	19.444	1.1947	0.	69.194
30	20.582	1.1917	0.	42.654
31	21.72	1.1928	0.	23.721
32	22.859	1.1956	0.	12.425
33	22.851	2.394	0.	15.778
34	22.848	3.6004	0.	15.817
35	22.853	4.8081	0.	12.432
36	21.712	4.7973	0.	23.864
37	20.569	4.7944	0.	42.898
38	19.434	4.7914	0.	69.437
39	18.296	4.7891	0.	103.62
40	17.164	4.7909	0.	145.
41	16.026	4.8002	0.	193.83
42	14.893	4.8262	0.	250.35
43	13.746	4.8318	0.	314.67
44	12.606	4.8236	0.	386.05
45	11.455	4.8157	0.	464.91
46	10.286	4.8099	0.	552.33
47	9.0907	4.7876	0.	647.91
48	7.8461	4.7696	0.	757.27
49	6.4331	4.7678	0.	845.24
50	5.5065	5.2536	0.	892.36
51	6.5561	3.4668	0.	856.98
52	6.3115	2.1485	0.	884.17
53	7.7838	2.369	0.	754.27
54	9.0498	2.4059	0.	643.99
55	10.271	2.4128	0.	550.02
56	11.457	2.4106	0.	463.15
57	12.608	2.4182	0.	384.97
58	13.738	2.4319	0.	314.49
59	14.868	2.4263	0.	251.42
60	16.01	2.4101	0.	194.91
61	17.161	2.3861	0.	145.58
62	18.295	2.387	0.	104.2
63	19.43	2.3895	0.	70.393
64	20.566	2.3928	0.	44.311
65	21.706	2.3912	0.	26.041
66	21.707	3.5987	0.	26.045
67	20.556	3.5904	0.	44.458
68	19.421	3.5813	0.	70.662
69	18.292	3.5888	0.	104.26
70	17.154	3.5915	0.	145.84
71	16.009	3.6005	0.	194.8
72	14.877	3.6231	0.	251.05
73	13.739	3.6527	0.	314.52
74	12.599	3.6399	0.	385.4
75	11.436	3.6134	0.	464.06
76	10.256	3.6122	0.	551.1
77	9.0446	3.6005	0.	645.7
78	7.7529	3.5443	0.	760.62
79	5.1243	4.1207	0.	1099.7
80	2.5513	1.1424	0.	932.89
81	2.1759	2.4511	0.	1398.2
82	1.0714	2.5021	0.	1557.6
83	3.1579	3.6432	0.	2551.9
84	3.7777	0.97356	0.	1028.8
85	5.353	3.3933	0.	1164.4
86	3.9366	2.6496	0.	1679.3
87	4.5331	1.8271	0.	1244.
88	4.1524	0.47533	0.	701.07
89	3.7373	1.3202	0.	1678.2
90	2.3369	4.5797	0.	1299.9
91	2.3369	4.5797	0.1	1299.9
92	3.7373	1.3202	0.1	1678.2
93	4.1524	0.47533	0.1	701.07
94	4.5331	1.8271	0.1	1244.
95	3.9366	2.6496	0.1	1679.3
96	5.353	3.3933	0.1	1164.4
97	3.7777	0.97356	0.1	1028.8
98	3.1579	3.6432	0.1	2551.9
99	1.0714	2.5021	0.1	1557.6
100	2.1759	2.4511	0.1	1398.2
101	2.5513	1.1424	0.1	932.89
102	5.1243	4.1207	0.1	1099.7
103	7.7529	3.5443	0.1	760.62
104	9.0446	3.6005	0.1	645.7
105	10.256	3.6122	0.1	551.1
106	11.436	3.6134	0.1	464.06
107	12.599	3.6399	0.1	385.4
108	13.739	3.6527	0.1	314.52
109	14.877	3.6231	0.1	251.05
110	16.009	3.6005	0.1	194.8
111	17.154	3.5915	0.1	145.84
112	18.292	3.5888	0.1	104.26
113	19.421	3.5813	0.1	70.662
114	20.556	3.5904	0.1	44.458
115	21.707	3.5987	0.1	26.045
116	21.706	2.3912	0.1	26.041
117	20.566	2.3928	0.1	44.311
118	19.43	2.3895	0.1	70.393
119	18.295	2.387	0.1	104.2
120	17.161	2.3861	0.1	145.58
121	16.01	2.4101	0.1	194.91
122	14.868	2.4263	0.1	251.42
123	13.738	2.4319	0.1	314.49
124	12.608	2.4182	0.1	384.97
125	11.457	2.4106	0.1	463.15
126	10.271	2.4128	0.1	550.02
127	9.0498	2.4059	0.1	643.99
128	7.7838	2.369	0.1	754.27
129	6.3115	2.1485	0.1	884.17
130	6.5561	3.4668	0.1	856.98
131	5.5065	5.2536	0.1	892.36
132	6.4331	4.7678	0.1	845.24
133	7.8461	4.7696	0.1	757.27
134	9.0907	4.7876	0.1	647.91
135	10.286	4.8099	0.1	552.33
136	11.455	4.8157	0.1	464.91
137	12.606	4.8236	0.1	386.05
138	13.746	4.8318	0.1	314.67
139	14.893	4.8262	0.1	250.35
140	16.026	4.8002	0.1	193.83
141	17.164	4.7909	0.1	145.
142	18.296	4.7891	0.1	103.62
143	19.434	4.7914	0.1	69.437
144	20.569	4.7944	0.1	42.898
145	21.712	4.7973	0.1	23.864
146	22.853	4.8081	0.1	12.432
147	22.848	3.6004	0.1	15.817
148	22.851	2.394	0.1	15.778
149	22.859	1.1956	0.1	12.425
150	21.72	1.1928	0.1	23.721
151	20.582	1.1917	0.1	42.654
152	19.444	1.1947	0.1	69.194
153	18.307	1.1935	0.1	103.24
154	17.167	1.1951	0.1	144.95
155	16.029	1.2015	0.1	193.95
156	14.892	1.2112	0.1	250.43
157	13.757	1.2173	0.1	314.17
158	12.615	1.1857	0.1	385.5
159	11.472	1.2108	0.1	464.65
160	10.305	1.2123	0.1	551.5
161	9.1287	1.2095	0.1	646.3
162	7.9213	1.1934	0.1	747.04
163	6.7296	1.1622	0.1	854.33
164	5.5628	0.79358	0.1	874.24
165	1.0533	4.9507	0.1	1366.8
166	1.1855	1.2384	0.1	1315.
167	1.2834	3.8615	0.1	1451.7
168	5.1458	2.5351	0.1	1237.2
169	4.4386	5.4612	0.1	766.97
170	2.3078	3.268	0.1	1677.1
171	4.2564	5.0483	0.1	745.88
172	4.6993	4.6836	0.1	1107.9
173	2.6948	4.0579	0.1	1708.3
174	2.1411	5.2159	0.1	1084.2
175	5.1766	1.4006	0.1	941.04
176	2.2476	1.7189	0.1	1317.1
177	2.2711	0.72062	0.1	1181.8
178	3.6408	3.3508	0.1	2048.4
179	4.275	3.2722	0.1	1475.4
180	3.2871	2.9278	0.1	2376.4
181	3.5467	5.5	0.1	391.02
182	3.5467	5.	0.1	1409.2
183	3.5467	4.5	0.1	1512.2
184	3.5467	4.	0.1	2689.
185	3.38	4.	0.1	5503.4
186	3.38	4.5	0.1	2152.9
187	3.38	5.	0.1	1187.
188	3.38	5.5	0.1	790.55
189	3.5467	0.5	0.1	530.83
190	3.5467	1.	0.1	619.12
191	3.5467	1.5	0.1	2414.4
192	3.5467	2.	0.1	3292.
193	3.38	2.	0.1	3751.2
194	3.38	1.5	0.1	2271.5
195	3.38	1.	0.1	1681.4
196	3.38	0.5	0.1	666.3
197	3.5467	6.	0.1	411.86
198	4.683	6.	0.1	663.25
199	5.8193	6.	0.1	854.18
200	6.9556	6.	0.1	838.9
201	8.0919	6.	0.1	738.12
202	9.2281	6.	0.1	649.09
203	10.364	6.	0.1	552.45
204	11.501	6.	0.1	465.92
205	12.637	6.	0.1	386.59
206	13.773	6.	0.1	314.65
207	14.91	6.	0.1	250.31
208	16.046	6.	0.1	193.6
209	17.182	6.	0.1	144.71
210	18.319	6.	0.1	103.12
211	19.455	6.	0.1	68.975
212	20.591	6.	0.1	42.25
213	21.727	6.	0.1	22.678
214	22.864	6.	0.1	10.415
215	24.	6.	0.1	4.598
216	24.	4.8	0.1	8.3317
217	24.	3.6	0.1	12.418
218	24.	2.4	0.1	12.442
219	24.	1.2	0.1	8.314
220	1.049e-014	1.2	0.1	1010.
221	2.0981e-014	2.4	0.1	1070.2
222	3.1471e-014	3.6	0.1	1023.2
223	4.1961e-014	4.8	0.1	974.41
224	24.	0.	0.1	4.6315
225	22.864	0.	0.1	10.357
226	21.727	0.	0.1	22.692
227	20.591	0.	0.1	42.182
228	19.455	0.	0.1	68.854
229	18.319	0.	0.1	103.04
230	17.182	0.	0.1	144.75
231	16.046	0.	0.1	193.98
232	14.91	0.	0.1	250.61
233	13.773	0.	0.1	314.5
234	12.637	0.	0.1	386.9
235	11.501	0.	0.1	466.54
236	10.364	0.	0.1	553.56
237	9.2281	0.	0.1	652.83
238	8.0919	0.	0.1	745.31
239	6.9556	0.	0.1	838.03
240	5.8193	0.	0.1	858.44
241	4.683	0.	0.1	607.65
242	3.5467	0.	0.1	540.93
243	3.38	0.	0.1	658.09
244	2.2533	6.0659e-031	0.1	1014.4
245	1.1267	3.033e-031	0.1	1301.4
246	0.	0.	0.1	793.93
247	3.937e-014	6.	0.1	724.56
248	1.1267	6.	0.1	1314.8
249	2.2533	6.	0.1	1039.7
250	3.38	6.	0.1	621.34
251	2.2533	6.	0.	1039.7
252	1.1267	6.	0.	1314.8
253	3.38	6.	0.	621.34
254	3.937e-014	6.	0.	724.56
255	1.1267	3.033e-031	0.	1301.4
256	2.2533	6.0659e-031	0.	1014.4
257	3.38	0.	0.	658.09
258	0.	0.	0.	793.93
259	4.683	0.	0.	607.65
260	5.8193	0.	0.	858.44
261	6.9556	0.	0.	838.03
262	8.0919	0.	0.	745.31
263	9.2281	0.	0.	652.83
264	10.364	0.	0.	553.56
265	11.501	0.	0.	466.54
266	12.637	0.	0.	386.9
267	13.773	0.	0.	314.5
268	14.91	0.	0.	250.61
269	16.046	0.	0.	193.98
270	17.182	0.	0.	144.75
271	18.319	0.	0.	103.04
272	19.455	0.	0.	68.854
273	20.591	0.	0.	42.182
274	21.727	0.	0.	22.692
275	22.864	0.	0.	10.357
276	3.5467	0.	0.	540.93
277	24.	0.	0.	4.6315
278	4.1961e-014	4.8	0.	974.41
279	3.1471e-014	3.6	0.	1023.2
280	2.0981e-014	2.4	0.	1070.2
281	1.049e-014	1.2	0.	1010.
282	24.	1.2	0.	8.314
283	24.	2.4	0.	12.442
284	24.	3.6	0.	12.418
285	24.	4.8	0.	8.3317
286	24.	6.	0.	4.598
287	22.864	6.	0.	10.415
288	21.727	6.	0.	22.678
289	20.591	6.	0.	42.25
290	19.455	6.	0.	68.975
291	18.319	6.	0.	103.12
292	17.182	6.	0.	144.71
293	16.046	6.	0.	193.6
294	14.91	6.	0.	250.31
295	13.773	6.	0.	314.65
296	12.637	6.	0.	386.59
297	11.501	6.	0.	465.92
298	10.364	6.	0.	552.45
299	9.2281	6.	0.	649.09
300	8.0919	6.	0.	738.12
301	6.9556	6.	0.	838.9
302	5.8193	6.	0.	854.18
303	4.683	6.	0.	663.25
304	3.5467	6.	0.	411.86
305	3.38	1.5	0.	2271.5
306	3.38	1.	0.	1681.4
307	3.38	0.5	0.	666.3
308	3.38	2.	0.	3751.2
309	3.5467	0.5	0.	530.83
310	3.5467	1.	0.	619.12
311	3.5467	1.5	0.	2414.4
312	3.5467	2.	0.	3292.
313	3.38	4.5	0.	2152.9
314	3.38	5.	0.	1187.
315	3.38	5.5	0.	790.55
316	3.38	4.	0.	5503.4
317	3.5467	5.5	0.	391.02
318	3.5467	5.	0.	1409.2
319	3.5467	4.5	0.	1512.2
320	3.5467	4.	0.	2689.
321	3.464	3.1393	0.	2197.4
322	2.7975	3.0979	0.	1991.3
323	3.2225	3.2855	0.	2366.2
324	3.6119	2.7887	0.	2000.8
325	3.2871	2.9278	5.e-002	54.268
326	3.3336	2.4639	0.	3040.8
327	3.9579	3.3115	0.	1755.4
328	4.814	3.3327	0.	1310.5
329	4.1058	2.9609	0.	1558.9
330	4.275	3.2722	5.e-002	30.601
331	3.9108	3.6361	0.	1974.6
332	3.6408	3.3508	5.e-002	70.249
333	3.5104	3.6754	0.	3671.3
334	1.7283	0.9795	0.	1212.2
335	2.4112	0.93149	0.	1048.6
336	2.2711	0.72062	5.e-002	134.99
337	2.2622	0.36031	0.	1096.1
338	2.8256	0.61031	0.	879.05
339	1.7165	1.4786	0.	1299.8
340	2.3995	1.4306	0.	1096.7
341	2.2118	2.085	0.	1353.9
342	2.2476	1.7189	5.e-002	183.35
343	2.8138	1.6094	0.	1686.4
344	5.3697	1.0971	0.	907.46
345	5.7441	1.7745	0.	906.48
346	4.4772	1.1871	0.	908.05
347	4.8549	1.6138	0.	1071.
348	5.1766	1.4006	5.e-002	22.897
349	1.5972	5.0833	0.	1202.
350	2.239	4.8978	0.	1191.4
351	2.1411	5.2159	5.e-002	44.237
352	2.1972	5.608	0.	1061.
353	2.7606	5.358	0.	906.23
354	2.5013	3.6629	0.	1667.5
355	2.9263	3.8505	0.	2117.1
356	2.5158	4.3188	0.	1501.7
357	2.6948	4.0579	5.e-002	129.84
358	3.0374	4.2789	0.	1800.7
359	4.4779	4.8659	0.	916.79
360	5.1029	4.9686	0.	994.75
361	4.9118	4.4022	0.	1098.2
362	4.6993	4.6836	5.e-002	146.63
363	4.123	4.5918	0.	1201.2
364	4.3475	5.2548	0.	755.84
365	4.2564	5.0483	5.e-002	7.9727
366	3.9015	5.0241	0.	983.25
367	1.7956	3.5648	0.	1555.7
368	2.2419	2.8595	0.	1513.3
369	2.3078	3.268	5.e-002	108.26
370	4.9725	5.3574	0.	810.12
371	4.4386	5.4612	5.e-002	66.929
372	4.5608	5.7306	0.	705.8
373	3.9927	5.4806	0.	551.7
374	5.7287	2.3418	0.	1060.4
375	5.2494	2.9642	0.	1198.5
376	4.5412	2.5924	0.	1450.7
377	4.8395	2.1811	0.	1207.6
378	5.1458	2.5351	5.e-002	60.153
379	1.1683	4.4061	0.	1405.
380	1.1774	3.1818	0.	1502.7
381	1.8102	4.2206	0.	1326.6
382	1.2834	3.8615	5.e-002	32.94
383	0.64171	3.7308	0.	1216.4
384	1.1284	1.8702	0.	1429.1
385	1.1855	1.2384	5.e-002	81.711
386	1.1561	0.61919	0.	1297.2
387	0.59275	1.2192	0.	1141.1
388	1.0533	4.9507	5.e-002	41.687
389	1.09	5.4754	0.	1333.9
390	0.52663	4.8754	0.	1148.
391	6.1462	0.9779	0.	861.19
392	4.8576	0.63446	0.	767.1
393	5.5628	0.79358	5.e-002	23.979
394	5.691	0.39679	0.	865.91
395	7.3254	1.1778	0.	800.62
396	6.5206	1.6554	0.	868.64
397	6.7296	1.1622	5.e-002	10.438
398	6.8426	0.5811	0.	845.97
399	8.525	1.2015	0.	696.54
400	7.8525	1.7812	0.	750.59
401	7.9213	1.1934	5.e-002	8.8317
402	8.0066	0.59672	0.	745.87
403	9.7169	1.2109	0.	598.85
404	9.0893	1.8077	0.	644.99
405	9.1287	1.2095	5.e-002	5.6493
406	9.1784	0.60474	0.	649.26
407	10.889	1.2116	0.	508.04
408	10.288	1.8125	0.	550.52
409	10.305	1.2123	5.e-002	7.1021
410	10.335	0.60615	0.	552.22
411	12.043	1.1983	0.	425.05
412	11.465	1.8107	0.	463.61
413	11.472	1.2108	5.e-002	6.2616
414	11.486	0.60542	0.	465.28
415	13.186	1.2015	0.	349.82
416	12.611	1.802	0.	384.92
417	12.615	1.1857	5.e-002	5.7036
418	12.626	0.59287	0.	385.83
419	14.324	1.2143	0.	282.29
420	13.747	1.8246	0.	313.97
421	13.757	1.2173	5.e-002	5.0869
422	13.765	0.60865	0.	314.
423	15.461	1.2064	0.	222.17
424	14.88	1.8188	0.	250.57
425	14.892	1.2112	5.e-002	4.5705
426	14.901	0.60562	0.	250.16
427	16.598	1.1983	0.	169.43
428	16.019	1.8058	0.	194.07
429	16.029	1.2015	5.e-002	4.0289
430	16.037	0.60074	0.	193.6
431	17.737	1.1943	0.	124.07
432	17.164	1.7906	0.	144.89
433	17.167	1.1951	5.e-002	3.5021
434	17.175	0.59753	0.	144.48
435	18.875	1.1941	0.	86.178
436	18.301	1.7902	0.	103.34
437	18.307	1.1935	5.e-002	2.9083
438	18.313	0.59674	0.	102.77
439	20.013	1.1932	0.	55.867
440	19.437	1.7921	0.	69.421
441	19.444	1.1947	5.e-002	2.3244
442	19.449	0.59737	0.	68.644
443	21.151	1.1922	0.	33.092
444	20.574	1.7922	0.	43.112
445	20.582	1.1917	5.e-002	1.7576
446	20.587	0.59583	0.	42.018
447	22.29	1.1942	0.	17.907
448	21.713	1.792	0.	24.539
449	21.72	1.1928	5.e-002	1.2012
450	21.724	0.5964	0.	22.787
451	22.855	1.7948	0.	13.884
452	22.859	1.1956	5.e-002	0.78126
453	22.861	0.59778	0.	11.001
454	23.43	1.1978	0.	10.213
455	22.849	2.9972	0.	15.678
456	22.278	2.3926	0.	20.675
457	22.851	2.394	5.e-002	0.74852
458	23.426	2.397	0.	14.029
459	22.851	4.2043	0.	13.906
460	22.277	3.5996	0.	20.695
461	22.848	3.6004	5.e-002	0.75949
462	23.424	3.6002	0.	14.036
463	22.283	4.8027	0.	17.98
464	22.853	4.8081	5.e-002	0.79175
465	23.427	4.8041	0.	10.226
466	22.859	5.4041	0.	11.033
467	21.141	4.7958	0.	33.288
468	21.71	4.198	0.	24.613
469	21.712	4.7973	5.e-002	1.2232
470	21.72	5.3986	0.	22.851
471	20.002	4.7929	0.	56.108
472	20.563	4.1924	0.	43.304
473	20.569	4.7944	5.e-002	1.7763
474	20.58	5.3972	0.	42.167
475	18.865	4.7903	0.	86.493
476	19.428	4.1863	0.	69.674
477	19.434	4.7914	5.e-002	2.317
478	19.445	5.3957	0.	68.813
479	17.73	4.79	0.	124.29
480	18.294	4.189	0.	103.56
481	18.296	4.7891	5.e-002	2.884
482	18.307	5.3946	0.	102.99
483	16.595	4.7955	0.	169.4
484	17.159	4.1912	0.	145.04
485	17.164	4.7909	5.e-002	3.4209
486	17.173	5.3954	0.	144.49
487	15.46	4.8132	0.	222.07
488	16.018	4.2004	0.	193.95
489	16.026	4.8002	5.e-002	3.9793
490	16.036	5.4001	0.	193.36
491	14.32	4.829	0.	282.5
492	14.885	4.2246	0.	250.36
493	14.893	4.8262	5.e-002	4.5395
494	14.902	5.4131	0.	249.98
495	13.176	4.8277	0.	350.34
496	13.743	4.2423	0.	314.26
497	13.746	4.8318	5.e-002	5.2323
498	13.76	5.4159	0.	314.33
499	12.03	4.8197	0.	425.46
500	12.602	4.2317	0.	385.42
501	12.606	4.8236	5.e-002	5.8375
502	12.622	5.4118	0.	386.
503	10.871	4.8128	0.	508.59
504	11.445	4.2146	0.	464.23
505	11.455	4.8157	5.e-002	6.1023
506	11.478	5.4079	0.	465.08
507	9.6886	4.7987	0.	600.09
508	10.271	4.2111	0.	551.51
509	10.286	4.8099	5.e-002	7.1182
510	10.325	5.4049	0.	552.04
511	8.4684	4.7786	0.	702.5
512	9.0676	4.194	0.	646.63
513	9.0907	4.7876	5.e-002	6.9407
514	9.1594	5.3938	0.	648.24
515	7.1396	4.7687	0.	801.19
516	7.7995	4.157	0.	758.76
517	7.8461	4.7696	5.e-002	6.908
518	7.969	5.3848	0.	747.56
519	5.9698	5.0107	0.	868.19
520	6.4946	4.1173	0.	850.72
521	5.7787	4.4442	0.	971.34
522	6.4331	4.7678	5.e-002	14.37
523	6.6943	5.3839	0.	841.03
524	5.5065	5.2536	5.e-002	28.102
525	5.6629	5.6268	0.	872.77
526	6.4338	2.8076	0.	869.87
527	7.1545	3.5055	0.	808.75
528	5.9546	3.43	0.	1009.8
529	6.5561	3.4668	5.e-002	21.815
530	7.0476	2.2588	0.	818.69
531	6.3115	2.1485	5.e-002	24.566
532	8.4168	2.3875	0.	699.06
533	7.7684	2.9567	0.	757.44
534	7.7838	2.369	5.e-002	7.1974
535	9.6603	2.4093	0.	596.98
536	9.0472	3.0032	0.	644.75
537	9.0498	2.4059	5.e-002	4.4603
538	10.864	2.4117	0.	506.57
539	10.263	3.0125	0.	550.38
540	10.271	2.4128	5.e-002	7.31
541	12.033	2.4144	0.	424.05
542	11.446	3.012	0.	463.35
543	11.457	2.4106	5.e-002	6.0724
544	13.173	2.4251	0.	349.72
545	12.603	3.029	0.	384.89
546	12.608	2.4182	5.e-002	5.6358
547	14.303	2.4291	0.	282.95
548	13.739	3.0423	0.	314.19
549	13.738	2.4319	5.e-002	5.0798
550	15.439	2.4182	0.	223.16
551	14.872	3.0247	0.	250.89
552	14.868	2.4263	5.e-002	4.7018
553	16.585	2.3981	0.	170.23
554	16.009	3.0053	0.	194.51
555	16.01	2.4101	5.e-002	4.1037
556	17.728	2.3865	0.	124.87
557	17.158	2.9888	0.	145.37
558	17.161	2.3861	5.e-002	3.5076
559	18.863	2.3882	0.	87.267
560	18.293	2.9879	0.	103.89
561	18.295	2.387	5.e-002	2.9353
562	19.998	2.3912	0.	57.296
563	19.425	2.9854	0.	70.196
564	19.43	2.3895	5.e-002	2.3511
565	21.136	2.392	0.	35.052
566	20.561	2.9916	0.	44.087
567	20.566	2.3928	5.e-002	1.7752
568	21.706	2.995	0.	25.814
569	21.706	2.3912	5.e-002	1.2031
570	21.131	3.5946	0.	35.128
571	21.707	3.5987	5.e-002	1.2081
572	19.989	3.5858	0.	57.504
573	20.556	3.5904	5.e-002	1.7733
574	18.856	3.585	0.	87.432
575	19.421	3.5813	5.e-002	2.3695
576	17.723	3.5902	0.	125.03
577	18.292	3.5888	5.e-002	2.9021
578	16.582	3.596	0.	170.31
579	17.154	3.5915	5.e-002	3.4701
580	15.443	3.6118	0.	222.92
581	16.009	3.6005	5.e-002	4.0957
582	14.308	3.6379	0.	282.78
583	14.877	3.6231	5.e-002	4.6455
584	13.169	3.6463	0.	349.95
585	13.739	3.6527	5.e-002	5.169
586	12.017	3.6267	0.	424.72
587	12.599	3.6399	5.e-002	5.6582
588	10.846	3.6128	0.	507.56
589	11.436	3.6134	5.e-002	5.9862
590	9.6504	3.6064	0.	598.38
591	10.256	3.6122	5.e-002	7.9482
592	8.3988	3.5724	0.	703.08
593	9.0446	3.6005	5.e-002	7.0991
594	7.7529	3.5443	5.e-002	5.9741
595	5.2387	3.757	0.	1131.1
596	5.1243	4.1207	5.e-002	51.822
597	4.3355	4.0604	0.	1821.3
598	2.5513	1.1424	5.e-002	36.991
599	2.9657	1.0712	0.	1275.9
600	1.6236	2.4766	0.	1459.1
601	2.1759	2.4511	5.e-002	37.288
602	2.778	2.2256	0.	2565.2
603	1.0714	2.5021	5.e-002	20.486
604	0.53568	2.451	0.	1292.1
605	3.1579	3.6432	5.e-002	208.87
606	3.269	3.8216	0.	3951.2
607	3.9651	0.72445	0.	845.36
608	3.7575	1.1469	0.	1317.8
609	3.7777	0.97356	5.e-002	57.303
610	3.6622	0.98678	0.	777.56
611	5.353	3.3933	5.e-002	41.397
612	3.9366	2.6496	5.e-002	65.454
613	3.7416	2.3248	0.	2468.8
614	4.1352	1.5737	0.	1411.8
615	4.5331	1.8271	5.e-002	140.19
616	4.0399	1.9135	0.	2258.3
617	4.1524	0.47533	5.e-002	100.44
618	4.4177	0.23767	0.	633.84
619	3.8495	0.48767	0.	594.25
620	3.7373	1.3202	5.e-002	660.23
621	3.642	1.4101	0.	1639.1
622	2.3369	4.5797	5.e-002	77.75
623	2.8585	4.7898	0.	1178.5
624	1.8102	4.2206	0.1	1326.6
625	2.5158	4.3188	0.1	1501.7
626	2.239	4.8978	0.1	1191.4
627	2.8585	4.7898	0.1	1178.5
628	4.1352	1.5737	0.1	1411.8
629	3.7575	1.1469	0.1	1317.8
630	3.642	1.4101	0.1	1639.1
631	3.9651	0.72445	0.1	845.36
632	4.8576	0.63446	0.1	767.1
633	3.8495	0.48767	0.1	594.25
634	4.4177	0.23767	0.1	633.84
635	4.8395	2.1811	0.1	1207.6
636	4.8549	1.6138	0.1	1071.
637	4.0399	1.9135	0.1	2258.3
638	4.5412	2.5924	0.1	1450.7
639	4.1058	2.9609	0.1	1558.9
640	3.6119	2.7887	0.1	2000.8
641	3.7416	2.3248	0.1	2468.8
642	5.2387	3.757	0.1	1131.1
643	5.9546	3.43	0.1	1009.8
644	5.2494	2.9642	0.1	1198.5
645	4.814	3.3327	0.1	1310.5
646	4.4772	1.1871	0.1	908.05
647	3.6622	0.98678	0.1	777.56
648	2.9263	3.8505	0.1	2117.1
649	3.2225	3.2855	0.1	2366.2
650	3.269	3.8216	0.1	3951.2
651	1.6236	2.4766	0.1	1459.1
652	1.1284	1.8702	0.1	1429.1
653	1.1774	3.1818	0.1	1502.7
654	0.53568	2.451	0.1	1292.1
655	2.2419	2.8595	0.1	1513.3
656	2.2118	2.085	0.1	1353.9
657	2.778	2.2256	0.1	2565.2
658	2.3995	1.4306	0.1	1096.7
659	2.4112	0.93149	0.1	1048.6
660	2.9657	1.0712	0.1	1275.9
661	5.7787	4.4442	0.1	971.34
662	4.9118	4.4022	0.1	1098.2
663	4.3355	4.0604	0.1	1821.3
664	8.3988	3.5724	0.1	703.08
665	7.7684	2.9567	0.1	757.44
666	7.1545	3.5055	0.1	808.75
667	7.7995	4.157	0.1	758.76
668	9.6504	3.6064	0.1	598.38
669	9.0472	3.0032	0.1	644.75
670	9.0676	4.194	0.1	646.63
671	10.846	3.6128	0.1	507.56
672	10.263	3.0125	0.1	550.38
673	10.271	4.2111	0.1	551.51
674	12.017	3.6267	0.1	424.72
675	11.446	3.012	0.1	463.35
676	11.445	4.2146	0.1	464.23
677	13.169	3.6463	0.1	349.95
678	12.603	3.029	0.1	384.89
679	12.602	4.2317	0.1	385.42
680	14.308	3.6379	0.1	282.78
681	13.739	3.0423	0.1	314.19
682	13.743	4.2423	0.1	314.26
683	15.443	3.6118	0.1	222.92
684	14.872	3.0247	0.1	250.89
685	14.885	4.2246	0.1	250.36
686	16.582	3.596	0.1	170.31
687	16.009	3.0053	0.1	194.51
688	16.018	4.2004	0.1	193.95
689	17.723	3.5902	0.1	125.03
690	17.158	2.9888	0.1	145.37
691	17.159	4.1912	0.1	145.04
692	18.856	3.585	0.1	87.432
693	18.293	2.9879	0.1	103.89
694	18.294	4.189	0.1	103.56
695	19.989	3.5858	0.1	57.504
696	19.425	2.9854	0.1	70.196
697	19.428	4.1863	0.1	69.674
698	21.131	3.5946	0.1	35.128
699	20.561	2.9916	0.1	44.087
700	20.563	4.1924	0.1	43.304
701	21.706	2.995	0.1	25.814
702	21.71	4.198	0.1	24.613
703	22.277	3.5996	0.1	20.695
704	21.136	2.392	0.1	35.052
705	22.278	2.3926	0.1	20.675
706	21.713	1.792	0.1	24.539
707	19.998	2.3912	0.1	57.296
708	20.574	1.7922	0.1	43.112
709	18.863	2.3882	0.1	87.267
710	19.437	1.7921	0.1	69.421
711	17.728	2.3865	0.1	124.87
712	18.301	1.7902	0.1	103.34
713	16.585	2.3981	0.1	170.23
714	17.164	1.7906	0.1	144.89
715	15.439	2.4182	0.1	223.16
716	16.019	1.8058	0.1	194.07
717	14.303	2.4291	0.1	282.95
718	14.88	1.8188	0.1	250.57
719	13.173	2.4251	0.1	349.72
720	13.747	1.8246	0.1	313.97
721	12.033	2.4144	0.1	424.05
722	12.611	1.802	0.1	384.92
723	10.864	2.4117	0.1	506.57
724	11.465	1.8107	0.1	463.61
725	9.6603	2.4093	0.1	596.98
726	10.288	1.8125	0.1	550.52
727	8.4168	2.3875	0.1	699.06
728	9.0893	1.8077	0.1	644.99
729	7.0476	2.2588	0.1	818.69
730	7.8525	1.7812	0.1	750.59
731	6.4338	2.8076	0.1	869.87
732	6.5206	1.6554	0.1	868.64
733	5.7287	2.3418	0.1	1060.4
734	5.7441	1.7745	0.1	906.48
735	6.4946	4.1173	0.1	850.72
736	5.9698	5.0107	0.1	868.19
737	4.9725	5.3574	0.1	810.12
738	5.1029	4.9686	0.1	994.75
739	5.6629	5.6268	0.1	872.77
740	7.1396	4.7687	0.1	801.19
741	6.6943	5.3839	0.1	841.03
742	8.4684	4.7786	0.1	702.5
743	7.969	5.3848	0.1	747.56
744	9.6886	4.7987	0.1	600.09
745	9.1594	5.3938	0.1	648.24
746	10.871	4.8128	0.1	508.59
747	10.325	5.4049	0.1	552.04
748	12.03	4.8197	0.1	425.46
749	11.478	5.4079	0.1	465.08
750	13.176	4.8277	0.1	350.34
751	12.622	5.4118	0.1	386.
752	14.32	4.829	0.1	282.5
753	13.76	5.4159	0.1	314.33
754	15.46	4.8132	0.1	222.07
755	14.902	5.4131	0.1	249.98
756	16.595	4.7955	0.1	169.4
757	16.036	5.4001	0.1	193.36
758	17.73	4.79	0.1	124.29
759	17.173	5.3954	0.1	144.49
760	18.865	4.7903	0.1	86.493
761	18.307	5.3946	0.1	102.99
762	20.002	4.7929	0.1	56.108
763	19.445	5.3957	0.1	68.813
764	21.141	4.7958	0.1	33.288
765	20.58	5.3972	0.1	42.167
766	22.283	4.8027	0.1	17.98
767	21.72	5.3986	0.1	22.851
768	22.851	4.2043	0.1	13.906
769	22.859	5.4041	0.1	11.033
770	23.427	4.8041	0.1	10.226
771	22.849	2.9972	0.1	15.678
772	23.424	3.6002	0.1	14.036
773	22.855	1.7948	0.1	13.884
774	23.426	2.397	0.1	14.029
775	22.29	1.1942	0.1	17.907
776	23.43	1.1978	0.1	10.213
777	22.861	0.59778	0.1	11.001
778	21.151	1.1922	0.1	33.092
779	21.724	0.5964	0.1	22.787
780	20.013	1.1932	0.1	55.867
781	20.587	0.59583	0.1	42.018
782	18.875	1.1941	0.1	86.178
783	19.449	0.59737	0.1	68.644
784	17.737	1.1943	0.1	124.07
785	18.313	0.59674	0.1	102.77
786	16.598	1.1983	0.1	169.43
787	17.175	0.59753	0.1	144.48
788	15.461	1.2064	0.1	222.17
789	16.037	0.60074	0.1	193.6
790	14.324	1.2143	0.1	282.29
791	14.901	0.60562	0.1	250.16
792	13.186	1.2015	0.1	349.82
793	13.765	0.60865	0.1	314.
794	12.043	1.1983	0.1	425.05
795	12.626	0.59287	0.1	385.83
796	10.889	1.2116	0.1	508.04
797	11.486	0.60542	0.1	465.28
798	9.7169	1.2109	0.1	598.85
799	10.335	0.60615	0.1	552.22
800	8.525	1.2015	0.1	696.54
801	9.1784	0.60474	0.1	649.26
802	7.3254	1.1778	0.1	800.62
803	8.0066	0.59672	0.1	745.87
804	6.1462	0.9779	0.1	861.19
805	6.8426	0.5811	0.1	845.97
806	5.3697	1.0971	0.1	907.46
807	5.691	0.39679	0.1	865.91
808	1.1683	4.4061	0.1	1405.
809	1.5972	5.0833	0.1	1202.
810	0.52663	4.8754	0.1	1148.
811	1.09	5.4754	0.1	1333.9
812	1.7165	1.4786	0.1	1299.8
813	1.7283	0.9795	0.1	1212.2
814	0.59275	1.2192	0.1	1141.1
815	1.1561	0.61919	0.1	1297.2
816	1.7956	3.5648	0.1	1555.7
817	0.64171	3.7308	0.1	1216.4
818	4.3475	5.2548	0.1	755.84
819	3.9927	5.4806	0.1	551.7
820	4.5608	5.7306	0.1	705.8
821	2.5013	3.6629	0.1	1667.5
822	2.7975	3.0979	0.1	1991.3
823	4.4779	4.8659	0.1	916.79
824	3.9015	5.0241	0.1	983.25
825	4.123	4.5918	0.1	1201.2
826	3.0374	4.2789	0.1	1800.7
827	2.7606	5.358	0.1	906.23
828	2.1972	5.608	0.1	1061.
829	2.8138	1.6094	0.1	1686.4
830	2.8256	0.61031	0.1	879.05
831	2.2622	0.36031	0.1	1096.1
832	3.9579	3.3115	0.1	1755.4
833	3.464	3.1393	0.1	2197.4
834	3.5104	3.6754	0.1	3671.3
835	3.9108	3.6361	0.1	1974.6
836	3.3336	2.4639	0.1	3040.8
837	3.5467	5.25	0.1	874.29
838	3.5467	5.75	0.1	380.32
839	3.5467	5.5	5.e-002	67.394
840	3.5467	4.75	0.1	1432.2
841	3.5467	5.	5.e-002	331.03
842	3.5467	4.25	0.1	2067.7
843	3.5467	4.5	5.e-002	92.146
844	3.4633	4.	0.1	3720.7
845	3.5467	4.	5.e-002	112.39
846	3.38	4.25	0.1	3437.3
847	3.38	4.	5.e-002	1107.
848	3.38	4.75	0.1	1654.8
849	3.38	4.5	5.e-002	379.9
850	3.38	5.25	0.1	981.22
851	3.38	5.	5.e-002	120.77
852	3.38	5.75	0.1	659.25
853	3.38	5.5	5.e-002	80.476
854	3.5467	0.75	0.1	549.16
855	3.5467	0.25	0.1	522.66
856	3.5467	0.5	5.e-002	85.021
857	3.5467	1.25	0.1	1394.8
858	3.5467	1.	5.e-002	346.86
859	3.5467	1.75	0.1	2131.7
860	3.5467	1.5	5.e-002	1191.2
861	3.4633	2.	0.1	3244.3
862	3.5467	2.	5.e-002	288.64
863	3.38	1.75	0.1	2875.4
864	3.38	2.	5.e-002	51.922
865	3.38	1.25	0.1	1965.5
866	3.38	1.5	5.e-002	144.96
867	3.38	0.75	0.1	1162.
868	3.38	1.	5.e-002	254.45
869	3.38	0.25	0.1	576.88
870	3.38	0.5	5.e-002	61.017
871	4.1148	6.	0.1	534.27
872	3.5467	6.	5.e-002	49.691
873	5.2511	6.	0.1	756.56
874	4.683	6.	5.e-002	13.517
875	6.3874	6.	0.1	846.41
876	5.8193	6.	5.e-002	24.642
877	7.5237	6.	0.1	788.01
878	6.9556	6.	5.e-002	30.366
879	8.66	6.	0.1	693.41
880	8.0919	6.	5.e-002	9.2588
881	9.7963	6.	0.1	600.68
882	9.2281	6.	5.e-002	10.89
883	10.933	6.	0.1	509.15
884	10.364	6.	5.e-002	13.174
885	12.069	6.	0.1	426.22
886	11.501	6.	5.e-002	13.218
887	13.205	6.	0.1	350.58
888	12.637	6.	5.e-002	12.517
889	14.341	6.	0.1	282.44
890	13.773	6.	5.e-002	11.461
891	15.478	6.	0.1	221.91
892	14.91	6.	5.e-002	10.18
893	16.614	6.	0.1	169.1
894	16.046	6.	5.e-002	8.7387
895	17.75	6.	0.1	123.84
896	17.182	6.	5.e-002	7.4591
897	18.887	6.	0.1	85.957
898	18.319	6.	5.e-002	6.2771
899	20.023	6.	0.1	55.484
900	19.455	6.	5.e-002	5.0301
901	21.159	6.	0.1	32.289
902	20.591	6.	5.e-002	3.8261
903	22.296	6.	0.1	16.338
904	21.727	6.	5.e-002	2.4862
905	23.432	6.	0.1	7.2927
906	22.864	6.	5.e-002	1.375
907	24.	5.4	0.1	6.2798
908	24.	6.	5.e-002	0.29428
909	24.	4.2	0.1	10.341
910	24.	4.8	5.e-002	0.52325
911	24.	3.	0.1	12.406
912	24.	3.6	5.e-002	0.56253
913	24.	1.8	0.1	10.346
914	24.	2.4	5.e-002	0.56157
915	24.	0.6	0.1	6.2819
916	24.	1.2	5.e-002	0.52524
917	1.5735e-014	1.8	0.1	1038.5
918	5.2451e-015	0.6	0.1	866.31
919	1.0632e-014	1.2	5.e-002	58.283
920	2.6226e-014	3.	0.1	1046.2
921	2.1264e-014	2.4	5.e-002	58.967
922	3.6716e-014	4.2	0.1	997.68
923	3.1897e-014	3.6	5.e-002	7.4902
924	4.7206e-014	5.4	0.1	810.37
925	4.2529e-014	4.8	5.e-002	89.29
926	23.432	0.	0.1	7.2876
927	24.	0.	5.e-002	0.27558
928	22.296	0.	0.1	16.313
929	22.864	0.	5.e-002	1.3713
930	21.159	0.	0.1	32.261
931	21.727	0.	5.e-002	2.5176
932	20.023	0.	0.1	55.389
933	20.591	0.	5.e-002	3.8138
934	18.887	0.	0.1	85.855
935	19.455	0.	5.e-002	5.083
936	17.75	0.	0.1	123.83
937	18.319	0.	5.e-002	6.3305
938	16.614	0.	0.1	169.31
939	17.182	0.	5.e-002	7.6342
940	15.478	0.	0.1	222.25
941	16.046	0.	5.e-002	8.8225
942	14.341	0.	0.1	282.51
943	14.91	0.	5.e-002	9.8735
944	13.205	0.	0.1	350.68
945	13.773	0.	5.e-002	10.945
946	12.069	0.	0.1	426.67
947	12.637	0.	5.e-002	12.641
948	10.933	0.	0.1	510.01
949	11.501	0.	5.e-002	12.964
950	9.7963	0.	0.1	603.13
951	10.364	0.	5.e-002	13.935
952	8.66	0.	0.1	698.9
953	9.2281	0.	5.e-002	14.603
954	7.5237	0.	0.1	791.64
955	8.0919	0.	5.e-002	12.489
956	6.3874	0.	0.1	845.84
957	6.9556	0.	5.e-002	15.143
958	5.2511	0.	0.1	724.95
959	5.8193	0.	5.e-002	7.4771
960	4.1148	0.	0.1	533.72
961	4.683	0.	5.e-002	92.487
962	3.5467	0.	5.e-002	105.05
963	2.8167	7.5824e-031	0.1	782.38
964	3.38	9.0989e-031	5.e-002	148.55
965	1.69	4.5494e-031	0.1	1146.6
966	2.2533	0.	5.e-002	72.651
967	0.56333	1.5165e-031	0.1	1003.6
968	1.1267	0.	5.e-002	36.465
969	0.	0.	5.e-002	376.99
970	0.56333	6.	0.1	977.14
971	5.2451e-014	6.	5.e-002	350.57
972	1.69	6.	0.1	1168.8
973	1.1267	6.	5.e-002	34.768
974	2.8167	6.	0.1	808.52
975	2.2533	6.	5.e-002	46.347
976	3.38	6.	5.e-002	109.97
977	1.69	6.	0.	1168.8
978	2.8167	6.	0.	808.52
979	0.56333	6.	0.	977.14
980	3.38	5.75	0.	659.25
981	4.7206e-014	5.4	0.	810.37
982	1.69	4.5494e-031	0.	1146.6
983	0.56333	1.5165e-031	0.	1003.6
984	2.8167	7.5824e-031	0.	782.38
985	3.38	0.25	0.	576.88
986	5.2451e-015	0.6	0.	866.31
987	5.2511	0.	0.	724.95
988	4.1148	0.	0.	533.72
989	6.3874	0.	0.	845.84
990	7.5237	0.	0.	791.64
991	8.66	0.	0.	698.9
992	9.7963	0.	0.	603.13
993	10.933	0.	0.	510.01
994	12.069	0.	0.	426.67
995	13.205	0.	0.	350.68
996	14.341	0.	0.	282.51
997	15.478	0.	0.	222.25
998	16.614	0.	0.	169.31
999	17.75	0.	0.	123.83
1000	18.887	0.	0.	85.855
1001	20.023	0.	0.	55.389
1002	21.159	0.	0.	32.261
1003	22.296	0.	0.	16.313
1004	23.432	0.	0.	7.2876
1005	3.5467	0.25	0.	522.66
1006	24.	0.6	0.	6.2819
1007	3.6716e-014	4.2	0.	997.68
1008	2.6226e-014	3.	0.	1046.2
1009	1.5735e-014	1.8	0.	1038.5
1010	24.	1.8	0.	10.346
1011	24.	3.	0.	12.406
1012	24.	4.2	0.	10.341
1013	24.	5.4	0.	6.2798
1014	23.432	6.	0.	7.2927
1015	22.296	6.	0.	16.338
1016	21.159	6.	0.	32.289
1017	20.023	6.	0.	55.484
1018	18.887	6.	0.	85.957
1019	17.75	6.	0.	123.84
1020	16.614	6.	0.	169.1
1021	15.478	6.	0.	221.91
1022	14.341	6.	0.	282.44
1023	13.205	6.	0.	350.58
1024	12.069	6.	0.	426.22
1025	10.933	6.	0.	509.15
1026	9.7963	6.	0.	600.68
1027	8.66	6.	0.	693.41
1028	7.5237	6.	0.	788.01
1029	6.3874	6.	0.	846.41
1030	5.2511	6.	0.	756.56
1031	4.1148	6.	0.	534.27
1032	3.5467	5.75	0.	380.32
1033	3.38	1.25	0.	1965.5
1034	3.38	1.75	0.	2875.4
1035	3.38	0.75	0.	1162.
1036	3.4633	2.	0.	3244.3
1037	3.5467	0.75	0.	549.16
1038	3.5467	1.25	0.	1394.8
1039	3.5467	1.75	0.	2131.7
1040	3.38	4.75	0.	1654.8
1041	3.38	4.25	0.	3437.3
1042	3.38	5.25	0.	981.22
1043	3.4633	4.	0.	3720.7
1044	3.5467	5.25	0.	874.29
1045	3.5467	4.75	0.	1432.2
1046	3.5467	4.25	0.	2067.7
