Node Number	X Location (in)	Y Location (in)	Z Location (in)	Minimum Principal Stress (psi)
1	6.1562	3.3327	0.	-1172.9
2	7.1308	1.7474	0.	-959.76
3	4.3057	2.8373	0.	-1309.8
4	7.3354	3.392	0.	-1059.5
5	4.3515	0.65577	0.	-787.29
6	6.5477	0.48102	0.	-575.32
7	4.6139	4.6531	0.	-1055.3
8	6.7432	4.7164	0.	-862.67
9	6.3425	5.0633	0.	-578.87
10	3.8749	1.8454	0.	-1057.9
11	4.6754	5.4024	0.	-769.27
12	6.5277	5.4599	0.	-572.88
13	3.334	0.92336	0.	-1150.7
14	3.79	5.1672	0.	-1043.7
15	2.756	4.5615	0.	-1321.5
16	1.329	4.6882	0.	-1330.2
17	1.1598	1.1829	0.	-1329.4
18	2.3016	1.1047	0.	-1390.1
19	7.5289	0.70313	0.	-685.8
20	8.4351	1.1989	0.	-699.82
21	9.9233	1.1894	0.	-586.04
22	11.202	1.2004	0.	-484.36
23	12.408	1.2065	0.	-397.
24	13.602	1.1963	0.	-320.84
25	14.78	1.1866	0.	-253.15
26	15.944	1.1853	0.	-194.22
27	17.09	1.1864	0.	-143.7
28	18.242	1.1865	0.	-101.04
29	19.395	1.1943	0.	-66.002
30	20.543	1.1956	0.	-38.686
31	21.698	1.1933	0.	-18.967
32	22.848	1.1959	0.	-6.7334
33	1.35	3.5056	0.	-1382.4
34	1.262	2.3444	0.	-1398.5
35	22.842	2.3945	0.	-7.2984
36	22.842	3.6	0.	-7.3006
37	22.843	4.8064	0.	-6.7874
38	21.688	4.8071	0.	-19.081
39	20.539	4.7974	0.	-38.835
40	19.387	4.8002	0.	-66.257
41	18.239	4.7838	0.	-101.25
42	17.09	4.7504	0.	-143.78
43	15.939	4.7251	0.	-194.23
44	14.784	4.7727	0.	-252.72
45	13.619	4.7711	0.	-319.8
46	12.428	4.7688	0.	-395.76
47	11.206	4.766	0.	-483.65
48	9.9348	4.7658	0.	-587.02
49	8.4559	4.7479	0.	-700.29
50	7.5855	5.2611	0.	-705.88
51	2.7299	3.2755	0.	-1384.5
52	2.5679	2.1836	0.	-1396.9
53	8.6285	3.5159	0.	-717.62
54	8.6041	2.3548	0.	-712.04
55	9.8364	2.3399	0.	-587.66
56	11.108	2.3833	0.	-489.3
57	12.366	2.3837	0.	-399.19
58	13.579	2.3743	0.	-321.25
59	14.766	2.3737	0.	-252.94
60	15.937	2.3725	0.	-194.07
61	17.088	2.3732	0.	-143.44
62	18.237	2.3762	0.	-101.03
63	19.382	2.3904	0.	-66.285
64	20.53	2.3994	0.	-39.098
65	21.687	2.392	0.	-19.459
66	21.684	3.599	0.	-19.493
67	20.527	3.5977	0.	-39.191
68	19.377	3.591	0.	-66.387
69	18.236	3.5794	0.	-101.13
70	17.085	3.558	0.	-143.69
71	15.934	3.5508	0.	-194.09
72	14.761	3.5646	0.	-253.12
73	13.585	3.5641	0.	-320.93
74	12.369	3.5714	0.	-399.03
75	11.115	3.5668	0.	-488.59
76	9.8565	3.5694	0.	-585.69
77	7.1488	4.1471	0.	-976.5
78	4.5548	1.1299	0.	-736.3
79	4.8646	5.0289	0.	-560.49
80	4.0882	3.9389	0.	-1252.7
81	6.3081	0.89687	0.	-494.41
82	6.5905	1.2293	0.	-869.73
83	5.4611	2.6869	0.	-1638.9
84	5.1867	3.2009	0.	-1529.8
85	7.4678	2.4088	0.	-972.43
86	6.1653	2.4621	0.	-1083.4
87	6.1653	2.4621	0.1	-381.4
88	7.4678	2.4088	0.1	-11.015
89	5.1867	3.2009	0.1	-476.94
90	5.4611	2.6869	0.1	-412.8
91	6.5905	1.2293	0.1	-123.72
92	6.3081	0.89687	0.1	-141.8
93	4.0882	3.9389	0.1	-19.053
94	4.8646	5.0289	0.1	-238.98
95	4.5548	1.1299	0.1	-114.53
96	7.1488	4.1471	0.1	41.421
97	9.8565	3.5694	0.1	-2.6377
98	11.115	3.5668	0.1	1.891
99	12.369	3.5714	0.1	0.64192
100	13.585	3.5641	0.1	-3.0977
101	14.761	3.5646	0.1	-6.554
102	15.934	3.5508	0.1	-8.2522
103	17.085	3.558	0.1	-9.3617
104	18.236	3.5794	0.1	-9.9108
105	19.377	3.591	0.1	-10.31
106	20.527	3.5977	0.1	-10.463
107	21.684	3.599	0.1	-10.593
108	21.687	2.392	0.1	-10.583
109	20.53	2.3994	0.1	-10.495
110	19.382	2.3904	0.1	-10.287
111	18.237	2.3762	0.1	-9.9771
112	17.088	2.3732	0.1	-9.4334
113	15.937	2.3725	0.1	-8.3035
114	14.766	2.3737	0.1	-6.5313
115	13.579	2.3743	0.1	-3.2715
116	12.366	2.3837	0.1	0.26924
117	11.108	2.3833	0.1	2.0972
118	9.8364	2.3399	0.1	-2.9646
119	8.6041	2.3548	0.1	19.198
120	8.6285	3.5159	0.1	14.297
121	2.5679	2.1836	0.1	32.968
122	2.7299	3.2755	0.1	52.724
123	7.5855	5.2611	0.1	-2.4838
124	8.4559	4.7479	0.1	11.293
125	9.9348	4.7658	0.1	-6.674
126	11.206	4.766	0.1	3.7405
127	12.428	4.7688	0.1	-1.1773
128	13.619	4.7711	0.1	-3.8166
129	14.784	4.7727	0.1	-5.7486
130	15.939	4.7251	0.1	-7.2122
131	17.09	4.7504	0.1	-7.9174
132	18.239	4.7838	0.1	-8.2657
133	19.387	4.8002	0.1	-8.3702
134	20.539	4.7974	0.1	-8.451
135	21.688	4.8071	0.1	-8.1417
136	22.843	4.8064	0.1	-7.5763
137	22.842	3.6	0.1	-10.607
138	22.842	2.3945	0.1	-10.606
139	1.262	2.3444	0.1	-285.84
140	1.35	3.5056	0.1	-288.01
141	22.848	1.1959	0.1	-7.6
142	21.698	1.1933	0.1	-8.1809
143	20.543	1.1956	0.1	-8.4618
144	19.395	1.1943	0.1	-8.4707
145	18.242	1.1865	0.1	-8.2877
146	17.09	1.1864	0.1	-7.9063
147	15.944	1.1853	0.1	-7.0263
148	14.78	1.1866	0.1	-5.7253
149	13.602	1.1963	0.1	-3.5667
150	12.408	1.2065	0.1	-1.2552
151	11.202	1.2004	0.1	3.982
152	9.9233	1.1894	0.1	-8.4088
153	8.4351	1.1989	0.1	20.318
154	7.5289	0.70313	0.1	7.3168
155	2.3016	1.1047	0.1	49.406
156	1.1598	1.1829	0.1	-265.48
157	1.329	4.6882	0.1	-256.29
158	2.756	4.5615	0.1	41.637
159	3.79	5.1672	0.1	-18.756
160	3.334	0.92336	0.1	-70.578
161	6.5277	5.4599	0.1	-102.65
162	4.6754	5.4024	0.1	-159.09
163	3.8749	1.8454	0.1	-73.292
164	6.3425	5.0633	0.1	-86.663
165	6.7432	4.7164	0.1	-120.35
166	4.6139	4.6531	0.1	-207.91
167	6.5477	0.48102	0.1	-112.28
168	4.3515	0.65577	0.1	-64.549
169	7.3354	3.392	0.1	26.186
170	4.3057	2.8373	0.1	28.257
171	7.1308	1.7474	0.1	30.309
172	6.1562	3.3327	0.1	-287.63
173	5.6267	5.5	0.1	81.341
174	5.6267	5.	0.1	-348.13
175	5.6267	4.5	0.1	-415.01
176	5.6267	4.	0.1	293.8
177	5.46	4.	0.1	13.502
178	5.46	4.5	0.1	-762.86
179	5.46	5.	0.1	-308.17
180	5.46	5.5	0.1	88.222
181	5.6267	0.5	0.1	74.651
182	5.6267	1.	0.1	-249.33
183	5.6267	1.5	0.1	-575.55
184	5.6267	2.	0.1	261.06
185	5.46	2.	0.1	293.39
186	5.46	1.5	0.1	-28.226
187	5.46	1.	0.1	-298.37
188	5.46	0.5	0.1	103.3
189	5.6267	6.	0.1	38.872
190	6.775	6.	0.1	11.692
191	7.9233	6.	0.1	-38.587
192	9.0717	6.	0.1	-53.478
193	10.22	6.	0.1	-2.4748
194	11.368	6.	0.1	-6.1899
195	12.517	6.	0.1	-8.5393
196	13.665	6.	0.1	-8.8209
197	14.813	6.	0.1	-9.3071
198	15.962	6.	0.1	-9.9333
199	17.11	6.	0.1	-10.783
200	18.258	6.	0.1	-10.808
201	19.407	6.	0.1	-10.488
202	20.555	6.	0.1	-10.065
203	21.703	6.	0.1	-9.2974
204	22.852	6.	0.1	-7.5649
205	24.	6.	0.1	-5.0685
206	24.	4.8	0.1	-6.7335
207	24.	3.6	0.1	-10.024
208	24.	2.4	0.1	-10.033
209	24.	1.2	0.1	-6.7244
210	1.049e-014	1.2	0.1	962.82
211	2.0981e-014	2.4	0.1	1011.5
212	3.1471e-014	3.6	0.1	1021.7
213	4.1961e-014	4.8	0.1	975.73
214	24.	0.	0.1	-5.0739
215	22.852	0.	0.1	-7.5603
216	21.703	0.	0.1	-9.2013
217	20.555	0.	0.1	-10.094
218	19.407	0.	0.1	-10.32
219	18.258	0.	0.1	-10.507
220	17.11	0.	0.1	-10.364
221	15.962	0.	0.1	-9.6777
222	14.813	0.	0.1	-9.2093
223	13.665	0.	0.1	-9.5853
224	12.517	0.	0.1	-10.424
225	11.368	0.	0.1	-7.8505
226	10.22	0.	0.1	-2.5327
227	9.0717	0.	0.1	-59.91
228	7.9233	0.	0.1	-25.303
229	6.775	0.	0.1	10.738
230	5.6267	0.	0.1	24.716
231	5.46	0.	0.1	96.771
232	4.368	-3.1058e-030	0.1	-56.951
233	3.276	-2.3293e-030	0.1	-25.385
234	2.184	-1.5529e-030	0.1	45.561
235	1.092	-7.7644e-031	0.1	-186.15
236	0.	0.	0.1	586.07
237	3.937e-014	6.	0.1	640.81
238	1.092	6.	0.1	-196.31
239	2.184	6.	0.1	0.36386
240	3.276	6.	0.1	-13.91
241	4.368	6.	0.1	48.791
242	5.46	6.	0.1	41.694
243	4.368	6.	0.	-805.72
244	3.276	6.	0.	-1147.1
245	2.184	6.	0.	-1466.6
246	1.092	6.	0.	-1302.1
247	5.46	6.	0.	-548.86
248	3.937e-014	6.	0.	-1403.
249	1.092	-7.7644e-031	0.	-1337.7
250	2.184	-1.5529e-030	0.	-1463.
251	3.276	-2.3293e-030	0.	-1163.
252	4.368	-3.1058e-030	0.	-712.95
253	5.46	0.	0.	-533.19
254	0.	0.	0.	-1369.9
255	6.775	0.	0.	-547.12
256	7.9233	0.	0.	-643.93
257	9.0717	0.	0.	-620.81
258	10.22	0.	0.	-559.86
259	11.368	0.	0.	-475.6
260	12.517	0.	0.	-389.72
261	13.665	0.	0.	-316.85
262	14.813	0.	0.	-250.87
263	15.962	0.	0.	-192.52
264	17.11	0.	0.	-141.86
265	18.258	0.	0.	-99.196
266	19.407	0.	0.	-64.184
267	20.555	0.	0.	-36.788
268	21.703	0.	0.	-16.932
269	22.852	0.	0.	-4.3885
270	5.6267	0.	0.	-420.98
271	24.	0.	0.	0.2577
272	4.1961e-014	4.8	0.	-1982.5
273	3.1471e-014	3.6	0.	-2071.4
274	2.0981e-014	2.4	0.	-2048.8
275	1.049e-014	1.2	0.	-1956.8
276	24.	1.2	0.	-2.2432
277	24.	2.4	0.	-3.171
278	24.	3.6	0.	-3.1738
279	24.	4.8	0.	-2.2567
280	24.	6.	0.	0.25451
281	22.852	6.	0.	-4.3871
282	21.703	6.	0.	-16.872
283	20.555	6.	0.	-36.704
284	19.407	6.	0.	-64.257
285	18.258	6.	0.	-99.367
286	17.11	6.	0.	-141.99
287	15.962	6.	0.	-191.89
288	14.813	6.	0.	-250.89
289	13.665	6.	0.	-317.17
290	12.517	6.	0.	-390.77
291	11.368	6.	0.	-477.17
292	10.22	6.	0.	-561.9
293	9.0717	6.	0.	-624.25
294	7.9233	6.	0.	-649.84
295	6.775	6.	0.	-546.77
296	5.6267	6.	0.	-422.37
297	5.46	1.5	0.	-1464.5
298	5.46	1.	0.	-1368.4
299	5.46	0.5	0.	-763.5
300	5.46	2.	0.	-4011.8
301	5.6267	0.5	0.	-418.71
302	5.6267	1.	0.	-803.93
303	5.6267	1.5	0.	-989.92
304	5.6267	2.	0.	-2766.9
305	5.46	4.5	0.	-1291.1
306	5.46	5.	0.	-840.72
307	5.46	5.5	0.	-395.35
308	5.46	4.	0.	-3029.1
309	5.6267	5.5	0.	-454.95
310	5.6267	5.	0.	-957.39
311	5.6267	4.5	0.	-1024.4
312	5.6267	4.	0.	-2975.8
313	6.7458	3.3623	0.	-1115.9
314	5.6714	3.2668	0.	-1344.2
315	6.1608	2.8974	0.	-1108.8
316	6.1562	3.3327	5.e-002	-15.481
317	5.8914	3.6663	0.	-2039.5
318	7.783	1.4732	0.	-828.22
319	6.8607	1.4883	0.	-914.16
320	7.2993	2.0781	0.	-965.38
321	7.1308	1.7474	5.e-002	-35.448
322	6.3787	1.8737	0.	-1833.8
323	4.0903	2.3413	0.	-1182.2
324	3.5178	3.0564	0.	-1346.4
325	4.197	3.3881	0.	-1276.
326	4.7462	3.0191	0.	-1417.7
327	4.3057	2.8373	5.e-002	-35.629
328	4.8828	2.4186	0.	-2651.7
329	7.9819	3.4539	0.	-887.8
330	7.2421	3.7695	0.	-1017.5
331	7.4016	2.9004	0.	-1012.
332	7.3354	3.392	5.e-002	-20.76
333	3.8427	0.78956	0.	-967.88
334	4.4531	0.89284	0.	-761.61
335	4.3515	0.65577	5.e-002	-38.28
336	4.3597	0.32788	0.	-748.05
337	4.9057	0.57788	0.	-748.2
338	7.0383	0.59208	0.	-621.53
339	6.4279	0.68895	0.	-533.6
340	6.5477	0.48102	5.e-002	-29.239
341	6.6614	0.24051	0.	-558.02
342	6.0872	0.49051	0.	-490.37
343	4.2019	4.9102	0.	-1047.5
344	4.7392	4.841	0.	-790.56
345	4.351	4.296	0.	-1151.1
346	4.6139	4.6531	5.e-002	-105.68
347	5.0369	4.5766	0.	-1085.7
348	6.5428	4.8899	0.	-716.45
349	7.1644	4.9888	0.	-782.94
350	6.946	4.4317	0.	-918.85
351	6.7432	4.7164	5.e-002	-77.308
352	6.1849	4.6082	0.	-887.34
353	6.4351	5.2616	0.	-575.37
354	6.3425	5.0633	5.e-002	-4.1981
355	5.9846	5.0317	0.	-722.7
356	3.6044	1.3844	0.	-1104.2
357	3.2214	2.0145	0.	-1226.2
358	4.2148	1.4877	0.	-896.42
359	3.8749	1.8454	5.e-002	-43.412
360	4.6675	1.6727	0.	-1229.6
361	4.2327	5.2848	0.	-893.7
362	4.77	5.2157	0.	-661.08
363	4.6754	5.4024	5.e-002	-46.942
364	4.5217	5.7012	0.	-777.73
365	5.0677	5.4512	0.	-576.75
366	7.0566	5.3605	0.	-630.22
367	6.5277	5.4599	5.e-002	-32.421
368	6.6513	5.7299	0.	-556.21
369	6.0772	5.4799	0.	-502.54
370	2.8178	1.014	0.	-1270.3
371	3.334	0.92336	5.e-002	-15.908
372	3.305	0.46168	0.	-1156.5
373	3.273	4.8644	0.	-1182.3
374	3.79	5.1672	5.e-002	-31.855
375	3.533	5.5836	0.	-1094.6
376	2.0425	4.6248	0.	-1325.7
377	2.7429	3.9185	0.	-1351.8
378	3.4221	4.2502	0.	-1287.
379	2.756	4.5615	5.e-002	-17.306
380	2.47	5.2807	0.	-1392.8
381	1.3395	4.0969	0.	-1354.7
382	1.329	4.6882	5.e-002	-16.266
383	1.2105	5.3441	0.	-1310.6
384	0.66452	4.7441	0.	-1653.5
385	1.7307	1.1438	0.	-1359.7
386	1.2109	1.7637	0.	-1362.1
387	1.1598	1.1829	5.e-002	-16.95
388	1.1259	0.59147	0.	-1328.6
389	0.57992	1.1915	0.	-1639.
390	2.4348	1.6441	0.	-1392.6
391	2.3016	1.1047	5.e-002	-8.6861
392	2.2428	0.55234	0.	-1426.1
393	7.982	0.95103	0.	-692.37
394	7.0597	0.9662	0.	-776.31
395	7.5289	0.70313	5.e-002	-11.736
396	7.7261	0.35157	0.	-664.5
397	9.1792	1.1942	0.	-642.93
398	8.5196	1.7769	0.	-705.63
399	8.4351	1.1989	5.e-002	-5.0583
400	8.7534	0.59947	0.	-659.8
401	10.563	1.1949	0.	-535.18
402	9.8798	1.7647	0.	-586.77
403	9.9233	1.1894	5.e-002	-2.5866
404	10.072	0.59472	0.	-572.93
405	11.805	1.2035	0.	-440.67
406	11.155	1.7918	0.	-486.68
407	11.202	1.2004	5.e-002	-3.0193
408	11.285	0.60021	0.	-479.83
409	13.005	1.2014	0.	-358.9
410	12.387	1.7951	0.	-397.95
411	12.408	1.2065	5.e-002	-3.4757
412	12.462	0.60326	0.	-393.12
413	14.191	1.1915	0.	-286.98
414	13.591	1.7853	0.	-320.87
415	13.602	1.1963	5.e-002	-2.9751
416	13.634	0.59817	0.	-318.62
417	15.362	1.1859	0.	-223.67
418	14.773	1.7801	0.	-252.84
419	14.78	1.1866	5.e-002	-2.7029
420	14.797	0.5933	0.	-251.78
421	16.517	1.1858	0.	-168.95
422	15.94	1.7789	0.	-193.93
423	15.944	1.1853	5.e-002	-2.3553
424	15.953	0.59263	0.	-193.15
425	17.666	1.1864	0.	-122.36
426	17.089	1.7798	0.	-143.34
427	17.09	1.1864	5.e-002	-2.024
428	17.1	0.59318	0.	-142.55
429	18.819	1.1904	0.	-83.508
430	18.24	1.7814	0.	-100.81
431	18.242	1.1865	5.e-002	-1.6814
432	18.25	0.59326	0.	-99.888
433	19.969	1.195	0.	-52.329
434	19.389	1.7924	0.	-65.916
435	19.395	1.1943	5.e-002	-1.3549
436	19.401	0.59717	0.	-64.861
437	21.12	1.1945	0.	-28.815
438	20.536	1.7975	0.	-38.68
439	20.543	1.1956	5.e-002	-1.0228
440	20.549	0.5978	0.	-37.496
441	22.273	1.1946	0.	-12.849
442	21.693	1.7927	0.	-19.027
443	21.698	1.1933	5.e-002	-0.69694
444	21.701	0.59667	0.	-17.707
445	22.845	1.7952	0.	-6.9015
446	22.848	1.1959	5.e-002	-0.45728
447	22.85	0.59795	0.	-5.3384
448	23.424	1.198	0.	-4.4436
449	1.306	2.925	0.	-1389.4
450	2.0399	3.3905	0.	-1383.4
451	1.35	3.5056	5.e-002	-9.6318
452	0.67499	3.5528	0.	-1726.6
453	1.9149	2.264	0.	-1397.7
454	1.262	2.3444	5.e-002	-9.2192
455	0.63099	2.3722	0.	-1723.3
456	22.842	2.9973	0.	-7.2322
457	22.265	2.3933	0.	-13.376
458	22.842	2.3945	5.e-002	-0.43802
459	23.421	2.3973	0.	-5.2235
460	22.843	4.2032	0.	-6.9277
461	22.263	3.5995	0.	-13.394
462	22.842	3.6	5.e-002	-0.4349
463	23.421	3.6	0.	-5.2251
464	22.266	4.8068	0.	-12.933
465	22.843	4.8064	5.e-002	-0.45361
466	23.422	4.8032	0.	-4.4782
467	22.847	5.4032	0.	-5.3661
468	21.114	4.8023	0.	-28.948
469	21.686	4.2031	0.	-19.102
470	21.688	4.8071	5.e-002	-0.70526
471	21.696	5.4036	0.	-17.733
472	19.963	4.7988	0.	-52.529
473	20.533	4.1976	0.	-38.794
474	20.539	4.7974	5.e-002	-1.0455
475	20.547	5.3987	0.	-37.534
476	18.813	4.792	0.	-83.738
477	19.382	4.1956	0.	-66.096
478	19.387	4.8002	5.e-002	-1.3752
479	19.397	5.4001	0.	-65.011
480	17.665	4.7671	0.	-122.5
481	18.237	4.1816	0.	-100.96
482	18.239	4.7838	5.e-002	-1.6968
483	18.249	5.3919	0.	-100.06
484	16.515	4.7378	0.	-168.99
485	17.088	4.1542	0.	-143.51
486	17.09	4.7504	5.e-002	-2.0295
487	17.1	5.3752	0.	-142.64
488	15.361	4.7489	0.	-223.46
489	15.936	4.138	0.	-193.94
490	15.939	4.7251	5.e-002	-2.3779
491	15.95	5.3626	0.	-192.83
492	14.201	4.7719	0.	-286.25
493	14.772	4.1687	0.	-252.71
494	14.784	4.7727	5.e-002	-2.678
495	14.798	5.3863	0.	-251.55
496	13.024	4.7699	0.	-357.77
497	13.602	4.1676	0.	-320.18
498	13.619	4.7711	5.e-002	-2.9288
499	13.642	5.3855	0.	-318.25
500	11.817	4.7674	0.	-439.69
501	12.398	4.1701	0.	-397.23
502	12.428	4.7688	5.e-002	-3.4586
503	12.472	5.3844	0.	-393.03
504	10.571	4.7659	0.	-535.3
505	11.161	4.1664	0.	-486.
506	11.206	4.766	5.e-002	-3.002
507	11.287	5.383	0.	-480.23
508	9.1954	4.7569	0.	-643.65
509	9.8957	4.1676	0.	-586.31
510	9.9348	4.7658	5.e-002	-3.2442
511	10.077	5.3829	0.	-574.41
512	8.0207	5.0045	0.	-702.74
513	8.5422	4.1319	0.	-708.69
514	7.8023	4.4475	0.	-837.52
515	8.4559	4.7479	5.e-002	-9.0489
516	8.7638	5.374	0.	-661.82
517	7.5855	5.2611	5.e-002	-14.478
518	7.7544	5.6305	0.	-677.76
519	2.6489	2.7295	0.	-1389.7
520	2.7299	3.2755	5.e-002	-9.7304
521	2.5679	2.1836	5.e-002	-17.927
522	8.6163	2.9353	0.	-714.81
523	9.2425	3.5426	0.	-651.59
524	8.6285	3.5159	5.e-002	-14.387
525	9.2202	2.3473	0.	-649.78
526	8.036	2.3818	0.	-841.07
527	8.6041	2.3548	5.e-002	-14.948
528	10.472	2.3616	0.	-538.47
529	9.8464	2.9546	0.	-586.61
530	9.8364	2.3399	5.e-002	-1.7976
531	11.737	2.3835	0.	-444.24
532	11.112	2.975	0.	-488.86
533	11.108	2.3833	5.e-002	-3.951
534	12.973	2.379	0.	-360.22
535	12.367	2.9776	0.	-398.99
536	12.366	2.3837	5.e-002	-3.7991
537	14.173	2.374	0.	-287.09
538	13.582	2.9692	0.	-320.92
539	13.579	2.3743	5.e-002	-2.9893
540	15.352	2.3731	0.	-223.5
541	14.764	2.9692	0.	-252.84
542	14.766	2.3737	5.e-002	-2.6623
543	16.513	2.3729	0.	-168.75
544	15.936	2.9616	0.	-193.89
545	15.937	2.3725	5.e-002	-2.3841
546	17.663	2.3747	0.	-122.23
547	17.087	2.9656	0.	-143.36
548	17.088	2.3732	5.e-002	-2.0478
549	18.81	2.3833	0.	-83.657
550	18.237	2.9778	0.	-100.87
551	18.237	2.3762	5.e-002	-1.6771
552	19.956	2.3949	0.	-52.69
553	19.38	2.9907	0.	-66.133
554	19.382	2.3904	5.e-002	-1.363
555	21.109	2.3957	0.	-29.278
556	20.529	2.9986	0.	-38.968
557	20.53	2.3994	5.e-002	-1.0357
558	21.686	2.9955	0.	-19.343
559	21.687	2.392	5.e-002	-0.70199
560	21.106	3.5984	0.	-29.341
561	21.684	3.599	5.e-002	-0.7038
562	19.952	3.5944	0.	-52.788
563	20.527	3.5977	5.e-002	-1.0393
564	18.807	3.5852	0.	-83.754
565	19.377	3.591	5.e-002	-1.3529
566	17.661	3.5687	0.	-122.41
567	18.236	3.5794	5.e-002	-1.6455
568	16.51	3.5544	0.	-168.89
569	17.085	3.558	5.e-002	-2.0885
570	15.348	3.5577	0.	-223.61
571	15.934	3.5508	5.e-002	-2.4401
572	14.173	3.5644	0.	-287.02
573	14.761	3.5646	5.e-002	-2.6825
574	12.977	3.5678	0.	-359.98
575	13.585	3.5641	5.e-002	-2.9179
576	11.742	3.5691	0.	-443.81
577	12.369	3.5714	5.e-002	-3.6187
578	10.486	3.5681	0.	-537.14
579	11.115	3.5668	5.e-002	-3.9217
580	9.8565	3.5694	5.e-002	-2.9082
581	7.1488	4.1471	5.e-002	-39.112
582	6.3877	4.0735	0.	-1955.1
583	4.5548	1.1299	5.e-002	-25.297
584	5.0074	1.065	0.	-1001.3
585	4.8646	5.0289	5.e-002	-16.158
586	5.1623	5.0145	0.	-680.41
587	4.0882	3.9389	5.e-002	-51.285
588	4.7741	3.9694	0.	-2131.7
589	6.4493	1.0631	0.	-672.82
590	6.3081	0.89687	5.e-002	-3.9391
591	5.9674	0.94844	0.	-619.47
592	6.5905	1.2293	5.e-002	-77.271
593	6.1086	1.3646	0.	-846.53
594	5.3239	2.9439	0.	-1584.2
595	5.8132	2.5745	0.	-1355.3
596	5.4611	2.6869	5.e-002	-67.899
597	5.4606	2.3434	0.	-2797.4
598	5.1867	3.2009	5.e-002	-14.056
599	5.3233	3.6005	0.	-2254.7
600	6.8166	2.4354	0.	-1026.6
601	7.4678	2.4088	5.e-002	-24.162
602	6.1653	2.4621	5.e-002	-22.1
603	5.896	2.231	0.	-1884.3
604	6.8166	2.4354	0.1	-132.13
605	5.8132	2.5745	0.1	-385.67
606	6.1608	2.8974	0.1	-313.71
607	5.896	2.231	0.1	-19.889
608	8.036	2.3818	0.1	4.2747
609	7.4016	2.9004	0.1	7.7658
610	7.2993	2.0781	0.1	11.072
611	5.3239	2.9439	0.1	-440.69
612	4.7462	3.0191	0.1	-142.63
613	5.6714	3.2668	0.1	-374.42
614	5.3233	3.6005	0.1	-208.23
615	5.4606	2.3434	0.1	-32.631
616	6.4493	1.0631	0.1	-107.68
617	7.0597	0.9662	0.1	-44.593
618	6.8607	1.4883	0.1	-33.952
619	6.1086	1.3646	0.1	-234.99
620	6.4279	0.68895	0.1	-126.07
621	5.9674	0.94844	0.1	-167.15
622	3.4221	4.2502	0.1	17.534
623	4.351	4.296	0.1	-106.72
624	4.197	3.3881	0.1	21.716
625	4.7741	3.9694	0.1	45.516
626	4.77	5.2157	0.1	-195.19
627	4.7392	4.841	0.1	-179.67
628	5.1623	5.0145	0.1	-253.5
629	4.2148	1.4877	0.1	-80.533
630	4.4531	0.89284	0.1	-89.418
631	5.0074	1.065	0.1	-163.89
632	7.8023	4.4475	0.1	26.536
633	6.946	4.4317	0.1	-33.002
634	7.2421	3.7695	0.1	37.778
635	6.3877	4.0735	0.1	232.66
636	10.486	3.5681	0.1	-0.34105
637	9.8464	2.9546	0.1	-2.796
638	9.2425	3.5426	0.1	6.1344
639	9.8957	4.1676	0.1	-4.6413
640	11.742	3.5691	0.1	1.323
641	11.112	2.975	0.1	2.0388
642	11.161	4.1664	0.1	2.847
643	12.977	3.5678	0.1	-0.49702
644	12.367	2.9776	0.1	0.53418
645	12.398	4.1701	0.1	0.15158
646	14.173	3.5644	0.1	-4.8232
647	13.582	2.9692	0.1	-3.0092
648	13.602	4.1676	0.1	-3.2701
649	15.348	3.5577	0.1	-7.4027
650	14.764	2.9692	0.1	-6.3485
651	14.772	4.1687	0.1	-5.9426
652	16.51	3.5544	0.1	-8.8053
653	15.936	2.9616	0.1	-8.0784
654	15.936	4.138	0.1	-7.5077
655	17.661	3.5687	0.1	-9.6344
656	17.087	2.9656	0.1	-9.1845
657	17.088	4.1542	0.1	-8.4147
658	18.807	3.5852	0.1	-10.108
659	18.237	2.9778	0.1	-9.731
660	18.237	4.1816	0.1	-8.8564
661	19.952	3.5944	0.1	-10.385
662	19.38	2.9907	0.1	-10.093
663	19.382	4.1956	0.1	-9.1104
664	21.106	3.5984	0.1	-10.527
665	20.529	2.9986	0.1	-10.299
666	20.533	4.1976	0.1	-9.2355
667	21.686	2.9955	0.1	-10.452
668	21.686	4.2031	0.1	-9.1797
669	22.263	3.5995	0.1	-10.6
670	21.109	2.3957	0.1	-10.538
671	22.265	2.3933	0.1	-10.594
672	21.693	1.7927	0.1	-9.1932
673	19.956	2.3949	0.1	-10.39
674	20.536	1.7975	0.1	-9.2636
675	18.81	2.3833	0.1	-10.131
676	19.389	1.7924	0.1	-9.1493
677	17.663	2.3747	0.1	-9.7041
678	18.24	1.7814	0.1	-8.8989
679	16.513	2.3729	0.1	-8.8671
680	17.089	1.7798	0.1	-8.4434
681	15.352	2.3731	0.1	-7.4158
682	15.94	1.7789	0.1	-7.447
683	14.173	2.374	0.1	-4.8984
684	14.773	1.7801	0.1	-5.9191
685	12.973	2.379	0.1	-0.62229
686	13.591	1.7853	0.1	-3.2379
687	11.737	2.3835	0.1	1.2425
688	12.387	1.7951	0.1	-8.1989e-002
689	10.472	2.3616	0.1	-0.41423
690	11.155	1.7918	0.1	3.2299
691	9.2202	2.3473	0.1	8.4862
692	9.8798	1.7647	0.1	-5.6718
693	8.6163	2.9353	0.1	18.288
694	8.5196	1.7769	0.1	20.37
695	8.5422	4.1319	0.1	13.221
696	7.9819	3.4539	0.1	20.863
697	2.6489	2.7295	0.1	43.024
698	1.9149	2.264	0.1	-126.32
699	2.4348	1.6441	0.1	41.191
700	3.2214	2.0145	0.1	3.945
701	2.0399	3.3905	0.1	-117.64
702	2.7429	3.9185	0.1	47.438
703	3.5178	3.0564	0.1	42.913
704	8.0207	5.0045	0.1	8.9034
705	7.0566	5.3605	0.1	-35.105
706	7.1644	4.9888	0.1	-47.836
707	7.7544	5.6305	0.1	-17.296
708	9.1954	4.7569	0.1	3.5191
709	8.7638	5.374	0.1	-8.1621
710	10.571	4.7659	0.1	-1.3579
711	10.077	5.3829	0.1	-4.5702
712	11.817	4.7674	0.1	2.0432
713	11.287	5.383	0.1	0.21378
714	13.024	4.7699	0.1	-2.4336
715	12.472	5.3844	0.1	-4.5893
716	14.201	4.7719	0.1	-4.7705
717	13.642	5.3855	0.1	-6.0828
718	15.361	4.7489	0.1	-6.4708
719	14.798	5.3863	0.1	-7.2704
720	16.515	4.7378	0.1	-7.5534
721	15.95	5.3626	0.1	-8.3424
722	17.665	4.7671	0.1	-8.0757
723	17.1	5.3752	0.1	-9.1024
724	18.813	4.792	0.1	-8.3012
725	18.249	5.3919	0.1	-9.2831
726	19.963	4.7988	0.1	-8.3942
727	19.397	5.4001	0.1	-9.182
728	21.114	4.8023	0.1	-8.2863
729	20.547	5.3987	0.1	-9.0214
730	22.266	4.8068	0.1	-7.8588
731	21.696	5.4036	0.1	-8.4741
732	22.843	4.2032	0.1	-8.9727
733	22.847	5.4032	0.1	-7.3476
734	23.422	4.8032	0.1	-7.1181
735	22.842	2.9973	0.1	-10.536
736	23.421	3.6	0.1	-10.312
737	22.845	1.7952	0.1	-8.9855
738	23.421	2.3973	0.1	-10.316
739	1.306	2.925	0.1	-286.92
740	1.2109	1.7637	0.1	-275.6
741	0.63099	2.3722	0.1	362.91
742	1.3395	4.0969	0.1	-272.08
743	0.67499	3.5528	0.1	367.17
744	22.273	1.1946	0.1	-7.8903
745	23.424	1.198	0.1	-7.1239
746	22.85	0.59795	0.1	-7.3552
747	21.12	1.1945	0.1	-8.3103
748	21.701	0.59667	0.1	-8.447
749	19.969	1.195	0.1	-8.452
750	20.549	0.5978	0.1	-9.0343
751	18.819	1.1904	0.1	-8.3651
752	19.401	0.59717	0.1	-9.1607
753	17.666	1.1864	0.1	-8.0835
754	18.25	0.59326	0.1	-9.164
755	16.517	1.1858	0.1	-7.454
756	17.1	0.59318	0.1	-8.9095
757	15.362	1.1859	0.1	-6.3635
758	15.953	0.59263	0.1	-8.1308
759	14.191	1.1915	0.1	-4.6311
760	14.797	0.5933	0.1	-7.2447
761	13.005	1.2014	0.1	-2.3446
762	13.634	0.59817	0.1	-6.3497
763	11.805	1.2035	0.1	2.0601
764	12.462	0.60326	0.1	-5.5419
765	10.563	1.1949	0.1	-1.917
766	11.285	0.60021	0.1	-1.0893
767	9.1792	1.1942	0.1	7.2629
768	10.072	0.59472	0.1	-5.3769
769	7.982	0.95103	0.1	15.056
770	7.783	1.4732	0.1	25.842
771	8.7534	0.59947	0.1	-14.553
772	7.0383	0.59208	0.1	-16.885
773	7.7261	0.35157	0.1	-0.14676
774	1.7307	1.1438	0.1	-108.03
775	2.8178	1.014	0.1	-9.7894
776	2.2428	0.55234	0.1	48.492
777	0.57992	1.1915	0.1	349.7
778	1.1259	0.59147	0.1	-225.49
779	2.0425	4.6248	0.1	-107.14
780	0.66452	4.7441	0.1	361.45
781	1.2105	5.3441	0.1	-226.19
782	3.273	4.8644	0.1	11.955
783	2.47	5.2807	0.1	38.693
784	4.2327	5.2848	0.1	-59.697
785	4.2019	4.9102	0.1	-106.5
786	3.533	5.5836	0.1	-8.5578
787	3.6044	1.3844	0.1	-59.756
788	3.8427	0.78956	0.1	-54.228
789	3.305	0.46168	0.1	-47.032
790	6.4351	5.2616	0.1	-94.348
791	6.0772	5.4799	0.1	34.523
792	6.6513	5.7299	0.1	-41.175
793	5.0677	5.4512	0.1	18.204
794	4.5217	5.7012	0.1	-29.793
795	4.0903	2.3413	0.1	-6.0499
796	4.6675	1.6727	0.1	-28.315
797	6.5428	4.8899	0.1	-84.447
798	5.9846	5.0317	0.1	-177.19
799	6.1849	4.6082	0.1	-183.75
800	5.0369	4.5766	0.1	-354.44
801	6.0872	0.49051	0.1	25.741
802	6.6614	0.24051	0.1	-46.533
803	4.9057	0.57788	0.1	59.744
804	4.3597	0.32788	0.1	-58.052
805	6.7458	3.3623	0.1	-73.284
806	4.8828	2.4186	0.1	235.72
807	6.3787	1.8737	0.1	219.33
808	5.8914	3.6663	0.1	37.747
809	5.6267	5.25	0.1	-88.375
810	5.6267	5.75	0.1	62.225
811	5.6267	5.5	5.e-002	-29.419
812	5.6267	4.75	0.1	-361.04
813	5.6267	5.	5.e-002	-154.31
814	5.6267	4.25	0.1	-30.849
815	5.6267	4.5	5.e-002	-49.872
816	5.5433	4.	0.1	385.14
817	5.6267	4.	5.e-002	-96.597
818	5.46	4.25	0.1	-258.67
819	5.46	4.	5.e-002	-132.63
820	5.46	4.75	0.1	-528.81
821	5.46	4.5	5.e-002	-128.22
822	5.46	5.25	0.1	-62.549
823	5.46	5.	5.e-002	-154.73
824	5.46	5.75	0.1	66.686
825	5.46	5.5	5.e-002	-22.162
826	5.6267	0.75	0.1	-40.538
827	5.6267	0.25	0.1	51.479
828	5.6267	0.5	5.e-002	-25.093
829	5.6267	1.25	0.1	-404.8
830	5.6267	1.	5.e-002	-130.37
831	5.6267	1.75	0.1	-120.27
832	5.6267	1.5	5.e-002	-79.556
833	5.5433	2.	0.1	468.94
834	5.6267	2.	5.e-002	-35.461
835	5.46	1.75	0.1	207.67
836	5.46	2.	5.e-002	-153.88
837	5.46	1.25	0.1	-116.54
838	5.46	1.5	5.e-002	-80.275
839	5.46	0.75	0.1	-69.862
840	5.46	1.	5.e-002	-157.57
841	5.46	0.25	0.1	106.45
842	5.46	0.5	5.e-002	-66.22
843	6.2008	6.	0.1	26.519
844	5.6267	6.	5.e-002	-24.377
845	7.3492	6.	0.1	-12.086
846	6.775	6.	5.e-002	-4.7299
847	8.4975	6.	0.1	-45.343
848	7.9233	6.	5.e-002	-13.793
849	9.6458	6.	0.1	-24.637
850	9.0717	6.	5.e-002	-16.887
851	10.794	6.	0.1	-1.0854
852	10.22	6.	5.e-002	-4.0575
853	11.943	6.	0.1	-7.3089
854	11.368	6.	5.e-002	-5.654
855	13.091	6.	0.1	-8.6487
856	12.517	6.	5.e-002	-6.5414
857	14.239	6.	0.1	-9.0303
858	13.665	6.	5.e-002	-6.2547
859	15.387	6.	0.1	-9.6015
860	14.813	6.	5.e-002	-5.8155
861	16.536	6.	0.1	-10.32
862	15.962	6.	5.e-002	-4.7189
863	17.684	6.	0.1	-10.75
864	17.11	6.	5.e-002	-4.1813
865	18.833	6.	0.1	-10.601
866	18.258	6.	5.e-002	-3.7369
867	19.981	6.	0.1	-10.224
868	19.407	6.	5.e-002	-3.0264
869	21.129	6.	0.1	-9.6216
870	20.555	6.	5.e-002	-2.2175
871	22.278	6.	0.1	-8.4072
872	21.703	6.	5.e-002	-1.4609
873	23.426	6.	0.1	-6.2877
874	22.852	6.	5.e-002	-0.79896
875	24.	5.4	0.1	-5.81
876	24.	6.	5.e-002	-0.16225
877	24.	4.2	0.1	-8.3583
878	24.	4.8	5.e-002	-0.30613
879	24.	3.	0.1	-10.014
880	24.	3.6	5.e-002	-0.33424
881	24.	1.8	0.1	-8.3602
882	24.	2.4	5.e-002	-0.32563
883	24.	0.6	0.1	-5.7999
884	24.	1.2	5.e-002	-0.30253
885	1.5735e-014	1.8	0.1	988.11
886	5.2451e-015	0.6	0.1	797.35
887	1.0632e-014	1.2	5.e-002	-38.281
888	2.6226e-014	3.	0.1	1016.8
889	2.1264e-014	2.4	5.e-002	-11.478
890	3.6716e-014	4.2	0.1	1000.1
891	3.1897e-014	3.6	5.e-002	-8.8154
892	4.7206e-014	5.4	0.1	820.7
893	4.2529e-014	4.8	5.e-002	-21.807
894	23.426	0.	0.1	-6.2905
895	24.	0.	5.e-002	-0.1628
896	22.278	0.	0.1	-8.357
897	22.852	0.	5.e-002	-0.79958
898	21.129	0.	0.1	-9.5885
899	21.703	0.	5.e-002	-1.4618
900	19.981	0.	0.1	-10.15
901	20.555	0.	5.e-002	-2.2065
902	18.833	0.	0.1	-10.369
903	19.407	0.	5.e-002	-2.9448
904	17.684	0.	0.1	-10.395
905	18.258	0.	5.e-002	-3.7064
906	16.536	0.	0.1	-9.9876
907	17.11	0.	5.e-002	-4.4222
908	15.387	0.	0.1	-9.4158
909	15.962	0.	5.e-002	-5.1269
910	14.239	0.	0.1	-9.3688
911	14.813	0.	5.e-002	-5.8532
912	13.091	0.	0.1	-9.9761
913	13.665	0.	5.e-002	-6.3118
914	11.943	0.	0.1	-9.0825
915	12.517	0.	5.e-002	-6.3259
916	10.794	0.	0.1	-1.1803
917	11.368	0.	5.e-002	-5.4104
918	9.6458	0.	0.1	-26.475
919	10.22	0.	5.e-002	-4.6773
920	8.4975	0.	0.1	-41.993
921	9.0717	0.	5.e-002	-19.219
922	7.3492	0.	0.1	-5.1449
923	7.9233	0.	5.e-002	-9.1836
924	6.2008	0.	0.1	29.824
925	6.775	0.	5.e-002	-10.092
926	5.6267	0.	5.e-002	-26.915
927	4.914	-3.494e-030	0.1	39.811
928	5.46	-3.8822e-030	5.e-002	-35.471
929	3.822	-2.7175e-030	0.1	-39.812
930	4.368	0.	5.e-002	-15.27
931	2.73	-1.9411e-030	0.1	10.905
932	3.276	0.	5.e-002	-13.703
933	1.638	-1.1647e-030	0.1	-68.753
934	2.184	0.	5.e-002	-16.205
935	0.546	-3.8822e-031	0.1	219.84
936	1.092	0.	5.e-002	-26.366
937	0.	0.	5.e-002	-204.7
938	0.546	6.	0.1	233.73
939	5.2451e-014	6.	5.e-002	-157.89
940	1.638	6.	0.1	-80.727
941	1.092	6.	5.e-002	-21.958
942	2.73	6.	0.1	-2.9067
943	2.184	6.	5.e-002	-18.613
944	3.822	6.	0.1	21.303
945	3.276	6.	5.e-002	-20.192
946	4.914	6.	0.1	47.179
947	4.368	6.	5.e-002	-15.344
948	5.46	6.	5.e-002	-38.881
949	3.822	6.	0.	-975.53
950	4.914	6.	0.	-677.1
951	2.73	6.	0.	-1304.3
952	1.638	6.	0.	-1381.1
953	0.546	6.	0.	-1335.8
954	5.46	5.75	0.	-457.67
955	4.7206e-014	5.4	0.	-1679.9
956	1.638	-1.1647e-030	0.	-1396.4
957	0.546	-3.8822e-031	0.	-1330.1
958	2.73	-1.9411e-030	0.	-1312.6
959	3.822	-2.7175e-030	0.	-937.72
960	4.914	-3.494e-030	0.	-619.47
961	5.46	0.25	0.	-636.34
962	5.2451e-015	0.6	0.	-1640.5
963	7.3492	0.	0.	-592.8
964	6.2008	0.	0.	-483.82
965	8.4975	0.	0.	-631.99
966	9.6458	0.	0.	-590.04
967	10.794	0.	0.	-517.55
968	11.943	0.	0.	-432.61
969	13.091	0.	0.	-353.26
970	14.239	0.	0.	-283.83
971	15.387	0.	0.	-221.67
972	16.536	0.	0.	-167.16
973	17.684	0.	0.	-120.49
974	18.833	0.	0.	-81.645
975	19.981	0.	0.	-50.428
976	21.129	0.	0.	-26.8
977	22.278	0.	0.	-10.632
978	23.426	0.	0.	-1.8686
979	5.6267	0.25	0.	-408.66
980	24.	0.6	0.	-0.7396
981	3.6716e-014	4.2	0.	-2026.7
982	2.6226e-014	3.	0.	-2060.1
983	1.5735e-014	1.8	0.	-2002.2
984	24.	1.8	0.	-2.6902
985	24.	3.	0.	-3.1597
986	24.	4.2	0.	-2.6966
987	24.	5.4	0.	-0.74025
988	23.426	6.	0.	-1.8501
989	22.278	6.	0.	-10.601
990	21.129	6.	0.	-26.727
991	19.981	6.	0.	-50.428
992	18.833	6.	0.	-81.765
993	17.684	6.	0.	-120.63
994	16.536	6.	0.	-166.9
995	15.387	6.	0.	-221.37
996	14.239	6.	0.	-284.
997	13.091	6.	0.	-353.94
998	11.943	6.	0.	-433.92
999	10.794	6.	0.	-519.37
1000	9.6458	6.	0.	-592.87
1001	8.4975	6.	0.	-636.91
1002	7.3492	6.	0.	-596.85
1003	6.2008	6.	0.	-484.32
1004	5.6267	5.75	0.	-423.97
1005	5.46	1.25	0.	-1403.3
1006	5.46	1.75	0.	-2705.5
1007	5.46	0.75	0.	-1065.8
1008	5.5433	2.	0.	-3113.4
1009	5.6267	0.75	0.	-607.82
1010	5.6267	1.25	0.	-895.32
1011	5.6267	1.75	0.	-1842.
1012	5.46	4.75	0.	-1063.7
1013	5.46	4.25	0.	-2043.6
1014	5.46	5.25	0.	-615.56
1015	5.5433	4.	0.	-2750.8
1016	5.6267	5.25	0.	-704.63
1017	5.6267	4.75	0.	-982.52
1018	5.6267	4.25	0.	-1970.3
