Node Number	X Location (in)	Y Location (in)	Z Location (in)	Minimum Principal Elastic Strain (in/in)
1	2.7648	3.4211	0.	-2.5619e-004
2	3.6762	3.0891	0.	-1.8769e-004
3	1.8663	0.91627	0.	-1.1315e-004
4	1.9359	2.6559	0.	-1.4848e-004
5	4.0536	0.67026	0.	-8.1261e-005
6	2.0404	5.0826	0.	-1.2362e-004
7	4.3234	4.7216	0.	-1.1176e-004
8	3.8546	5.0641	0.	-7.0555e-005
9	4.0553	5.4588	0.	-7.4969e-005
10	0.96343	3.3649	0.	-1.4979e-004
11	0.91136	1.0587	0.	-1.2947e-004
12	1.1359	4.5726	0.	-1.2789e-004
13	5.0421	1.0985	0.	-8.8877e-005
14	6.3924	1.1711	0.	-8.8697e-005
15	7.6386	1.1939	0.	-7.7397e-005
16	8.8436	1.2024	0.	-6.6921e-005
17	10.04	1.1992	0.	-5.7231e-005
18	11.232	1.1863	0.	-4.814e-005
19	12.405	1.1825	0.	-3.9897e-005
20	13.561	1.1805	0.	-3.2501e-005
21	14.723	1.1803	0.	-2.5841e-005
22	15.878	1.1818	0.	-1.9972e-005
23	17.038	1.1838	0.	-1.4869e-005
24	18.194	1.1867	0.	-1.0543e-005
25	19.354	1.188	0.	-6.9907e-006
26	20.51	1.1876	0.	-4.2108e-006
27	21.675	1.1975	0.	-2.1815e-006
28	22.839	1.1962	0.	-9.1747e-007
29	22.835	2.395	0.	-1.0494e-006
30	22.824	3.5945	0.	-1.0583e-006
31	22.835	4.805	0.	-9.169e-007
32	21.673	4.7983	0.	-2.189e-006
33	20.511	4.801	0.	-4.2121e-006
34	19.351	4.7869	0.	-7.0015e-006
35	18.192	4.7559	0.	-1.0554e-005
36	17.033	4.731	0.	-1.4888e-005
37	15.877	4.7169	0.	-1.9986e-005
38	14.719	4.7128	0.	-2.5848e-005
39	13.564	4.7109	0.	-3.2484e-005
40	12.397	4.7409	0.	-3.994e-005
41	11.218	4.7674	0.	-4.8283e-005
42	10.006	4.773	0.	-5.76e-005
43	8.7879	4.7721	0.	-6.8049e-005
44	7.4968	4.7587	0.	-7.9675e-005
45	6.0813	4.7925	0.	-8.9866e-005
46	5.0557	5.2698	0.	-1.0115e-004
47	5.1052	2.3726	0.	-1.054e-004
48	6.0737	3.5316	0.	-9.1078e-005
49	6.2868	2.3226	0.	-8.9531e-005
50	7.5181	2.3817	0.	-7.7775e-005
51	8.759	2.3871	0.	-6.6932e-005
52	10.	2.381	0.	-5.7141e-005
53	11.202	2.3707	0.	-4.8136e-005
54	12.383	2.3678	0.	-3.9923e-005
55	13.561	2.3659	0.	-3.2444e-005
56	14.721	2.3659	0.	-2.5812e-005
57	15.877	2.3684	0.	-1.9965e-005
58	17.036	2.3707	0.	-1.4881e-005
59	18.193	2.374	0.	-1.0567e-005
60	19.35	2.378	0.	-7.039e-006
61	20.507	2.3918	0.	-4.2769e-006
62	21.667	2.4018	0.	-2.2894e-006
63	21.666	3.6003	0.	-2.2921e-006
64	20.504	3.593	0.	-4.2835e-006
65	19.35	3.5818	0.	-7.0406e-006
66	18.188	3.5609	0.	-1.0588e-005
67	17.031	3.5513	0.	-1.4899e-005
68	15.875	3.544	0.	-1.9979e-005
69	14.717	3.5385	0.	-2.5827e-005
70	13.562	3.5374	0.	-3.2449e-005
71	12.387	3.5456	0.	-3.9879e-005
72	11.193	3.5619	0.	-4.8218e-005
73	9.9759	3.575	0.	-5.7419e-005
74	8.7243	3.5782	0.	-6.7697e-005
75	7.4263	3.5794	0.	-7.9136e-005
76	4.7723	4.2067	0.	-1.2479e-004
77	1.8714	1.7367	0.	-1.2767e-004
78	2.0827	3.4878	0.	-1.5079e-004
79	0.91057	2.1748	0.	-1.445e-004
80	2.3481	4.1947	0.	-1.5871e-004
81	3.3044	2.9082	0.	-2.1485e-004
82	3.7014	3.4372	0.	-1.1255e-004
83	4.2403	3.4503	0.	-1.4244e-004
84	3.8242	1.0461	0.	-6.4471e-005
85	4.1134	1.5342	0.	-1.0898e-004
86	4.0821	2.1682	0.	-1.3146e-004
87	5.0751	3.4639	0.	-1.0998e-004
88	4.2157	3.0343	0.	-1.4086e-004
89	2.8333	3.9719	0.	-4.0583e-004
90	2.7475	4.2167	0.	-2.0809e-004
91	2.7475	4.2167	0.1	-1.7259e-004
92	2.8333	3.9719	0.1	-1.6909e-004
93	4.2157	3.0343	0.1	-5.1663e-005
94	5.0751	3.4639	0.1	-4.5258e-005
95	4.0821	2.1682	0.1	-5.1285e-005
96	4.1134	1.5342	0.1	-5.5475e-005
97	3.8242	1.0461	0.1	-3.3102e-005
98	4.2403	3.4503	0.1	-5.9878e-005
99	3.7014	3.4372	0.1	-6.5384e-005
100	3.3044	2.9082	0.1	-8.4455e-005
101	2.3481	4.1947	0.1	-5.7809e-005
102	0.91057	2.1748	0.1	-9.1939e-005
103	2.0827	3.4878	0.1	-5.481e-005
104	1.8714	1.7367	0.1	-4.9097e-005
105	4.7723	4.2067	0.1	-5.0148e-005
106	7.4263	3.5794	0.1	-2.8846e-005
107	8.7243	3.5782	0.1	-2.3198e-005
108	9.9759	3.575	0.1	-1.9315e-005
109	11.193	3.5619	0.1	-1.589e-005
110	12.387	3.5456	0.1	-1.3581e-005
111	13.562	3.5374	0.1	-1.1374e-005
112	14.717	3.5385	0.1	-9.3409e-006
113	15.875	3.544	0.1	-7.4957e-006
114	17.031	3.5513	0.1	-5.8688e-006
115	18.188	3.5609	0.1	-4.4737e-006
116	19.35	3.5818	0.1	-3.3165e-006
117	20.504	3.593	0.1	-2.4215e-006
118	21.666	3.6003	0.1	-1.7612e-006
119	21.667	2.4018	0.1	-1.7661e-006
120	20.507	2.3918	0.1	-2.415e-006
121	19.35	2.378	0.1	-3.3174e-006
122	18.193	2.374	0.1	-4.4713e-006
123	17.036	2.3707	0.1	-5.8672e-006
124	15.877	2.3684	0.1	-7.4946e-006
125	14.721	2.3659	0.1	-9.3401e-006
126	13.561	2.3659	0.1	-1.1361e-005
127	12.383	2.3678	0.1	-1.3587e-005
128	11.202	2.3707	0.1	-1.5923e-005
129	10.	2.381	0.1	-1.9126e-005
130	8.759	2.3871	0.1	-2.2855e-005
131	7.5181	2.3817	0.1	-2.8211e-005
132	6.2868	2.3226	0.1	-3.5024e-005
133	6.0737	3.5316	0.1	-3.1298e-005
134	5.1052	2.3726	0.1	-4.1636e-005
135	5.0557	5.2698	0.1	-3.7636e-005
136	6.0813	4.7925	0.1	-3.0365e-005
137	7.4968	4.7587	0.1	-2.7412e-005
138	8.7879	4.7721	0.1	-2.3116e-005
139	10.006	4.773	0.1	-1.9172e-005
140	11.218	4.7674	0.1	-1.5992e-005
141	12.397	4.7409	0.1	-1.3576e-005
142	13.564	4.7109	0.1	-1.13e-005
143	14.719	4.7128	0.1	-9.215e-006
144	15.877	4.7169	0.1	-7.3322e-006
145	17.033	4.731	0.1	-5.6864e-006
146	18.192	4.7559	0.1	-4.2751e-006
147	19.351	4.7869	0.1	-3.1057e-006
148	20.511	4.801	0.1	-2.174e-006
149	21.673	4.7983	0.1	-1.4878e-006
150	22.835	4.805	0.1	-1.0128e-006
151	22.824	3.5945	0.1	-1.3575e-006
152	22.835	2.395	0.1	-1.3544e-006
153	22.839	1.1962	0.1	-1.0127e-006
154	21.675	1.1975	0.1	-1.4831e-006
155	20.51	1.1876	0.1	-2.1742e-006
156	19.354	1.188	0.1	-3.1034e-006
157	18.194	1.1867	0.1	-4.2731e-006
158	17.038	1.1838	0.1	-5.6778e-006
159	15.878	1.1818	0.1	-7.3364e-006
160	14.723	1.1803	0.1	-9.2094e-006
161	13.561	1.1805	0.1	-1.1328e-005
162	12.405	1.1825	0.1	-1.3602e-005
163	11.232	1.1863	0.1	-1.6034e-005
164	10.04	1.1992	0.1	-1.9036e-005
165	8.8436	1.2024	0.1	-2.2694e-005
166	7.6386	1.1939	0.1	-2.6349e-005
167	6.3924	1.1711	0.1	-3.2001e-005
168	5.0421	1.0985	0.1	-3.3052e-005
169	1.1359	4.5726	0.1	-7.9652e-005
170	0.91136	1.0587	0.1	-7.8231e-005
171	0.96343	3.3649	0.1	-9.5007e-005
172	4.0553	5.4588	0.1	-3.3586e-005
173	3.8546	5.0641	0.1	-3.482e-005
174	4.3234	4.7216	0.1	-5.0345e-005
175	2.0404	5.0826	0.1	-4.2104e-005
176	4.0536	0.67026	0.1	-3.9944e-005
177	1.9359	2.6559	0.1	-5.3415e-005
178	1.8663	0.91627	0.1	-3.7552e-005
179	3.6762	3.0891	0.1	-7.6878e-005
180	2.7648	3.4211	0.1	-1.0015e-004
181	3.1467	5.5	0.1	-1.3416e-005
182	3.1467	5.	0.1	-8.5221e-005
183	3.1467	4.5	0.1	-9.3537e-005
184	3.1467	4.	0.1	-6.0033e-005
185	2.98	4.	0.1	-2.4964e-004
186	2.98	4.5	0.1	-1.5292e-004
187	2.98	5.	0.1	-8.9661e-005
188	2.98	5.5	0.1	-1.6017e-005
189	3.1467	0.5	0.1	-1.2075e-005
190	3.1467	1.	0.1	-6.7597e-005
191	3.1467	1.5	0.1	-9.1856e-005
192	3.1467	2.	0.1	-1.1179e-004
193	2.98	2.	0.1	-1.5746e-004
194	2.98	1.5	0.1	-1.1244e-004
195	2.98	1.	0.1	-6.423e-005
196	2.98	0.5	0.1	-3.8493e-005
197	3.1467	6.	0.1	-1.4554e-005
198	4.3052	6.	0.1	-2.4915e-005
199	5.4637	6.	0.1	-3.4592e-005
200	6.6222	6.	0.1	-3.1379e-005
201	7.7807	6.	0.1	-2.6205e-005
202	8.9393	6.	0.1	-2.2788e-005
203	10.098	6.	0.1	-1.9596e-005
204	11.256	6.	0.1	-1.6567e-005
205	12.415	6.	0.1	-1.3883e-005
206	13.573	6.	0.1	-1.1539e-005
207	14.732	6.	0.1	-9.449e-006
208	15.89	6.	0.1	-7.5325e-006
209	17.049	6.	0.1	-5.8633e-006
210	18.207	6.	0.1	-4.4248e-006
211	19.366	6.	0.1	-3.2266e-006
212	20.524	6.	0.1	-2.2504e-006
213	21.683	6.	0.1	-1.487e-006
214	22.841	6.	0.1	-9.0404e-007
215	24.	6.	0.1	-4.7888e-007
216	24.	4.8	0.1	-7.7394e-007
217	24.	3.6	0.1	-1.1562e-006
218	24.	2.4	0.1	-1.1599e-006
219	24.	1.2	0.1	-7.7173e-007
220	1.049e-014	1.2	0.1	-8.5636e-007
221	2.0981e-014	2.4	0.1	-2.4387e-007
222	3.1471e-014	3.6	0.1	-6.0914e-007
223	4.1961e-014	4.8	0.1	-6.9217e-009
224	24.	0.	0.1	-4.8027e-007
225	22.841	0.	0.1	-9.0172e-007
226	21.683	0.	0.1	-1.4848e-006
227	20.524	0.	0.1	-2.2524e-006
228	19.366	0.	0.1	-3.207e-006
229	18.207	0.	0.1	-4.3925e-006
230	17.049	0.	0.1	-5.817e-006
231	15.89	0.	0.1	-7.4922e-006
232	14.732	0.	0.1	-9.3988e-006
233	13.573	0.	0.1	-1.1547e-005
234	12.415	0.	0.1	-1.3871e-005
235	11.256	0.	0.1	-1.6451e-005
236	10.098	0.	0.1	-1.9243e-005
237	8.9393	0.	0.1	-2.2308e-005
238	7.7807	0.	0.1	-2.5255e-005
239	6.6222	0.	0.1	-3.0939e-005
240	5.4637	0.	0.1	-3.3315e-005
241	4.3052	0.	0.1	-2.2899e-005
242	3.1467	0.	0.1	-2.1001e-005
243	2.98	0.	0.1	-2.2765e-005
244	1.9867	1.2536e-030	0.1	-3.7086e-005
245	0.99333	6.2681e-031	0.1	-6.2173e-005
246	0.	0.	0.1	-8.3903e-006
247	3.937e-014	6.	0.1	-6.2183e-006
248	0.99333	6.	0.1	-5.7429e-005
249	1.9867	6.	0.1	-4.0209e-005
250	2.98	6.	0.1	-3.0923e-005
251	1.9867	6.	0.	-1.0845e-004
252	0.99333	6.	0.	-1.2189e-004
253	2.98	6.	0.	-6.9378e-005
254	3.937e-014	6.	0.	-9.3775e-005
255	0.99333	6.2681e-031	0.	-1.2618e-004
256	1.9867	1.2536e-030	0.	-1.108e-004
257	2.98	0.	0.	-7.2507e-005
258	0.	0.	0.	-8.7266e-005
259	4.3052	0.	0.	-6.4561e-005
260	5.4637	0.	0.	-8.6848e-005
261	6.6222	0.	0.	-8.7218e-005
262	7.7807	0.	0.	-7.7439e-005
263	8.9393	0.	0.	-6.7379e-005
264	10.098	0.	0.	-5.7408e-005
265	11.256	0.	0.	-4.8343e-005
266	12.415	0.	0.	-4.0042e-005
267	13.573	0.	0.	-3.2526e-005
268	14.732	0.	0.	-2.5843e-005
269	15.89	0.	0.	-1.9922e-005
270	17.049	0.	0.	-1.4804e-005
271	18.207	0.	0.	-1.046e-005
272	19.366	0.	0.	-6.8979e-006
273	20.524	0.	0.	-4.0974e-006
274	21.683	0.	0.	-2.0326e-006
275	22.841	0.	0.	-7.1058e-007
276	3.1467	0.	0.	-4.6577e-005
277	24.	0.	0.	-1.6618e-007
278	4.1961e-014	4.8	0.	-1.3799e-004
279	3.1471e-014	3.6	0.	-1.4967e-004
280	2.0981e-014	2.4	0.	-1.4052e-004
281	1.049e-014	1.2	0.	-1.2623e-004
282	24.	1.2	0.	-4.2916e-007
283	24.	2.4	0.	-6.1046e-007
284	24.	3.6	0.	-6.1346e-007
285	24.	4.8	0.	-4.3138e-007
286	24.	6.	0.	-1.6581e-007
287	22.841	6.	0.	-7.1043e-007
288	21.683	6.	0.	-2.029e-006
289	20.524	6.	0.	-4.1035e-006
290	19.366	6.	0.	-6.9136e-006
291	18.207	6.	0.	-1.0471e-005
292	17.049	6.	0.	-1.4805e-005
293	15.89	6.	0.	-1.9932e-005
294	14.732	6.	0.	-2.585e-005
295	13.573	6.	0.	-3.2534e-005
296	12.415	6.	0.	-4.0041e-005
297	11.256	6.	0.	-4.8395e-005
298	10.098	6.	0.	-5.7546e-005
299	8.9393	6.	0.	-6.7613e-005
300	7.7807	6.	0.	-7.7893e-005
301	6.6222	6.	0.	-9.0253e-005
302	5.4637	6.	0.	-9.3598e-005
303	4.3052	6.	0.	-7.2966e-005
304	3.1467	6.	0.	-4.3101e-005
305	2.98	1.5	0.	-2.7605e-004
306	2.98	1.	0.	-1.7504e-004
307	2.98	0.5	0.	-1.1649e-004
308	2.98	2.	0.	-4.4368e-004
309	3.1467	0.5	0.	-4.0159e-005
310	3.1467	1.	0.	-1.1551e-004
311	3.1467	1.5	0.	-1.6187e-004
312	3.1467	2.	0.	-3.5827e-004
313	2.98	4.5	0.	-1.4224e-004
314	2.98	5.	0.	-1.139e-004
315	2.98	5.5	0.	-5.951e-005
316	2.98	4.	0.	-4.561e-004
317	3.1467	5.5	0.	-4.2803e-005
318	3.1467	5.	0.	-1.161e-004
319	3.1467	4.5	0.	-1.2202e-004
320	3.1467	4.	0.	-2.4161e-004
321	2.5564	3.8079	0.	-2.0051e-004
322	3.0346	3.1646	0.	-2.3511e-004
323	2.799	3.6965	0.	-3.277e-004
324	2.7648	3.4211	5.e-002	-1.7721e-005
325	2.8724	2.7105	0.	-3.4604e-004
326	3.4903	2.9987	0.	-2.0112e-004
327	3.6888	3.2632	0.	-1.494e-004
328	3.8792	2.6287	0.	-1.5825e-004
329	3.946	3.0617	0.	-1.6357e-004
330	3.2548	3.5305	0.	-2.9334e-004
331	3.6762	3.0891	5.e-002	-3.9626e-006
332	1.3888	0.98748	0.	-1.2109e-004
333	1.8689	1.3265	0.	-1.204e-004
334	1.8663	0.91627	5.e-002	-2.9909e-006
335	1.9265	0.45813	0.	-1.1195e-004
336	2.4232	0.70813	0.	-1.1306e-004
337	1.4497	3.0104	0.	-1.482e-004
338	1.9037	2.1963	0.	-1.3774e-004
339	2.0093	3.0719	0.	-1.476e-004
340	1.9359	2.6559	5.e-002	-4.3444e-006
341	2.458	2.0779	0.	-2.0842e-004
342	4.5479	0.8844	0.	-8.3548e-005
343	3.9389	0.85816	0.	-7.2494e-005
344	4.0536	0.67026	5.e-002	-6.8262e-006
345	4.1794	0.33513	0.	-7.228e-005
346	3.6001	0.58513	0.	-5.855e-005
347	1.5882	4.8276	0.	-1.2454e-004
348	2.1943	4.6386	0.	-1.4115e-004
349	2.0404	5.0826	5.e-002	-1.627e-006
350	2.0136	5.5413	0.	-1.1599e-004
351	2.5102	5.2913	0.	-8.8242e-005
352	4.089	4.8929	0.	-9.0581e-005
353	4.6896	4.9957	0.	-1.0622e-004
354	4.5479	4.4641	0.	-1.1714e-004
355	4.3234	4.7216	5.e-002	-8.8784e-006
356	3.735	4.6108	0.	-1.0908e-004
357	3.955	5.2615	0.	-7.2736e-005
358	3.8546	5.0641	5.e-002	-2.0811e-006
359	3.5006	5.0321	0.	-8.5656e-005
360	4.5555	5.3643	0.	-8.6558e-005
361	4.0553	5.4588	5.e-002	-5.4595e-006
362	4.1803	5.7294	0.	-7.321e-005
363	3.601	5.4794	0.	-5.7532e-005
364	1.0497	3.9688	0.	-1.3811e-004
365	0.937	2.7698	0.	-1.4675e-004
366	0.96343	3.3649	5.e-002	-5.1079e-006
367	0.48172	3.4824	0.	-1.4961e-004
368	0.91096	1.6167	0.	-1.3677e-004
369	0.91136	1.0587	5.e-002	-2.6115e-006
370	0.95234	0.52934	0.	-1.2729e-004
371	0.45568	1.1293	0.	-1.2697e-004
372	1.6093	4.0302	0.	-1.3904e-004
373	1.1359	4.5726	5.e-002	-4.4595e-006
374	1.0646	5.2863	0.	-1.2441e-004
375	0.56794	4.6863	0.	-1.32e-004
376	5.7173	1.1348	0.	-8.869e-005
377	5.0737	1.7356	0.	-9.6975e-005
378	4.5778	1.3164	0.	-9.8767e-005
379	5.0421	1.0985	5.e-002	-2.3144e-006
380	5.2529	0.54927	0.	-8.7856e-005
381	7.0155	1.1825	0.	-8.3046e-005
382	6.3396	1.7468	0.	-8.9107e-005
383	6.3924	1.1711	5.e-002	-9.3502e-007
384	6.5073	0.58553	0.	-8.7956e-005
385	8.2411	1.1981	0.	-7.2153e-005
386	7.5784	1.7878	0.	-7.7582e-005
387	7.6386	1.1939	5.e-002	-6.5556e-007
388	7.7097	0.59697	0.	-7.74e-005
389	9.4419	1.2008	0.	-6.2073e-005
390	8.8013	1.7947	0.	-6.6916e-005
391	8.8436	1.2024	5.e-002	-5.9889e-007
392	8.8914	0.60118	0.	-6.7124e-005
393	10.636	1.1928	0.	-5.2683e-005
394	10.02	1.7901	0.	-5.717e-005
395	10.04	1.1992	5.e-002	-5.5966e-007
396	10.069	0.59961	0.	-5.7294e-005
397	11.818	1.1844	0.	-4.4017e-005
398	11.217	1.7785	0.	-4.8116e-005
399	11.232	1.1863	5.e-002	-4.8875e-007
400	11.244	0.59316	0.	-4.8215e-005
401	12.983	1.1815	0.	-3.6198e-005
402	12.394	1.7751	0.	-3.9884e-005
403	12.405	1.1825	5.e-002	-4.4721e-007
404	12.41	0.59124	0.	-3.9941e-005
405	14.142	1.1804	0.	-2.917e-005
406	13.561	1.7732	0.	-3.2445e-005
407	13.561	1.1805	5.e-002	-4.0108e-007
408	13.567	0.59024	0.	-3.2484e-005
409	15.3	1.181	0.	-2.2905e-005
410	14.722	1.7731	0.	-2.5796e-005
411	14.723	1.1803	5.e-002	-3.5711e-007
412	14.728	0.59013	0.	-2.5812e-005
413	16.458	1.1828	0.	-1.7419e-005
414	15.877	1.7751	0.	-1.9938e-005
415	15.878	1.1818	5.e-002	-3.1656e-007
416	15.884	0.59088	0.	-1.9917e-005
417	17.616	1.1852	0.	-1.2704e-005
418	17.037	1.7773	0.	-1.4844e-005
419	17.038	1.1838	5.e-002	-2.7038e-007
420	17.043	0.59188	0.	-1.4806e-005
421	18.774	1.1874	0.	-8.7647e-006
422	18.193	1.7803	0.	-1.0524e-005
423	18.194	1.1867	5.e-002	-2.2857e-007
424	18.201	0.59334	0.	-1.047e-005
425	19.932	1.1878	0.	-5.5988e-006
426	19.352	1.783	0.	-6.9838e-006
427	19.354	1.188	5.e-002	-1.8249e-007
428	19.36	0.59402	0.	-6.9133e-006
429	21.093	1.1926	0.	-3.1947e-006
430	20.508	1.7897	0.	-4.2151e-006
431	20.51	1.1876	5.e-002	-1.3731e-007
432	20.517	0.59382	0.	-4.1216e-006
433	22.257	1.1968	0.	-1.5493e-006
434	21.671	1.7996	0.	-2.2104e-006
435	21.675	1.1975	5.e-002	-9.3294e-008
436	21.679	0.59873	0.	-2.0749e-006
437	22.837	1.7956	0.	-9.6785e-007
438	22.839	1.1962	5.e-002	-6.1053e-008
439	22.84	0.59811	0.	-7.8441e-007
440	23.42	1.1981	0.	-6.6722e-007
441	22.829	2.9948	0.	-1.0448e-006
442	22.251	2.3984	0.	-1.6691e-006
443	22.835	2.395	5.e-002	-5.8885e-008
444	23.418	2.3975	0.	-8.2835e-007
445	22.829	4.1997	0.	-9.72e-007
446	22.245	3.5974	0.	-1.6749e-006
447	22.824	3.5945	5.e-002	-5.9606e-008
448	23.412	3.5972	0.	-8.3452e-007
449	22.254	4.8016	0.	-1.5528e-006
450	22.835	4.805	5.e-002	-6.1316e-008
451	23.417	4.8025	0.	-6.6817e-007
452	22.838	5.4025	0.	-7.8406e-007
453	21.092	4.7997	0.	-3.1991e-006
454	21.669	4.1993	0.	-2.2154e-006
455	21.673	4.7983	5.e-002	-9.5743e-008
456	21.678	5.3992	0.	-2.0769e-006
457	19.931	4.794	0.	-5.6045e-006
458	20.507	4.197	0.	-4.2186e-006
459	20.511	4.801	5.e-002	-1.3984e-007
460	20.518	5.4005	0.	-4.1249e-006
461	18.772	4.7714	0.	-8.7752e-006
462	19.351	4.1844	0.	-6.9903e-006
463	19.351	4.7869	5.e-002	-1.844e-007
464	19.359	5.3935	0.	-6.9238e-006
465	17.613	4.7434	0.	-1.2719e-005
466	18.19	4.1584	0.	-1.054e-005
467	18.192	4.7559	5.e-002	-2.302e-007
468	18.2	5.3779	0.	-1.0479e-005
469	16.455	4.7239	0.	-1.7436e-005
470	17.032	4.1411	0.	-1.4863e-005
471	17.033	4.731	5.e-002	-2.7611e-007
472	17.041	5.3655	0.	-1.4812e-005
473	15.298	4.7149	0.	-2.2916e-005
474	15.876	4.1304	0.	-1.9953e-005
475	15.877	4.7169	5.e-002	-3.1977e-007
476	15.884	5.3584	0.	-1.9924e-005
477	14.142	4.7119	0.	-2.9165e-005
478	14.718	4.1257	0.	-2.5808e-005
479	14.719	4.7128	5.e-002	-3.6056e-007
480	14.726	5.3564	0.	-2.5814e-005
481	12.981	4.7259	0.	-3.6211e-005
482	13.563	4.1241	0.	-3.2438e-005
483	13.564	4.7109	5.e-002	-4.039e-007
484	13.569	5.3555	0.	-3.2476e-005
485	11.808	4.7542	0.	-4.411e-005
486	12.392	4.1432	0.	-3.9884e-005
487	12.397	4.7409	5.e-002	-4.4675e-007
488	12.406	5.3705	0.	-3.9958e-005
489	10.612	4.7702	0.	-5.2939e-005
490	11.205	4.1646	0.	-4.823e-005
491	11.218	4.7674	5.e-002	-4.8663e-007
492	11.237	5.3837	0.	-4.8307e-005
493	9.3971	4.7726	0.	-6.2822e-005
494	9.9911	4.174	0.	-5.7494e-005
495	10.006	4.773	5.e-002	-6.1056e-007
496	10.052	5.3865	0.	-5.7543e-005
497	8.1423	4.7654	0.	-7.386e-005
498	8.7561	4.1751	0.	-6.7857e-005
499	8.7879	4.7721	5.e-002	-6.0139e-007
500	8.8636	5.386	0.	-6.7811e-005
501	6.789	4.7756	0.	-8.476e-005
502	7.4615	4.169	0.	-7.9374e-005
503	7.4968	4.7587	5.e-002	-7.7649e-007
504	7.6388	5.3793	0.	-7.8771e-005
505	5.5685	5.0312	0.	-9.5489e-005
506	6.0775	4.1621	0.	-9.0463e-005
507	5.4268	4.4996	0.	-1.0717e-004
508	6.0813	4.7925	5.e-002	-2.2899e-007
509	6.3518	5.3963	0.	-9.003e-005
510	5.0557	5.2698	5.e-002	-1.715e-006
511	5.2597	5.6349	0.	-9.7373e-005
512	5.696	2.3476	0.	-9.7466e-005
513	4.5937	2.2704	0.	-1.1775e-004
514	5.0902	2.9182	0.	-1.0753e-004
515	4.6605	2.7035	0.	-1.2283e-004
516	5.1052	2.3726	5.e-002	-3.1185e-006
517	6.1803	2.9271	0.	-9.0289e-005
518	6.75	3.5555	0.	-8.5105e-005
519	5.5744	3.4978	0.	-1.0032e-004
520	6.0737	3.5316	5.e-002	-1.4996e-006
521	6.9025	2.3522	0.	-8.365e-005
522	6.2868	2.3226	5.e-002	-2.2427e-006
523	8.1386	2.3844	0.	-7.2352e-005
524	7.4722	2.9806	0.	-7.8452e-005
525	7.5181	2.3817	5.e-002	-7.4241e-007
526	9.3795	2.3841	0.	-6.2036e-005
527	8.7416	2.9826	0.	-6.731e-005
528	8.759	2.3871	5.e-002	-4.6604e-007
529	10.601	2.3759	0.	-5.2638e-005
530	9.988	2.978	0.	-5.7264e-005
531	10.	2.381	5.e-002	-4.6463e-007
532	11.793	2.3692	0.	-4.4029e-005
533	11.197	2.9663	0.	-4.8155e-005
534	11.202	2.3707	5.e-002	-4.857e-007
535	12.972	2.3668	0.	-3.6184e-005
536	12.385	2.9567	0.	-3.9877e-005
537	12.383	2.3678	5.e-002	-4.5111e-007
538	14.141	2.3659	0.	-2.9128e-005
539	13.562	2.9516	0.	-3.2421e-005
540	13.561	2.3659	5.e-002	-4.0869e-007
541	15.299	2.3672	0.	-2.2888e-005
542	14.719	2.9522	0.	-2.5792e-005
543	14.721	2.3659	5.e-002	-3.6392e-007
544	16.456	2.3696	0.	-1.7423e-005
545	15.876	2.9562	0.	-1.9944e-005
546	15.877	2.3684	5.e-002	-3.1695e-007
547	17.614	2.3724	0.	-1.2724e-005
548	17.033	2.961	0.	-1.4862e-005
549	17.036	2.3707	5.e-002	-2.7438e-007
550	18.771	2.376	0.	-8.8028e-006
551	18.19	2.9674	0.	-1.0549e-005
552	18.193	2.374	5.e-002	-2.3086e-007
553	19.929	2.3849	0.	-5.6578e-006
554	19.35	2.9799	0.	-7.0127e-006
555	19.35	2.378	5.e-002	-1.826e-007
556	21.087	2.3968	0.	-3.283e-006
557	20.505	2.9924	0.	-4.2557e-006
558	20.507	2.3918	5.e-002	-1.3714e-007
559	21.666	3.001	0.	-2.2728e-006
560	21.667	2.4018	5.e-002	-9.5034e-008
561	21.085	3.5966	0.	-3.2876e-006
562	21.666	3.6003	5.e-002	-9.5854e-008
563	19.927	3.5874	0.	-5.6618e-006
564	20.504	3.593	5.e-002	-1.3734e-007
565	18.769	3.5714	0.	-8.814e-006
566	19.35	3.5818	5.e-002	-1.7913e-007
567	17.609	3.5561	0.	-1.2743e-005
568	18.188	3.5609	5.e-002	-2.2668e-007
569	16.453	3.5476	0.	-1.7439e-005
570	17.031	3.5513	5.e-002	-2.7752e-007
571	15.296	3.5413	0.	-2.2903e-005
572	15.875	3.544	5.e-002	-3.2026e-007
573	14.139	3.538	0.	-2.9138e-005
574	14.717	3.5385	5.e-002	-3.694e-007
575	12.974	3.5415	0.	-3.6164e-005
576	13.562	3.5374	5.e-002	-4.1727e-007
577	11.79	3.5537	0.	-4.4048e-005
578	12.387	3.5456	5.e-002	-4.4838e-007
579	10.584	3.5684	0.	-5.2818e-005
580	11.193	3.5619	5.e-002	-4.7917e-007
581	9.3501	3.5766	0.	-6.2556e-005
582	9.9759	3.575	5.e-002	-5.6787e-007
583	8.0753	3.5788	0.	-7.3409e-005
584	8.7243	3.5782	5.e-002	-6.0832e-007
585	7.4263	3.5794	5.e-002	-6.6963e-007
586	4.9237	3.8353	0.	-1.1676e-004
587	4.7723	4.2067	5.e-002	-4.4121e-006
588	3.9595	4.1033	0.	-1.6974e-004
589	1.391	1.9558	0.	-1.3535e-004
590	1.8714	1.7367	5.e-002	-2.2678e-006
591	2.4257	1.3684	0.	-1.4932e-004
592	2.2154	3.8413	0.	-1.5142e-004
593	2.0827	3.4878	5.e-002	-3.3315e-006
594	2.5313	2.7439	0.	-2.924e-004
595	0.91057	2.1748	5.e-002	-2.4177e-006
596	0.45529	2.2874	0.	-1.4227e-004
597	2.5478	4.2057	0.	-1.8212e-004
598	2.3481	4.1947	5.e-002	-1.2268e-006
599	2.6641	4.5974	0.	-1.162e-004
600	3.3044	2.9082	5.e-002	-6.6427e-006
601	3.2255	2.4541	0.	-2.8196e-004
602	3.9709	3.4438	0.	-1.2579e-004
603	3.7014	3.4372	5.e-002	-2.8841e-005
604	3.3407	3.7186	0.	-2.8365e-004
605	4.6577	3.4571	0.	-1.2528e-004
606	4.228	3.2423	0.	-1.4145e-004
607	4.2403	3.4503	5.e-002	-1.3593e-005
608	3.6935	3.7252	0.	-1.7558e-004
609	3.9688	1.2901	0.	-8.4812e-005
610	3.8242	1.0461	5.e-002	-1.6637e-006
611	3.4854	1.023	0.	-8.7302e-005
612	4.0978	1.8512	0.	-1.202e-004
613	4.1134	1.5342	5.e-002	-9.4601e-006
614	3.63	1.5171	0.	-1.2409e-004
615	4.0821	2.1682	5.e-002	-4.7746e-006
616	3.6144	2.0841	0.	-2.4434e-004
617	5.0751	3.4639	5.e-002	-2.995e-006
618	4.2157	3.0343	5.e-002	-5.175e-006
619	2.7904	4.0943	0.	-2.9663e-004
620	2.8333	3.9719	5.e-002	-2.0654e-005
621	2.9067	3.9859	0.	-4.2195e-004
622	2.7475	4.2167	5.e-002	-2.6324e-005
623	2.8637	4.3584	0.	-1.4339e-004
624	2.7904	4.0943	0.1	-1.6055e-004
625	2.5478	4.2057	0.1	-1.1394e-004
626	2.8637	4.3584	0.1	-1.3807e-004
627	3.2548	3.5305	0.1	-1.017e-004
628	2.799	3.6965	0.1	-1.3242e-004
629	2.9067	3.9859	0.1	-1.7497e-004
630	4.228	3.2423	0.1	-5.5339e-005
631	4.6605	2.7035	0.1	-4.5855e-005
632	3.946	3.0617	0.1	-6.3345e-005
633	4.6577	3.4571	0.1	-5.2423e-005
634	4.9237	3.8353	0.1	-4.7659e-005
635	5.5744	3.4978	0.1	-3.826e-005
636	5.0902	2.9182	0.1	-4.3253e-005
637	4.0978	1.8512	0.1	-4.5386e-005
638	4.5937	2.2704	0.1	-4.6366e-005
639	3.8792	2.6287	0.1	-6.3974e-005
640	3.6144	2.0841	0.1	-7.4105e-005
641	3.9688	1.2901	0.1	-4.2358e-005
642	4.5778	1.3164	0.1	-4.127e-005
643	3.63	1.5171	0.1	-6.1957e-005
644	3.9389	0.85816	0.1	-3.6047e-005
645	3.4854	1.023	0.1	-4.7264e-005
646	3.9709	3.4438	0.1	-5.9458e-005
647	3.6935	3.7252	0.1	-5.7679e-005
648	3.6888	3.2632	0.1	-5.8301e-005
649	3.3407	3.7186	0.1	-1.3183e-004
650	3.4903	2.9987	0.1	-8.0522e-005
651	3.0346	3.1646	0.1	-8.0087e-005
652	3.2255	2.4541	0.1	-9.067e-005
653	2.2154	3.8413	0.1	-5.3234e-005
654	2.1943	4.6386	0.1	-4.9084e-005
655	2.5564	3.8079	0.1	-7.2773e-005
656	2.6641	4.5974	0.1	-5.4397e-005
657	1.391	1.9558	0.1	-7.0501e-005
658	0.91096	1.6167	0.1	-8.5073e-005
659	0.937	2.7698	0.1	-9.3466e-005
660	0.45529	2.2874	0.1	-4.596e-005
661	1.6093	4.0302	0.1	-6.1491e-005
662	2.0093	3.0719	0.1	-4.8415e-005
663	2.5313	2.7439	0.1	-1.0066e-004
664	1.9037	2.1963	0.1	-5.1234e-005
665	1.8689	1.3265	0.1	-4.3215e-005
666	2.4257	1.3684	0.1	-5.6514e-005
667	5.4268	4.4996	0.1	-4.0229e-005
668	4.5479	4.4641	0.1	-4.5175e-005
669	3.9595	4.1033	0.1	-5.2416e-005
670	8.0753	3.5788	0.1	-2.6022e-005
671	7.4722	2.9806	0.1	-2.8527e-005
672	6.75	3.5555	0.1	-2.9979e-005
673	7.4615	4.169	0.1	-2.8128e-005
674	9.3501	3.5766	0.1	-2.1256e-005
675	8.7416	2.9826	0.1	-2.3023e-005
676	8.7561	4.1751	0.1	-2.3153e-005
677	10.584	3.5684	0.1	-1.7582e-005
678	9.988	2.978	0.1	-1.9219e-005
679	9.9911	4.174	0.1	-1.9243e-005
680	11.79	3.5537	0.1	-1.4733e-005
681	11.197	2.9663	0.1	-1.5882e-005
682	11.205	4.1646	0.1	-1.5923e-005
683	12.974	3.5415	0.1	-1.2477e-005
684	12.385	2.9567	0.1	-1.356e-005
685	12.392	4.1432	0.1	-1.3553e-005
686	14.139	3.538	0.1	-1.0357e-005
687	13.562	2.9516	0.1	-1.1341e-005
688	13.563	4.1241	0.1	-1.1308e-005
689	15.296	3.5413	0.1	-8.4181e-006
690	14.719	2.9522	0.1	-9.3127e-006
691	14.718	4.1257	0.1	-9.2486e-006
692	16.453	3.5476	0.1	-6.6821e-006
693	15.876	2.9562	0.1	-7.4664e-006
694	15.876	4.1304	0.1	-7.3836e-006
695	17.609	3.5561	0.1	-5.1711e-006
696	17.033	2.961	0.1	-5.8388e-006
697	17.032	4.1411	0.1	-5.7466e-006
698	18.769	3.5714	0.1	-3.8949e-006
699	18.19	2.9674	0.1	-4.4432e-006
700	18.19	4.1584	0.1	-4.3432e-006
701	19.927	3.5874	0.1	-2.8688e-006
702	19.35	2.9799	0.1	-3.2893e-006
703	19.351	4.1844	0.1	-3.1799e-006
704	21.085	3.5966	0.1	-2.0913e-006
705	20.505	2.9924	0.1	-2.3934e-006
706	20.507	4.197	0.1	-2.2682e-006
707	21.666	3.001	0.1	-1.7453e-006
708	21.669	4.1993	0.1	-1.599e-006
709	22.245	3.5974	0.1	-1.5593e-006
710	21.087	2.3968	0.1	-2.0905e-006
711	22.251	2.3984	0.1	-1.5602e-006
712	21.671	1.7996	0.1	-1.5993e-006
713	19.929	2.3849	0.1	-2.8661e-006
714	20.508	1.7897	0.1	-2.2655e-006
715	18.771	2.376	0.1	-3.8942e-006
716	19.352	1.783	0.1	-3.179e-006
717	17.614	2.3724	0.1	-5.1691e-006
718	18.193	1.7803	0.1	-4.3409e-006
719	16.456	2.3696	0.1	-6.6808e-006
720	17.037	1.7773	0.1	-5.741e-006
721	15.299	2.3672	0.1	-8.4172e-006
722	15.877	1.7751	0.1	-7.3843e-006
723	14.141	2.3659	0.1	-1.035e-005
724	14.722	1.7731	0.1	-9.2443e-006
725	12.972	2.3668	0.1	-1.2474e-005
726	13.561	1.7732	0.1	-1.1316e-005
727	11.793	2.3692	0.1	-1.4755e-005
728	12.394	1.7751	0.1	-1.3568e-005
729	10.601	2.3759	0.1	-1.7457e-005
730	11.217	1.7785	0.1	-1.5957e-005
731	9.3795	2.3841	0.1	-2.099e-005
732	10.02	1.7901	0.1	-1.908e-005
733	8.1386	2.3844	0.1	-2.5532e-005
734	8.8013	1.7947	0.1	-2.2774e-005
735	6.9025	2.3522	0.1	-3.1612e-005
736	7.5784	1.7878	0.1	-2.7272e-005
737	6.1803	2.9271	0.1	-3.3012e-005
738	5.696	2.3476	0.1	-3.8329e-005
739	6.3396	1.7468	0.1	-3.3501e-005
740	6.0775	4.1621	0.1	-3.0752e-005
741	5.0737	1.7356	0.1	-3.7232e-005
742	5.5685	5.0312	0.1	-3.3961e-005
743	4.5555	5.3643	0.1	-3.1544e-005
744	4.6896	4.9957	0.1	-4.1417e-005
745	5.2597	5.6349	0.1	-3.4924e-005
746	6.789	4.7756	0.1	-2.8886e-005
747	6.3518	5.3963	0.1	-3.0433e-005
748	8.1423	4.7654	0.1	-2.5263e-005
749	7.6388	5.3793	0.1	-2.6807e-005
750	9.3971	4.7726	0.1	-2.1143e-005
751	8.8636	5.386	0.1	-2.2479e-005
752	10.612	4.7702	0.1	-1.7523e-005
753	10.052	5.3865	0.1	-1.9076e-005
754	11.808	4.7542	0.1	-1.4781e-005
755	11.237	5.3837	0.1	-1.6247e-005
756	12.981	4.7259	0.1	-1.2437e-005
757	12.406	5.3705	0.1	-1.3697e-005
758	14.142	4.7119	0.1	-1.0256e-005
759	13.569	5.3555	0.1	-1.1387e-005
760	15.298	4.7149	0.1	-8.2724e-006
761	14.726	5.3564	0.1	-9.2963e-006
762	16.455	4.7239	0.1	-6.5078e-006
763	15.884	5.3584	0.1	-7.3968e-006
764	17.613	4.7434	0.1	-4.9789e-006
765	17.041	5.3655	0.1	-5.7399e-006
766	18.772	4.7714	0.1	-3.6881e-006
767	18.2	5.3779	0.1	-4.316e-006
768	19.931	4.794	0.1	-2.6376e-006
769	19.359	5.3935	0.1	-3.1324e-006
770	21.092	4.7997	0.1	-1.8294e-006
771	20.518	5.4005	0.1	-2.1791e-006
772	22.254	4.8016	0.1	-1.2503e-006
773	21.678	5.3992	0.1	-1.455e-006
774	22.829	4.1997	0.1	-1.1691e-006
775	22.838	5.4025	0.1	-9.2848e-007
776	23.417	4.8025	0.1	-8.8827e-007
777	22.829	2.9948	0.1	-1.3465e-006
778	23.412	3.5972	0.1	-1.2564e-006
779	22.837	1.7956	0.1	-1.1676e-006
780	23.418	2.3975	0.1	-1.2567e-006
781	22.257	1.1968	0.1	-1.2479e-006
782	23.42	1.1981	0.1	-8.8713e-007
783	22.84	0.59811	0.1	-9.2736e-007
784	21.093	1.1926	0.1	-1.8273e-006
785	21.679	0.59873	0.1	-1.4516e-006
786	19.932	1.1878	0.1	-2.6369e-006
787	20.517	0.59382	0.1	-2.1806e-006
788	18.774	1.1874	0.1	-3.6863e-006
789	19.36	0.59402	0.1	-3.1239e-006
790	17.616	1.1852	0.1	-4.9738e-006
791	18.201	0.59334	0.1	-4.3018e-006
792	16.458	1.1828	0.1	-6.5056e-006
793	17.043	0.59188	0.1	-5.7167e-006
794	15.3	1.181	0.1	-8.2716e-006
795	15.884	0.59088	0.1	-7.3839e-006
796	14.142	1.1804	0.1	-1.0267e-005
797	14.728	0.59013	0.1	-9.2743e-006
798	12.983	1.1815	0.1	-1.2464e-005
799	13.567	0.59024	0.1	-1.1408e-005
800	11.818	1.1844	0.1	-1.4816e-005
801	12.41	0.59124	0.1	-1.3708e-005
802	10.636	1.1928	0.1	-1.7416e-005
803	11.244	0.59316	0.1	-1.6216e-005
804	9.4419	1.2008	0.1	-2.0863e-005
805	10.069	0.59961	0.1	-1.8923e-005
806	8.2411	1.1981	0.1	-2.4519e-005
807	8.8914	0.60118	0.1	-2.2431e-005
808	7.0155	1.1825	0.1	-2.9143e-005
809	7.7097	0.59697	0.1	-2.5726e-005
810	5.7173	1.1348	0.1	-3.2483e-005
811	6.5073	0.58553	0.1	-3.1468e-005
812	4.5479	0.8844	0.1	-3.0908e-005
813	5.2529	0.54927	0.1	-3.0016e-005
814	1.0497	3.9688	0.1	-8.7319e-005
815	1.5882	4.8276	0.1	-6.0646e-005
816	0.56794	4.6863	0.1	-3.9814e-005
817	1.0646	5.2863	0.1	-6.8516e-005
818	1.3888	0.98748	0.1	-5.7742e-005
819	0.45568	1.1293	0.1	-3.9173e-005
820	0.95234	0.52934	0.1	-7.0146e-005
821	1.4497	3.0104	0.1	-7.4211e-005
822	0.48172	3.4824	0.1	-4.7462e-005
823	3.955	5.2615	0.1	-3.42e-005
824	3.601	5.4794	0.1	-1.7249e-005
825	4.1803	5.7294	0.1	-2.7417e-005
826	4.089	4.8929	0.1	-4.0757e-005
827	3.5006	5.0321	0.1	-5.2883e-005
828	3.735	4.6108	0.1	-6.1809e-005
829	2.5102	5.2913	0.1	-2.8796e-005
830	2.0136	5.5413	0.1	-3.9556e-005
831	3.6001	0.58513	0.1	-1.8863e-005
832	4.1794	0.33513	0.1	-3.0821e-005
833	2.458	2.0779	0.1	-8.2767e-005
834	2.4232	0.70813	0.1	-3.7781e-005
835	1.9265	0.45813	0.1	-3.4885e-005
836	2.8724	2.7105	0.1	-1.1415e-004
837	3.1467	5.25	0.1	-4.3674e-005
838	3.1467	5.75	0.1	-1.3493e-005
839	3.1467	5.5	5.e-002	-6.0389e-006
840	3.1467	4.75	0.1	-8.605e-005
841	3.1467	5.	5.e-002	-2.6228e-005
842	3.1467	4.25	0.1	-7.4916e-005
843	3.1467	4.5	5.e-002	-9.2161e-006
844	3.0633	4.	0.1	-1.4587e-004
845	3.1467	4.	5.e-002	-4.6234e-006
846	2.98	4.25	0.1	-1.3956e-004
847	2.98	4.	5.e-002	-1.1029e-004
848	2.98	4.75	0.1	-1.2125e-004
849	2.98	4.5	5.e-002	-6.1711e-005
850	2.98	5.25	0.1	-4.6944e-005
851	2.98	5.	5.e-002	-1.0709e-005
852	2.98	5.75	0.1	-2.2745e-005
853	2.98	5.5	5.e-002	-2.2725e-006
854	3.1467	0.75	0.1	-3.4915e-005
855	3.1467	0.25	0.1	-1.6157e-005
856	3.1467	0.5	5.e-002	-4.1156e-006
857	3.1467	1.25	0.1	-7.6798e-005
858	3.1467	1.	5.e-002	-1.9323e-005
859	3.1467	1.75	0.1	-8.8401e-005
860	3.1467	1.5	5.e-002	-1.4669e-005
861	3.0633	2.	0.1	-1.2837e-004
862	3.1467	2.	5.e-002	-7.8866e-006
863	2.98	1.75	0.1	-1.34e-004
864	2.98	2.	5.e-002	-2.1765e-005
865	2.98	1.25	0.1	-8.8327e-005
866	2.98	1.5	5.e-002	-2.088e-005
867	2.98	0.75	0.1	-5.135e-005
868	2.98	1.	5.e-002	-1.1691e-005
869	2.98	0.25	0.1	-3.0346e-005
870	2.98	0.5	5.e-002	-9.44e-006
871	3.7259	6.	0.1	-1.9701e-005
872	3.1467	6.	5.e-002	-3.5538e-006
873	4.8844	6.	0.1	-2.8495e-005
874	4.3052	6.	5.e-002	-2.0114e-006
875	6.043	6.	0.1	-3.289e-005
876	5.4637	6.	5.e-002	-1.4413e-006
877	7.2015	6.	0.1	-2.8578e-005
878	6.6222	6.	5.e-002	-1.6726e-006
879	8.36	6.	0.1	-2.4011e-005
880	7.7807	6.	5.e-002	-1.231e-006
881	9.5185	6.	0.1	-2.1168e-005
882	8.9393	6.	5.e-002	-7.0077e-007
883	10.677	6.	0.1	-1.8077e-005
884	10.098	6.	5.e-002	-9.8201e-007
885	11.836	6.	0.1	-1.5222e-005
886	11.256	6.	5.e-002	-1.0182e-006
887	12.994	6.	0.1	-1.2708e-005
888	12.415	6.	5.e-002	-9.4166e-007
889	14.153	6.	0.1	-1.0491e-005
890	13.573	6.	5.e-002	-8.2269e-007
891	15.311	6.	0.1	-8.4873e-006
892	14.732	6.	5.e-002	-7.4441e-007
893	16.47	6.	0.1	-6.6939e-006
894	15.89	6.	5.e-002	-6.6009e-007
895	17.628	6.	0.1	-5.1391e-006
896	17.049	6.	5.e-002	-5.7248e-007
897	18.787	6.	0.1	-3.819e-006
898	18.207	6.	5.e-002	-4.8882e-007
899	19.945	6.	0.1	-2.7309e-006
900	19.366	6.	5.e-002	-4.0568e-007
901	21.104	6.	0.1	-1.8612e-006
902	20.524	6.	5.e-002	-3.0531e-007
903	22.262	6.	0.1	-1.1922e-006
904	21.683	6.	5.e-002	-1.9619e-007
905	23.421	6.	0.1	-6.8791e-007
906	22.841	6.	5.e-002	-1.0677e-007
907	24.	5.4	0.1	-6.1344e-007
908	24.	6.	5.e-002	-2.3469e-008
909	24.	4.2	0.1	-9.6242e-007
910	24.	4.8	5.e-002	-4.0411e-008
911	24.	3.	0.1	-1.1562e-006
912	24.	3.6	5.e-002	-4.3192e-008
913	24.	1.8	0.1	-9.6316e-007
914	24.	2.4	5.e-002	-4.4092e-008
915	24.	0.6	0.1	-6.1272e-007
916	24.	1.2	5.e-002	-4.1844e-008
917	1.5735e-014	1.8	0.1	-4.622e-007
918	5.2451e-015	0.6	0.1	-1.5109e-006
919	1.0632e-014	1.2	5.e-002	-5.2076e-006
920	2.6226e-014	3.	0.1	-4.1928e-007
921	2.1264e-014	2.4	5.e-002	-2.1329e-006
922	3.6716e-014	4.2	0.1	-2.3236e-007
923	3.1897e-014	3.6	5.e-002	-3.5826e-006
924	4.7206e-014	5.4	0.1	-1.3664e-006
925	4.2529e-014	4.8	5.e-002	-6.6269e-007
926	23.421	0.	0.1	-6.8752e-007
927	24.	0.	5.e-002	-2.2041e-008
928	22.262	0.	0.1	-1.19e-006
929	22.841	0.	5.e-002	-1.0683e-007
930	21.104	0.	0.1	-1.8612e-006
931	21.683	0.	5.e-002	-1.9489e-007
932	19.945	0.	0.1	-2.7219e-006
933	20.524	0.	5.e-002	-3.0174e-007
934	18.787	0.	0.1	-3.7935e-006
935	19.366	0.	5.e-002	-3.9981e-007
936	17.628	0.	0.1	-5.0998e-006
937	18.207	0.	5.e-002	-4.9802e-007
938	16.47	0.	0.1	-6.6505e-006
939	17.049	0.	5.e-002	-5.9752e-007
940	15.311	0.	0.1	-8.442e-006
941	15.89	0.	5.e-002	-6.9774e-007
942	14.153	0.	0.1	-1.047e-005
943	14.732	0.	5.e-002	-7.9039e-007
944	12.994	0.	0.1	-1.2706e-005
945	13.573	0.	5.e-002	-8.8353e-007
946	11.836	0.	0.1	-1.5158e-005
947	12.415	0.	5.e-002	-9.6992e-007
948	10.677	0.	0.1	-1.7842e-005
949	11.256	0.	5.e-002	-1.0331e-006
950	9.5185	0.	0.1	-2.077e-005
951	10.098	0.	5.e-002	-1.0832e-006
952	8.36	0.	0.1	-2.3768e-005
953	8.9393	0.	5.e-002	-1.0057e-006
954	7.2015	0.	0.1	-2.8011e-005
955	7.7807	0.	5.e-002	-6.0258e-007
956	6.043	0.	0.1	-3.0124e-005
957	6.6222	0.	5.e-002	-9.7753e-007
958	4.8844	0.	0.1	-2.7969e-005
959	5.4637	0.	5.e-002	-1.3831e-006
960	3.7259	0.	0.1	-1.9098e-005
961	4.3052	0.	5.e-002	-1.9652e-006
962	3.1467	0.	5.e-002	-7.0598e-006
963	2.4833	1.567e-030	0.1	-2.7331e-005
964	2.98	1.8804e-030	5.e-002	-6.5656e-006
965	1.49	9.4022e-031	0.1	-4.7322e-005
966	1.9867	0.	5.e-002	-2.4095e-006
967	0.49667	3.1341e-031	0.1	-3.241e-005
968	0.99333	0.	5.e-002	-3.7512e-006
969	0.	0.	5.e-002	-2.6001e-005
970	0.49667	6.	0.1	-2.9682e-005
971	5.2451e-014	6.	5.e-002	-2.4138e-005
972	1.49	6.	0.1	-4.1556e-005
973	0.99333	6.	5.e-002	-2.0846e-006
974	2.4833	6.	0.1	-2.8123e-005
975	1.9867	6.	5.e-002	-3.8808e-006
976	2.98	6.	5.e-002	-1.4304e-005
977	1.49	6.	0.	-1.151e-004
978	2.4833	6.	0.	-8.3917e-005
979	0.49667	6.	0.	-1.0464e-004
980	2.98	5.75	0.	-5.2615e-005
981	4.7206e-014	5.4	0.	-1.1381e-004
982	1.49	9.4022e-031	0.	-1.1846e-004
983	0.49667	3.1341e-031	0.	-1.0332e-004
984	2.4833	1.567e-030	0.	-9.1396e-005
985	2.98	0.25	0.	-9.2508e-005
986	5.2451e-015	0.6	0.	-1.0366e-004
987	4.8844	0.	0.	-7.5587e-005
988	3.7259	0.	0.	-5.5372e-005
989	6.043	0.	0.	-8.695e-005
990	7.2015	0.	0.	-8.2314e-005
991	8.36	0.	0.	-7.2395e-005
992	9.5185	0.	0.	-6.2388e-005
993	10.677	0.	0.	-5.2871e-005
994	11.836	0.	0.	-4.4189e-005
995	12.994	0.	0.	-3.6281e-005
996	14.153	0.	0.	-2.9181e-005
997	15.311	0.	0.	-2.2879e-005
998	16.47	0.	0.	-1.7359e-005
999	17.628	0.	0.	-1.2627e-005
1000	18.787	0.	0.	-8.6726e-006
1001	19.945	0.	0.	-5.4898e-006
1002	21.104	0.	0.	-3.0575e-006
1003	22.262	0.	0.	-1.3677e-006
1004	23.421	0.	0.	-4.1299e-007
1005	3.1467	0.25	0.	-3.9324e-005
1006	24.	0.6	0.	-2.6485e-007
1007	3.6716e-014	4.2	0.	-1.438e-004
1008	2.6226e-014	3.	0.	-1.4509e-004
1009	1.5735e-014	1.8	0.	-1.3327e-004
1010	24.	1.8	0.	-5.1744e-007
1011	24.	3.	0.	-6.103e-007
1012	24.	4.2	0.	-5.2002e-007
1013	24.	5.4	0.	-2.6486e-007
1014	23.421	6.	0.	-4.1119e-007
1015	22.262	6.	0.	-1.3659e-006
1016	21.104	6.	0.	-3.0587e-006
1017	19.945	6.	0.	-5.5009e-006
1018	18.787	6.	0.	-8.6857e-006
1019	17.628	6.	0.	-1.2633e-005
1020	16.47	6.	0.	-1.7364e-005
1021	15.311	6.	0.	-2.2887e-005
1022	14.153	6.	0.	-2.9189e-005
1023	12.994	6.	0.	-3.6285e-005
1024	11.836	6.	0.	-4.4214e-005
1025	10.677	6.	0.	-5.2966e-005
1026	9.5185	6.	0.	-6.257e-005
1027	8.36	6.	0.	-7.2746e-005
1028	7.2015	6.	0.	-8.407e-005
1029	6.043	6.	0.	-9.192e-005
1030	4.8844	6.	0.	-8.3209e-005
1031	3.7259	6.	0.	-5.7922e-005
1032	3.1467	5.75	0.	-4.1262e-005
1033	2.98	1.25	0.	-2.2541e-004
1034	2.98	1.75	0.	-3.5562e-004
1035	2.98	0.75	0.	-1.4575e-004
1036	3.0633	2.	0.	-3.8066e-004
1037	3.1467	0.75	0.	-7.7831e-005
1038	3.1467	1.25	0.	-1.3852e-004
1039	3.1467	1.75	0.	-2.4796e-004
1040	2.98	4.75	0.	-1.2305e-004
1041	2.98	4.25	0.	-2.0219e-004
1042	2.98	5.25	0.	-8.5295e-005
1043	3.0633	4.	0.	-3.3335e-004
1044	3.1467	5.25	0.	-7.8855e-005
1045	3.1467	4.75	0.	-1.1705e-004
1046	3.1467	4.25	0.	-1.8138e-004
