Node Number	X Location (in)	Y Location (in)	Z Location (in)	Middle Principal Elastic Strain (in/in)
1	5.3819	2.9797	0.	2.4779e-005
2	5.3655	1.6973	0.	1.9706e-005
3	4.1202	2.754	0.	3.3867e-005
4	2.4454	3.9514	0.	1.7039e-005
5	5.0318	4.7645	0.	2.5788e-005
6	2.7905	0.67978	0.	2.7646e-005
7	2.3232	1.8994	0.	2.3113e-005
8	4.8481	0.48041	0.	1.9954e-005
9	2.8916	5.4396	0.	2.6458e-005
10	3.1195	5.007	0.	1.8332e-005
11	2.7937	4.5469	0.	3.2953e-005
12	4.7688	5.4721	0.	1.901e-005
13	5.572	4.39	0.	2.3205e-005
14	2.0803	5.1556	0.	3.4085e-005
15	1.2561	4.5741	0.	1.3037e-005
16	0.98367	1.1375	0.	1.2217e-005
17	1.8955	0.95603	0.	3.518e-005
18	1.2117	3.3285	0.	2.3907e-006
19	1.1308	2.2402	0.	5.7396e-006
20	6.6744	3.3544	0.	1.0984e-005
21	5.7917	0.68549	0.	2.1748e-005
22	6.5575	1.149	0.	2.587e-005
23	8.073	1.1584	0.	2.1576e-005
24	9.335	1.1805	0.	2.0138e-005
25	10.532	1.1879	0.	1.7458e-005
26	11.684	1.183	0.	1.4645e-005
27	12.829	1.1781	0.	1.1988e-005
28	13.954	1.173	0.	9.6118e-006
29	15.064	1.1723	0.	7.5238e-006
30	16.186	1.1724	0.	5.7168e-006
31	17.295	1.1748	0.	4.1336e-006
32	18.41	1.1788	0.	2.8127e-006
33	19.521	1.1851	0.	1.7207e-006
34	20.636	1.1892	0.	8.781e-007
35	21.755	1.1889	0.	2.678e-007
36	22.879	1.1951	0.	-1.0123e-007
37	22.868	2.3932	0.	-2.4678e-007
38	22.869	3.6018	0.	-2.4669e-007
39	22.876	4.7969	0.	-9.9796e-008
40	21.754	4.7928	0.	2.6837e-007
41	20.629	4.7914	0.	8.8497e-007
42	19.513	4.7418	0.	1.7393e-006
43	18.4	4.7019	0.	2.8303e-006
44	17.29	4.6816	0.	4.159e-006
45	16.182	4.6744	0.	5.7206e-006
46	15.072	4.6743	0.	7.5274e-006
47	13.96	4.6759	0.	9.5852e-006
48	12.845	4.6806	0.	1.1905e-005
49	11.715	4.7163	0.	1.4616e-005
50	10.526	4.743	0.	1.7373e-005
51	9.2937	4.7388	0.	2.0498e-005
52	7.814	4.6581	0.	1.9448e-005
53	6.7279	5.1046	0.	2.827e-005
54	5.8104	5.3536	0.	2.4993e-005
55	6.7338	2.2497	0.	2.2147e-005
56	7.9691	2.2889	0.	2.0306e-005
57	9.2406	2.3502	0.	1.8809e-005
58	10.466	2.349	0.	1.7191e-005
59	11.657	2.3514	0.	1.4611e-005
60	12.813	2.353	0.	1.188e-005
61	13.948	2.3516	0.	9.5073e-006
62	15.061	2.3512	0.	7.4104e-006
63	16.182	2.353	0.	5.5989e-006
64	17.293	2.3571	0.	4.0093e-006
65	18.408	2.3633	0.	2.681e-006
66	19.52	2.3702	0.	1.589e-006
67	20.634	2.378	0.	7.4498e-007
68	21.749	2.3873	0.	1.4015e-007
69	21.748	3.5908	0.	1.3302e-007
70	20.634	3.5797	0.	7.3996e-007
71	19.522	3.5577	0.	1.5934e-006
72	18.401	3.5336	0.	2.674e-006
73	17.291	3.5205	0.	4.0068e-006
74	16.178	3.5137	0.	5.5786e-006
75	15.064	3.5108	0.	7.4044e-006
76	13.948	3.513	0.	9.4946e-006
77	12.83	3.5147	0.	1.1831e-005
78	11.696	3.5177	0.	1.4588e-005
79	10.483	3.527	0.	1.7468e-005
80	9.2109	3.5393	0.	2.0315e-005
81	7.9685	3.4992	0.	2.0911e-005
82	4.6273	5.0839	0.	1.8428e-005
83	2.9846	1.161	0.	3.3539e-005
84	2.5556	2.948	0.	1.9884e-005
85	4.6085	0.89299	0.	1.4071e-005
86	4.8918	1.2189	0.	2.6478e-005
87	4.1974	2.362	0.	4.4097e-005
88	3.5436	3.1854	0.	5.6718e-005
89	4.1847	3.3541	0.	3.9653e-005
90	5.5293	2.3443	0.	2.789e-005
91	6.1277	3.9219	0.	2.2305e-005
92	6.1277	3.9219	0.1	-2.2305e-005
93	5.5293	2.3443	0.1	-2.789e-005
94	4.1847	3.3541	0.1	-3.9653e-005
95	3.5436	3.1854	0.1	-5.6718e-005
96	4.1974	2.362	0.1	-4.4097e-005
97	4.8918	1.2189	0.1	-2.6478e-005
98	4.6085	0.89299	0.1	-1.4071e-005
99	2.5556	2.948	0.1	-1.9884e-005
100	2.9846	1.161	0.1	-3.3539e-005
101	4.6273	5.0839	0.1	-1.8428e-005
102	7.9685	3.4992	0.1	-2.0911e-005
103	9.2109	3.5393	0.1	-2.0315e-005
104	10.483	3.527	0.1	-1.7468e-005
105	11.696	3.5177	0.1	-1.4588e-005
106	12.83	3.5147	0.1	-1.1831e-005
107	13.948	3.513	0.1	-9.4946e-006
108	15.064	3.5108	0.1	-7.4044e-006
109	16.178	3.5137	0.1	-5.5786e-006
110	17.291	3.5205	0.1	-4.0068e-006
111	18.401	3.5336	0.1	-2.674e-006
112	19.522	3.5577	0.1	-1.5934e-006
113	20.634	3.5797	0.1	-7.3996e-007
114	21.748	3.5908	0.1	-1.3302e-007
115	21.749	2.3873	0.1	-1.4015e-007
116	20.634	2.378	0.1	-7.4498e-007
117	19.52	2.3702	0.1	-1.589e-006
118	18.408	2.3633	0.1	-2.681e-006
119	17.293	2.3571	0.1	-4.0093e-006
120	16.182	2.353	0.1	-5.5989e-006
121	15.061	2.3512	0.1	-7.4104e-006
122	13.948	2.3516	0.1	-9.5073e-006
123	12.813	2.353	0.1	-1.188e-005
124	11.657	2.3514	0.1	-1.4611e-005
125	10.466	2.349	0.1	-1.7191e-005
126	9.2406	2.3502	0.1	-1.8809e-005
127	7.9691	2.2889	0.1	-2.0306e-005
128	6.7338	2.2497	0.1	-2.2147e-005
129	5.8104	5.3536	0.1	-2.4993e-005
130	6.7279	5.1046	0.1	-2.827e-005
131	7.814	4.6581	0.1	-1.9448e-005
132	9.2937	4.7388	0.1	-2.0498e-005
133	10.526	4.743	0.1	-1.7373e-005
134	11.715	4.7163	0.1	-1.4616e-005
135	12.845	4.6806	0.1	-1.1905e-005
136	13.96	4.6759	0.1	-9.5852e-006
137	15.072	4.6743	0.1	-7.5274e-006
138	16.182	4.6744	0.1	-5.7206e-006
139	17.29	4.6816	0.1	-4.159e-006
140	18.4	4.7019	0.1	-2.8303e-006
141	19.513	4.7418	0.1	-1.7393e-006
142	20.629	4.7914	0.1	-8.8497e-007
143	21.754	4.7928	0.1	-2.6837e-007
144	22.876	4.7969	0.1	9.9795e-008
145	22.869	3.6018	0.1	2.4669e-007
146	22.868	2.3932	0.1	2.4677e-007
147	22.879	1.1951	0.1	1.0123e-007
148	21.755	1.1889	0.1	-2.678e-007
149	20.636	1.1892	0.1	-8.781e-007
150	19.521	1.1851	0.1	-1.7207e-006
151	18.41	1.1788	0.1	-2.8127e-006
152	17.295	1.1748	0.1	-4.1336e-006
153	16.186	1.1724	0.1	-5.7168e-006
154	15.064	1.1723	0.1	-7.5238e-006
155	13.954	1.173	0.1	-9.6118e-006
156	12.829	1.1781	0.1	-1.1988e-005
157	11.684	1.183	0.1	-1.4645e-005
158	10.532	1.1879	0.1	-1.7458e-005
159	9.335	1.1805	0.1	-2.0138e-005
160	8.073	1.1584	0.1	-2.1576e-005
161	6.5575	1.149	0.1	-2.587e-005
162	5.7917	0.68549	0.1	-2.1748e-005
163	6.6744	3.3544	0.1	-1.0984e-005
164	1.1308	2.2402	0.1	-5.7396e-006
165	1.2117	3.3285	0.1	-2.3907e-006
166	1.8955	0.95603	0.1	-3.518e-005
167	0.98367	1.1375	0.1	-1.2217e-005
168	1.2561	4.5741	0.1	-1.3037e-005
169	2.0803	5.1556	0.1	-3.4085e-005
170	5.572	4.39	0.1	-2.3205e-005
171	4.7688	5.4721	0.1	-1.901e-005
172	2.7937	4.5469	0.1	-3.2953e-005
173	3.1195	5.007	0.1	-1.8332e-005
174	2.8916	5.4396	0.1	-2.6458e-005
175	4.8481	0.48041	0.1	-1.9954e-005
176	2.3232	1.8994	0.1	-2.3113e-005
177	2.7905	0.67978	0.1	-2.7646e-005
178	5.0318	4.7645	0.1	-2.5788e-005
179	2.4454	3.9514	0.1	-1.7039e-005
180	4.1202	2.754	0.1	-3.3867e-005
181	5.3655	1.6973	0.1	-1.9706e-005
182	5.3819	2.9797	0.1	-2.4779e-005
183	3.9467	5.5	0.1	1.7328e-006
184	3.9467	5.	0.1	-1.2511e-005
185	3.9467	4.5	0.1	-2.07e-005
186	3.9467	4.	0.1	-3.8488e-005
187	3.78	4.	0.1	-7.944e-005
188	3.78	4.5	0.1	-2.8674e-005
189	3.78	5.	0.1	-2.2081e-005
190	3.78	5.5	0.1	-5.8955e-006
191	3.9467	0.5	0.1	4.0361e-007
192	3.9467	1.	0.1	-1.1595e-005
193	3.9467	1.5	0.1	-1.4983e-005
194	3.9467	2.	0.1	-5.498e-005
195	3.78	2.	0.1	-6.3519e-005
196	3.78	1.5	0.1	-4.3717e-005
197	3.78	1.	0.1	-4.2381e-005
198	3.78	0.5	0.1	-1.5484e-005
199	3.9467	6.	0.1	-4.0863e-006
200	5.0607	6.	0.1	-1.8305e-005
201	6.1748	6.	0.1	-2.8787e-005
202	7.2889	6.	0.1	-2.7007e-005
203	8.403	6.	0.1	-2.3247e-005
204	9.517	6.	0.1	-2.0201e-005
205	10.631	6.	0.1	-1.6751e-005
206	11.745	6.	0.1	-1.4206e-005
207	12.859	6.	0.1	-1.1756e-005
208	13.973	6.	0.1	-9.4848e-006
209	15.087	6.	0.1	-7.4378e-006
210	16.201	6.	0.1	-5.6266e-006
211	17.316	6.	0.1	-4.0532e-006
212	18.43	6.	0.1	-2.7286e-006
213	19.544	6.	0.1	-1.6515e-006
214	20.658	6.	0.1	-8.3658e-007
215	21.772	6.	0.1	-2.4899e-007
216	22.886	6.	0.1	8.9418e-008
217	24.	6.	0.1	1.0156e-007
218	24.	4.8	0.1	2.1222e-007
219	24.	3.6	0.1	3.6262e-007
220	24.	2.4	0.1	3.6212e-007
221	24.	1.2	0.1	2.133e-007
222	1.049e-014	1.2	0.1	7.784e-007
223	2.0981e-014	2.4	0.1	8.8251e-007
224	3.1471e-014	3.6	0.1	4.8392e-007
225	4.1961e-014	4.8	0.1	7.1917e-007
226	24.	0.	0.1	1.0103e-007
227	22.886	0.	0.1	8.6513e-008
228	21.772	0.	0.1	-2.4408e-007
229	20.658	0.	0.1	-8.3611e-007
230	19.544	0.	0.1	-1.6761e-006
231	18.43	0.	0.1	-2.7601e-006
232	17.316	0.	0.1	-4.0809e-006
233	16.201	0.	0.1	-5.6553e-006
234	15.087	0.	0.1	-7.459e-006
235	13.973	0.	0.1	-9.5353e-006
236	12.859	0.	0.1	-1.1879e-005
237	11.745	0.	0.1	-1.4416e-005
238	10.631	0.	0.1	-1.7096e-005
239	9.517	0.	0.1	-1.9811e-005
240	8.403	0.	0.1	-2.1711e-005
241	7.2889	0.	0.1	-2.5952e-005
242	6.1748	0.	0.1	-2.515e-005
243	5.0607	0.	0.1	-1.753e-005
244	3.9467	0.	0.1	-2.1672e-006
245	3.78	0.	0.1	8.3017e-007
246	2.835	6.3692e-031	0.1	-2.7672e-005
247	1.89	4.2461e-031	0.1	-4.1711e-005
248	0.945	2.1231e-031	0.1	-3.1221e-005
249	0.	0.	0.1	8.0911e-008
250	3.937e-014	6.	0.1	2.0551e-006
251	0.945	6.	0.1	-3.8897e-005
252	1.89	6.	0.1	-3.818e-005
253	2.835	6.	0.1	-2.5611e-005
254	3.78	6.	0.1	3.385e-006
255	2.835	6.	0.	2.5611e-005
256	1.89	6.	0.	3.818e-005
257	0.945	6.	0.	3.8897e-005
258	3.78	6.	0.	-3.385e-006
259	3.937e-014	6.	0.	-2.0551e-006
260	0.945	2.1231e-031	0.	3.1221e-005
261	1.89	4.2461e-031	0.	4.1711e-005
262	2.835	6.3692e-031	0.	2.7672e-005
263	3.78	0.	0.	-8.3017e-007
264	0.	0.	0.	-8.0911e-008
265	5.0607	0.	0.	1.753e-005
266	6.1748	0.	0.	2.515e-005
267	7.2889	0.	0.	2.5952e-005
268	8.403	0.	0.	2.1711e-005
269	9.517	0.	0.	1.9811e-005
270	10.631	0.	0.	1.7096e-005
271	11.745	0.	0.	1.4416e-005
272	12.859	0.	0.	1.1879e-005
273	13.973	0.	0.	9.5353e-006
274	15.087	0.	0.	7.459e-006
275	16.201	0.	0.	5.6552e-006
276	17.316	0.	0.	4.0809e-006
277	18.43	0.	0.	2.7601e-006
278	19.544	0.	0.	1.6761e-006
279	20.658	0.	0.	8.361e-007
280	21.772	0.	0.	2.4408e-007
281	22.886	0.	0.	-8.6514e-008
282	3.9467	0.	0.	2.1672e-006
283	24.	0.	0.	-1.0103e-007
284	4.1961e-014	4.8	0.	-7.1917e-007
285	3.1471e-014	3.6	0.	-4.8392e-007
286	2.0981e-014	2.4	0.	-8.8251e-007
287	1.049e-014	1.2	0.	-7.784e-007
288	24.	1.2	0.	-2.1331e-007
289	24.	2.4	0.	-3.6212e-007
290	24.	3.6	0.	-3.6262e-007
291	24.	4.8	0.	-2.1222e-007
292	24.	6.	0.	-1.0156e-007
293	22.886	6.	0.	-8.9419e-008
294	21.772	6.	0.	2.4899e-007
295	20.658	6.	0.	8.3658e-007
296	19.544	6.	0.	1.6515e-006
297	18.43	6.	0.	2.7285e-006
298	17.316	6.	0.	4.0532e-006
299	16.201	6.	0.	5.6266e-006
300	15.087	6.	0.	7.4378e-006
301	13.973	6.	0.	9.4848e-006
302	12.859	6.	0.	1.1756e-005
303	11.745	6.	0.	1.4206e-005
304	10.631	6.	0.	1.6751e-005
305	9.517	6.	0.	2.0201e-005
306	8.403	6.	0.	2.3247e-005
307	7.2889	6.	0.	2.7007e-005
308	6.1748	6.	0.	2.8787e-005
309	5.0607	6.	0.	1.8305e-005
310	3.9467	6.	0.	4.0863e-006
311	3.78	1.5	0.	4.3717e-005
312	3.78	1.	0.	4.2381e-005
313	3.78	0.5	0.	1.5484e-005
314	3.78	2.	0.	6.3519e-005
315	3.9467	0.5	0.	-4.0361e-007
316	3.9467	1.	0.	1.1595e-005
317	3.9467	1.5	0.	1.4983e-005
318	3.9467	2.	0.	5.498e-005
319	3.78	4.5	0.	2.8674e-005
320	3.78	5.	0.	2.2081e-005
321	3.78	5.5	0.	5.8955e-006
322	3.78	4.	0.	7.944e-005
323	3.9467	5.5	0.	-1.7328e-006
324	3.9467	5.	0.	1.2511e-005
325	3.9467	4.5	0.	2.07e-005
326	3.9467	4.	0.	3.8488e-005
327	4.751	2.8669	0.	4.1209e-005
328	6.0282	3.1671	0.	1.7339e-005
329	4.7833	3.1669	0.	4.4367e-005
330	5.4556	2.662	0.	2.6647e-005
331	5.3819	2.9797	5.e-002	1.3615e-013
332	5.9615	1.4232	0.	2.2849e-005
333	5.1286	1.4581	0.	2.5205e-005
334	5.4474	2.0208	0.	2.5506e-005
335	5.3655	1.6973	5.e-002	8.8026e-013
336	4.6561	1.8487	0.	4.5767e-005
337	4.1588	2.558	0.	4.6183e-005
338	3.8319	2.9697	0.	4.5759e-005
339	4.1202	2.754	5.e-002	-1.9025e-013
340	3.9501	2.377	0.	5.7319e-005
341	2.6195	4.2492	0.	2.5592e-005
342	1.8507	4.2627	0.	1.5274e-005
343	2.5005	3.4497	0.	1.9033e-005
344	2.4454	3.9514	5.e-002	3.0281e-013
345	3.1127	3.9757	0.	5.9581e-005
346	5.3019	4.5772	0.	2.5626e-005
347	5.4211	5.059	0.	2.664e-005
348	4.8295	4.9242	0.	2.3387e-005
349	5.0318	4.7645	5.e-002	-1.4637e-012
350	4.4892	4.6322	0.	2.659e-005
351	2.343	0.8179	0.	3.6805e-005
352	2.8876	0.9204	0.	3.2173e-005
353	2.7905	0.67978	5.e-002	-1.2768e-013
354	2.8128	0.33989	0.	2.7637e-005
355	3.2853	0.58989	0.	2.234e-005
356	2.1093	1.4277	0.	2.9758e-005
357	1.727	2.0698	0.	1.5304e-005
358	2.6539	1.5302	0.	2.9114e-005
359	2.4394	2.4237	0.	2.1381e-005
360	2.3232	1.8994	5.e-002	2.3054e-012
361	3.0516	1.6997	0.	3.2126e-005
362	5.3199	0.58295	0.	2.4069e-005
363	4.7283	0.6867	0.	1.6968e-005
364	4.8481	0.48041	5.e-002	1.9225e-013
365	4.9544	0.2402	0.	1.8891e-005
366	4.3974	0.4902	0.	1.5253e-005
367	3.0055	5.2233	0.	2.2379e-005
368	2.486	5.2976	0.	3.5138e-005
369	2.8916	5.4396	5.e-002	3.0428e-013
370	2.8633	5.7198	0.	2.6024e-005
371	3.3358	5.4698	0.	1.9945e-005
372	2.9566	4.777	0.	3.1359e-005
373	3.1195	5.007	5.e-002	-7.3967e-014
374	3.4497	5.0035	0.	2.0244e-005
375	2.437	4.8513	0.	3.4522e-005
376	2.7937	4.5469	5.e-002	-2.6962e-013
377	3.2868	4.5234	0.	3.8193e-005
378	5.2896	5.4128	0.	2.3952e-005
379	4.698	5.278	0.	1.8675e-005
380	4.7688	5.4721	5.e-002	-1.0078e-021
381	4.9148	5.736	0.	1.9452e-005
382	4.3577	5.486	0.	1.4423e-005
383	6.15	4.7473	0.	2.5566e-005
384	5.8499	4.1559	0.	2.3946e-005
385	5.572	4.39	5.e-002	-6.4852e-015
386	4.7593	4.195	0.	3.7419e-005
387	1.6682	4.8648	0.	2.3473e-005
388	2.0803	5.1556	5.e-002	5.3425e-014
389	1.9852	5.5778	0.	3.941e-005
390	1.2339	3.9513	0.	7.5845e-006
391	1.2561	4.5741	5.e-002	2.3643e-014
392	1.1005	5.287	0.	2.4999e-005
393	0.62803	4.687	0.	5.8384e-006
394	1.4396	1.0468	0.	2.3616e-005
395	1.0572	1.6889	0.	8.7196e-006
396	0.98367	1.1375	5.e-002	1.2841e-013
397	0.96434	0.56877	0.	2.1008e-005
398	0.49184	1.1688	0.	5.2067e-006
399	1.8955	0.95603	5.e-002	-5.4802e-014
400	1.8928	0.47802	0.	3.8451e-005
401	1.1712	2.7844	0.	3.9009e-006
402	1.8837	3.1383	0.	1.1431e-005
403	1.2117	3.3285	5.e-002	-4.5963e-015
404	0.60583	3.4643	0.	9.5438e-007
405	1.1308	2.2402	5.e-002	-2.325e-013
406	0.5654	2.3201	0.	2.4875e-006
407	6.7041	2.8021	0.	1.6564e-005
408	7.3215	3.4268	0.	1.7096e-005
409	6.4011	3.6382	0.	1.6946e-005
410	6.6744	3.3544	5.e-002	4.2904e-014
411	6.1746	0.91723	0.	2.4256e-005
412	5.3417	0.95218	0.	2.5617e-005
413	5.7917	0.68549	5.e-002	-2.0955e-013
414	5.9833	0.34274	0.	2.5125e-005
415	7.3152	1.1537	0.	2.4139e-005
416	6.6456	1.6993	0.	2.4679e-005
417	6.5575	1.149	5.e-002	7.4296e-013
418	6.9232	0.57448	0.	2.7521e-005
419	8.704	1.1694	0.	2.0868e-005
420	8.021	1.7237	0.	2.0946e-005
421	8.073	1.1584	5.e-002	1.0769e-012
422	8.238	0.57921	0.	2.1708e-005
423	9.9334	1.1842	0.	1.8835e-005
424	9.2878	1.7653	0.	1.9481e-005
425	9.335	1.1805	5.e-002	-3.6127e-013
426	9.426	0.59023	0.	2.0205e-005
427	11.108	1.1855	0.	1.6182e-005
428	10.499	1.7685	0.	1.7317e-005
429	10.532	1.1879	5.e-002	-6.7176e-015
430	10.581	0.59396	0.	1.7455e-005
431	12.256	1.1806	0.	1.3317e-005
432	11.67	1.7672	0.	1.4628e-005
433	11.684	1.183	5.e-002	-4.6035e-015
434	11.714	0.59152	0.	1.453e-005
435	13.391	1.1755	0.	1.08e-005
436	12.821	1.7655	0.	1.1935e-005
437	12.829	1.1781	5.e-002	2.4023e-015
438	12.844	0.58903	0.	1.1933e-005
439	14.509	1.1727	0.	8.5678e-006
440	13.951	1.7623	0.	9.5599e-006
441	13.954	1.173	5.e-002	-7.192e-015
442	13.964	0.58651	0.	9.5735e-006
443	15.625	1.1724	0.	6.6203e-006
444	15.063	1.7617	0.	7.4675e-006
445	15.064	1.1723	5.e-002	-6.528e-015
446	15.076	0.58615	0.	7.4915e-006
447	16.74	1.1736	0.	4.9252e-006
448	16.184	1.7627	0.	5.6582e-006
449	16.186	1.1724	5.e-002	5.8655e-014
450	16.194	0.58622	0.	5.6861e-006
451	17.853	1.1768	0.	3.4731e-006
452	17.294	1.766	0.	4.0718e-006
453	17.295	1.1748	5.e-002	-8.7593e-015
454	17.305	0.5874	0.	4.1074e-006
455	18.965	1.182	0.	2.2667e-006
456	18.409	1.7711	0.	2.7471e-006
457	18.41	1.1788	5.e-002	7.4155e-014
458	18.42	0.58942	0.	2.7866e-006
459	20.078	1.1871	0.	1.2994e-006
460	19.52	1.7777	0.	1.6551e-006
461	19.521	1.1851	5.e-002	1.1234e-013
462	19.532	0.59256	0.	1.6986e-006
463	21.195	1.189	0.	5.7292e-007
464	20.635	1.7836	0.	8.1186e-007
465	20.636	1.1892	5.e-002	1.2901e-013
466	20.647	0.59459	0.	8.5733e-007
467	22.317	1.192	0.	8.3155e-008
468	21.752	1.7881	0.	2.0434e-007
469	21.755	1.1889	5.e-002	1.4251e-013
470	21.763	0.59443	0.	2.5618e-007
471	22.873	1.7941	0.	-1.7362e-007
472	22.879	1.1951	5.e-002	1.974e-013
473	22.883	0.59755	0.	-9.3551e-008
474	23.44	1.1975	0.	-1.5813e-007
475	22.869	2.9975	0.	-2.4634e-007
476	22.309	2.3903	0.	-5.3615e-008
477	22.868	2.3932	5.e-002	1.6331e-013
478	23.434	2.3966	0.	-3.0545e-007
479	22.873	4.1993	0.	-1.7284e-007
480	22.309	3.5963	0.	-5.7164e-008
481	22.869	3.6018	5.e-002	1.8296e-013
482	23.435	3.6009	0.	-3.0572e-007
483	22.315	4.7949	0.	8.4147e-008
484	22.876	4.7969	5.e-002	2.1676e-013
485	23.438	4.7985	0.	-1.5685e-007
486	22.881	5.3985	0.	-9.4301e-008
487	21.191	4.7921	0.	5.7664e-007
488	21.751	4.1918	0.	2.0107e-007
489	21.754	4.7928	5.e-002	2.0181e-013
490	21.763	5.3964	0.	2.5888e-007
491	20.071	4.7666	0.	1.3121e-006
492	20.631	4.1855	0.	8.1289e-007
493	20.629	4.7914	5.e-002	2.0078e-013
494	20.643	5.3957	0.	8.6079e-007
495	18.956	4.7218	0.	2.2848e-006
496	19.517	4.1497	0.	1.6667e-006
497	19.513	4.7418	5.e-002	2.0841e-013
498	19.528	5.3709	0.	1.6953e-006
499	17.845	4.6918	0.	3.4946e-006
500	18.401	4.1177	0.	2.7525e-006
501	18.4	4.7019	5.e-002	1.281e-013
502	18.415	5.3509	0.	2.7794e-006
503	16.736	4.678	0.	4.9398e-006
504	17.291	4.1011	0.	4.0832e-006
505	17.29	4.6816	5.e-002	1.8092e-013
506	17.303	5.3408	0.	4.1061e-006
507	15.627	4.6744	0.	6.624e-006
508	16.18	4.094	0.	5.6499e-006
509	16.182	4.6744	5.e-002	1.2514e-013
510	16.192	5.3372	0.	5.6737e-006
511	14.516	4.6751	0.	8.5563e-006
512	15.068	4.0926	0.	7.4662e-006
513	15.072	4.6743	5.e-002	1.2275e-013
514	15.079	5.3372	0.	7.4828e-006
515	13.403	4.6783	0.	1.0745e-005
516	13.954	4.0945	0.	9.5402e-006
517	13.96	4.6759	5.e-002	1.1655e-013
518	13.967	5.338	0.	9.5354e-006
519	12.28	4.6985	0.	1.326e-005
520	12.837	4.0977	0.	1.1868e-005
521	12.845	4.6806	5.e-002	-9.5013e-023
522	12.852	5.3403	0.	1.183e-005
523	11.12	4.7297	0.	1.5997e-005
524	11.705	4.117	0.	1.4602e-005
525	11.715	4.7163	5.e-002	2.2834e-013
526	11.73	5.3582	0.	1.4411e-005
527	9.9098	4.7409	0.	1.8938e-005
528	10.504	4.135	0.	1.7533e-005
529	10.526	4.743	5.e-002	-8.049e-023
530	10.578	5.3715	0.	1.7062e-005
531	8.5538	4.6984	0.	2.0365e-005
532	9.2523	4.139	0.	2.0776e-005
533	9.2937	4.7388	5.e-002	3.9326e-014
534	9.4054	5.3694	0.	2.0564e-005
535	7.2709	4.8814	0.	2.4063e-005
536	7.8912	4.0787	0.	2.1603e-005
537	6.9708	4.29	0.	2.0815e-005
538	7.814	4.6581	5.e-002	4.2392e-014
539	8.1085	5.329	0.	2.1782e-005
540	6.2692	5.2291	0.	2.6664e-005
541	6.7279	5.1046	5.e-002	-7.084e-014
542	7.0084	5.5523	0.	2.9362e-005
543	5.8104	5.3536	5.e-002	1.3843e-014
544	5.9926	5.6768	0.	2.73e-005
545	7.3515	2.2693	0.	2.1195e-005
546	6.1316	2.297	0.	2.4355e-005
547	6.7338	2.2497	5.e-002	6.0536e-013
548	8.6049	2.3195	0.	1.956e-005
549	7.9688	2.8941	0.	2.179e-005
550	7.9691	2.2889	5.e-002	-2.3409e-013
551	9.8533	2.3496	0.	1.8001e-005
552	9.2258	2.9447	0.	1.9598e-005
553	9.2406	2.3502	5.e-002	7.3526e-014
554	11.061	2.3502	0.	1.6101e-005
555	10.474	2.938	0.	1.7337e-005
556	10.466	2.349	5.e-002	-2.248e-015
557	12.235	2.3522	0.	1.3246e-005
558	11.676	2.9345	0.	1.4604e-005
559	11.657	2.3514	5.e-002	-6.724e-015
560	13.381	2.3523	0.	1.0694e-005
561	12.821	2.9339	0.	1.1856e-005
562	12.813	2.353	5.e-002	-3.4137e-015
563	14.505	2.3514	0.	8.4588e-006
564	13.948	2.9323	0.	9.5015e-006
565	13.948	2.3516	5.e-002	-4.7989e-015
566	15.621	2.3521	0.	6.5046e-006
567	15.063	2.931	0.	7.4079e-006
568	15.061	2.3512	5.e-002	2.2229e-013
569	16.737	2.355	0.	4.8041e-006
570	16.18	2.9334	0.	5.5893e-006
571	16.182	2.353	5.e-002	5.0773e-014
572	17.851	2.3602	0.	3.3451e-006
573	17.292	2.9388	0.	4.0086e-006
574	17.293	2.3571	5.e-002	-3.7796e-015
575	18.964	2.3668	0.	2.135e-006
576	18.405	2.9485	0.	2.6782e-006
577	18.408	2.3633	5.e-002	9.9286e-014
578	20.077	2.3741	0.	1.167e-006
579	19.521	2.964	0.	1.5919e-006
580	19.52	2.3702	5.e-002	9.7308e-014
581	21.192	2.3827	0.	4.4247e-007
582	20.634	2.9788	0.	7.4297e-007
583	20.634	2.378	5.e-002	9.8223e-014
584	21.749	2.9891	0.	1.3696e-007
585	21.749	2.3873	5.e-002	5.2894e-014
586	21.191	3.5852	0.	4.364e-007
587	21.748	3.5908	5.e-002	1.5546e-013
588	20.078	3.5687	0.	1.1666e-006
589	20.634	3.5797	5.e-002	1.306e-013
590	18.962	3.5456	0.	2.1337e-006
591	19.522	3.5577	5.e-002	1.2807e-013
592	17.846	3.5271	0.	3.3404e-006
593	18.401	3.5336	5.e-002	1.2468e-013
594	16.734	3.5171	0.	4.7927e-006
595	17.291	3.5205	5.e-002	6.5533e-014
596	15.621	3.5123	0.	6.4915e-006
597	16.178	3.5137	5.e-002	6.1772e-014
598	14.506	3.5119	0.	8.4495e-006
599	15.064	3.5108	5.e-002	2.3247e-013
600	13.389	3.5139	0.	1.0663e-005
601	13.948	3.513	5.e-002	4.0373e-015
602	12.263	3.5162	0.	1.3211e-005
603	12.83	3.5147	5.e-002	6.6423e-015
604	11.089	3.5223	0.	1.6113e-005
605	11.696	3.5177	5.e-002	1.0175e-014
606	9.8468	3.5331	0.	1.8934e-005
607	10.483	3.527	5.e-002	3.5617e-014
608	8.5897	3.5193	0.	2.0981e-005
609	9.2109	3.5393	5.e-002	3.005e-013
610	7.9685	3.4992	5.e-002	7.3549e-014
611	4.6273	5.0839	5.e-002	-4.1957e-023
612	4.287	5.042	0.	1.4593e-005
613	2.9846	1.161	5.e-002	-1.2869e-013
614	3.3823	1.0805	0.	3.707e-005
615	3.0496	3.0667	0.	5.708e-005
616	2.5556	2.948	5.e-002	8.9514e-013
617	3.1678	2.474	0.	4.5081e-005
618	4.7501	1.0559	0.	2.2431e-005
619	4.6085	0.89299	5.e-002	-2.6945e-014
620	4.2776	0.9465	0.	1.2897e-005
621	4.8918	1.2189	5.e-002	7.7602e-013
622	4.4192	1.3594	0.	2.5226e-005
623	4.8633	2.3532	0.	3.683e-005
624	4.1974	2.362	5.e-002	2.6818e-012
625	4.072	2.181	0.	5.6729e-005
626	3.8642	3.2697	0.	4.8536e-005
627	3.5436	3.1854	5.e-002	7.1285e-013
628	3.6618	3.5927	0.	6.765e-005
629	5.1562	3.638	0.	3.8849e-005
630	4.1847	3.3541	5.e-002	-1.3391e-012
631	4.0657	3.677	0.	3.8954e-005
632	5.5293	2.3443	5.e-002	-2.0052e-015
633	6.1277	3.9219	5.e-002	6.5023e-014
634	5.1562	3.638	0.1	-3.8849e-005
635	6.9708	4.29	0.1	-2.0815e-005
636	6.4011	3.6382	0.1	-1.6946e-005
637	5.8499	4.1559	0.1	-2.3946e-005
638	4.8633	2.3532	0.1	-3.683e-005
639	6.1316	2.297	0.1	-2.4355e-005
640	5.4474	2.0208	0.1	-2.5506e-005
641	5.4556	2.662	0.1	-2.6647e-005
642	3.8642	3.2697	0.1	-4.8536e-005
643	4.7833	3.1669	0.1	-4.4367e-005
644	4.0657	3.677	0.1	-3.8954e-005
645	3.0496	3.0667	0.1	-5.708e-005
646	3.8319	2.9697	0.1	-4.5759e-005
647	3.6618	3.5927	0.1	-6.765e-005
648	4.1588	2.558	0.1	-4.6183e-005
649	4.072	2.181	0.1	-5.6729e-005
650	4.7501	1.0559	0.1	-2.2431e-005
651	5.3417	0.95218	0.1	-2.5617e-005
652	5.1286	1.4581	0.1	-2.5205e-005
653	4.4192	1.3594	0.1	-2.5226e-005
654	4.7283	0.6867	0.1	-1.6968e-005
655	4.2776	0.9465	0.1	-1.2897e-005
656	1.8837	3.1383	0.1	-1.1431e-005
657	2.4394	2.4237	0.1	-2.1381e-005
658	2.5005	3.4497	0.1	-1.9033e-005
659	3.1678	2.474	0.1	-4.5081e-005
660	2.6539	1.5302	0.1	-2.9114e-005
661	2.8876	0.9204	0.1	-3.2173e-005
662	3.3823	1.0805	0.1	-3.707e-005
663	4.698	5.278	0.1	-1.8675e-005
664	4.8295	4.9242	0.1	-2.3387e-005
665	4.287	5.042	0.1	-1.4593e-005
666	8.5897	3.5193	0.1	-2.0981e-005
667	7.9688	2.8941	0.1	-2.179e-005
668	7.8912	4.0787	0.1	-2.1603e-005
669	7.3215	3.4268	0.1	-1.7096e-005
670	9.8468	3.5331	0.1	-1.8934e-005
671	9.2258	2.9447	0.1	-1.9598e-005
672	9.2523	4.139	0.1	-2.0776e-005
673	11.089	3.5223	0.1	-1.6113e-005
674	10.474	2.938	0.1	-1.7337e-005
675	10.504	4.135	0.1	-1.7533e-005
676	12.263	3.5162	0.1	-1.3211e-005
677	11.676	2.9345	0.1	-1.4604e-005
678	11.705	4.117	0.1	-1.4602e-005
679	13.389	3.5139	0.1	-1.0663e-005
680	12.821	2.9339	0.1	-1.1856e-005
681	12.837	4.0977	0.1	-1.1868e-005
682	14.506	3.5119	0.1	-8.4495e-006
683	13.948	2.9323	0.1	-9.5015e-006
684	13.954	4.0945	0.1	-9.5402e-006
685	15.621	3.5123	0.1	-6.4915e-006
686	15.063	2.931	0.1	-7.4079e-006
687	15.068	4.0926	0.1	-7.4662e-006
688	16.734	3.5171	0.1	-4.7927e-006
689	16.18	2.9334	0.1	-5.5893e-006
690	16.18	4.094	0.1	-5.6499e-006
691	17.846	3.5271	0.1	-3.3404e-006
692	17.292	2.9388	0.1	-4.0086e-006
693	17.291	4.1011	0.1	-4.0832e-006
694	18.962	3.5456	0.1	-2.1337e-006
695	18.405	2.9485	0.1	-2.6782e-006
696	18.401	4.1177	0.1	-2.7525e-006
697	20.078	3.5687	0.1	-1.1666e-006
698	19.521	2.964	0.1	-1.5919e-006
699	19.517	4.1497	0.1	-1.6667e-006
700	21.191	3.5852	0.1	-4.364e-007
701	20.634	2.9788	0.1	-7.4297e-007
702	20.631	4.1855	0.1	-8.1289e-007
703	21.749	2.9891	0.1	-1.3696e-007
704	21.751	4.1918	0.1	-2.0107e-007
705	22.309	3.5963	0.1	5.7164e-008
706	21.192	2.3827	0.1	-4.4247e-007
707	22.309	2.3903	0.1	5.3615e-008
708	21.752	1.7881	0.1	-2.0434e-007
709	20.077	2.3741	0.1	-1.167e-006
710	20.635	1.7836	0.1	-8.1186e-007
711	18.964	2.3668	0.1	-2.135e-006
712	19.52	1.7777	0.1	-1.6551e-006
713	17.851	2.3602	0.1	-3.3451e-006
714	18.409	1.7711	0.1	-2.7471e-006
715	16.737	2.355	0.1	-4.8041e-006
716	17.294	1.766	0.1	-4.0718e-006
717	15.621	2.3521	0.1	-6.5046e-006
718	16.184	1.7627	0.1	-5.6582e-006
719	14.505	2.3514	0.1	-8.4588e-006
720	15.063	1.7617	0.1	-7.4675e-006
721	13.381	2.3523	0.1	-1.0694e-005
722	13.951	1.7623	0.1	-9.5599e-006
723	12.235	2.3522	0.1	-1.3246e-005
724	12.821	1.7655	0.1	-1.1935e-005
725	11.061	2.3502	0.1	-1.6101e-005
726	11.67	1.7672	0.1	-1.4628e-005
727	9.8533	2.3496	0.1	-1.8001e-005
728	10.499	1.7685	0.1	-1.7317e-005
729	8.6049	2.3195	0.1	-1.956e-005
730	9.2878	1.7653	0.1	-1.9481e-005
731	7.3515	2.2693	0.1	-2.1195e-005
732	8.021	1.7237	0.1	-2.0946e-005
733	6.6456	1.6993	0.1	-2.4679e-005
734	6.7041	2.8021	0.1	-1.6564e-005
735	6.2692	5.2291	0.1	-2.6664e-005
736	5.2896	5.4128	0.1	-2.3952e-005
737	5.4211	5.059	0.1	-2.664e-005
738	5.9926	5.6768	0.1	-2.73e-005
739	7.2709	4.8814	0.1	-2.4063e-005
740	6.15	4.7473	0.1	-2.5566e-005
741	7.0084	5.5523	0.1	-2.9362e-005
742	8.5538	4.6984	0.1	-2.0365e-005
743	8.1085	5.329	0.1	-2.1782e-005
744	9.9098	4.7409	0.1	-1.8938e-005
745	9.4054	5.3694	0.1	-2.0564e-005
746	11.12	4.7297	0.1	-1.5997e-005
747	10.578	5.3715	0.1	-1.7062e-005
748	12.28	4.6985	0.1	-1.326e-005
749	11.73	5.3582	0.1	-1.4411e-005
750	13.403	4.6783	0.1	-1.0745e-005
751	12.852	5.3403	0.1	-1.183e-005
752	14.516	4.6751	0.1	-8.5563e-006
753	13.967	5.338	0.1	-9.5354e-006
754	15.627	4.6744	0.1	-6.624e-006
755	15.079	5.3372	0.1	-7.4828e-006
756	16.736	4.678	0.1	-4.9398e-006
757	16.192	5.3372	0.1	-5.6737e-006
758	17.845	4.6918	0.1	-3.4946e-006
759	17.303	5.3408	0.1	-4.1061e-006
760	18.956	4.7218	0.1	-2.2848e-006
761	18.415	5.3509	0.1	-2.7794e-006
762	20.071	4.7666	0.1	-1.3121e-006
763	19.528	5.3709	0.1	-1.6953e-006
764	21.191	4.7921	0.1	-5.7664e-007
765	20.643	5.3957	0.1	-8.608e-007
766	22.315	4.7949	0.1	-8.4147e-008
767	21.763	5.3964	0.1	-2.5888e-007
768	22.873	4.1993	0.1	1.7284e-007
769	22.881	5.3985	0.1	9.4301e-008
770	23.438	4.7985	0.1	1.5685e-007
771	22.869	2.9975	0.1	2.4634e-007
772	23.435	3.6009	0.1	3.0572e-007
773	22.873	1.7941	0.1	1.7362e-007
774	23.434	2.3966	0.1	3.0545e-007
775	22.317	1.192	0.1	-8.3155e-008
776	23.44	1.1975	0.1	1.5813e-007
777	22.883	0.59755	0.1	9.3551e-008
778	21.195	1.189	0.1	-5.7292e-007
779	21.763	0.59443	0.1	-2.5618e-007
780	20.078	1.1871	0.1	-1.2994e-006
781	20.647	0.59459	0.1	-8.5733e-007
782	18.965	1.182	0.1	-2.2667e-006
783	19.532	0.59256	0.1	-1.6986e-006
784	17.853	1.1768	0.1	-3.4731e-006
785	18.42	0.58942	0.1	-2.7866e-006
786	16.74	1.1736	0.1	-4.9252e-006
787	17.305	0.5874	0.1	-4.1074e-006
788	15.625	1.1724	0.1	-6.6203e-006
789	16.194	0.58622	0.1	-5.6861e-006
790	14.509	1.1727	0.1	-8.5678e-006
791	15.076	0.58615	0.1	-7.4915e-006
792	13.391	1.1755	0.1	-1.08e-005
793	13.964	0.58651	0.1	-9.5735e-006
794	12.256	1.1806	0.1	-1.3317e-005
795	12.844	0.58903	0.1	-1.1933e-005
796	11.108	1.1855	0.1	-1.6182e-005
797	11.714	0.59152	0.1	-1.453e-005
798	9.9334	1.1842	0.1	-1.8835e-005
799	10.581	0.59396	0.1	-1.7455e-005
800	8.704	1.1694	0.1	-2.0868e-005
801	9.426	0.59023	0.1	-2.0205e-005
802	7.3152	1.1537	0.1	-2.4139e-005
803	8.238	0.57921	0.1	-2.1708e-005
804	6.1746	0.91723	0.1	-2.4256e-005
805	5.9615	1.4232	0.1	-2.2849e-005
806	6.9232	0.57448	0.1	-2.7521e-005
807	5.3199	0.58295	0.1	-2.4069e-005
808	5.9833	0.34274	0.1	-2.5125e-005
809	6.0282	3.1671	0.1	-1.7339e-005
810	1.1712	2.7844	0.1	-3.9009e-006
811	1.0572	1.6889	0.1	-8.7196e-006
812	1.727	2.0698	0.1	-1.5304e-005
813	0.5654	2.3201	0.1	-2.4875e-006
814	1.2339	3.9513	0.1	-7.5845e-006
815	0.60583	3.4643	0.1	-9.5438e-007
816	1.4396	1.0468	0.1	-2.3616e-005
817	2.1093	1.4277	0.1	-2.9758e-005
818	2.343	0.8179	0.1	-3.6805e-005
819	1.8928	0.47802	0.1	-3.8451e-005
820	0.49184	1.1688	0.1	-5.2067e-006
821	0.96434	0.56877	0.1	-2.1008e-005
822	1.6682	4.8648	0.1	-2.3473e-005
823	1.8507	4.2627	0.1	-1.5274e-005
824	0.62803	4.687	0.1	-5.8384e-006
825	1.1005	5.287	0.1	-2.4999e-005
826	2.437	4.8513	0.1	-3.4522e-005
827	2.486	5.2976	0.1	-3.5138e-005
828	1.9852	5.5778	0.1	-3.941e-005
829	5.3019	4.5772	0.1	-2.5626e-005
830	4.7593	4.195	0.1	-3.7419e-005
831	4.3577	5.486	0.1	-1.4423e-005
832	4.9148	5.736	0.1	-1.9452e-005
833	2.9566	4.777	0.1	-3.1359e-005
834	2.6195	4.2492	0.1	-2.5592e-005
835	3.2868	4.5234	0.1	-3.8193e-005
836	3.0055	5.2233	0.1	-2.2379e-005
837	3.4497	5.0035	0.1	-2.0244e-005
838	3.3358	5.4698	0.1	-1.9945e-005
839	2.8633	5.7198	0.1	-2.6024e-005
840	4.3974	0.4902	0.1	-1.5253e-005
841	4.9544	0.2402	0.1	-1.8891e-005
842	3.0516	1.6997	0.1	-3.2126e-005
843	3.2853	0.58989	0.1	-2.234e-005
844	2.8128	0.33989	0.1	-2.7637e-005
845	4.4892	4.6322	0.1	-2.659e-005
846	3.1127	3.9757	0.1	-5.9581e-005
847	4.751	2.8669	0.1	-4.1209e-005
848	3.9501	2.377	0.1	-5.7319e-005
849	4.6561	1.8487	0.1	-4.5767e-005
850	3.9467	5.25	0.1	-1.1857e-005
851	3.9467	5.75	0.1	3.1526e-007
852	3.9467	5.5	5.e-002	-9.4099e-022
853	3.9467	4.75	0.1	-1.7462e-005
854	3.9467	5.	5.e-002	-4.3892e-013
855	3.9467	4.25	0.1	-2.9117e-005
856	3.9467	4.5	5.e-002	-2.7896e-014
857	3.8633	4.	0.1	-5.9092e-005
858	3.9467	4.	5.e-002	-2.2807e-012
859	3.78	4.25	0.1	-5.3838e-005
860	3.78	4.	5.e-002	-9.5324e-014
861	3.78	4.75	0.1	-2.7045e-005
862	3.78	4.5	5.e-002	2.4052e-013
863	3.78	5.25	0.1	-1.9246e-005
864	3.78	5.	5.e-002	-5.3407e-021
865	3.78	5.75	0.1	2.0043e-006
866	3.78	5.5	5.e-002	-1.43e-021
867	3.9467	0.75	0.1	-1.169e-005
868	3.9467	0.25	0.1	7.1727e-007
869	3.9467	0.5	5.e-002	-8.9511e-022
870	3.9467	1.25	0.1	-1.4502e-005
871	3.9467	1.	5.e-002	4.1778e-013
872	3.9467	1.75	0.1	-3.5154e-005
873	3.9467	1.5	5.e-002	4.3251e-014
874	3.8633	2.	0.1	-6.9481e-005
875	3.9467	2.	5.e-002	3.0493e-012
876	3.78	1.75	0.1	-5.9465e-005
877	3.78	2.	5.e-002	5.8882e-013
878	3.78	1.25	0.1	-5.4153e-005
879	3.78	1.5	5.e-002	1.2227e-013
880	3.78	0.75	0.1	-3.2791e-005
881	3.78	1.	5.e-002	-6.2711e-021
882	3.78	0.25	0.1	-5.5083e-006
883	3.78	0.5	5.e-002	-2.4471e-013
884	4.5037	6.	0.1	-1.1267e-005
885	3.9467	6.	5.e-002	-6.7678e-022
886	5.6178	6.	0.1	-2.3574e-005
887	5.0607	6.	5.e-002	-1.7043e-022
888	6.7319	6.	0.1	-2.7953e-005
889	6.1748	6.	5.e-002	7.4511e-015
890	7.8459	6.	0.1	-2.5198e-005
891	7.2889	6.	5.e-002	5.3972e-014
892	8.96	6.	0.1	-2.1771e-005
893	8.403	6.	5.e-002	5.1427e-014
894	10.074	6.	0.1	-1.8799e-005
895	9.517	6.	5.e-002	-2.3677e-022
896	11.188	6.	0.1	-1.5481e-005
897	10.631	6.	5.e-002	-6.9241e-015
898	12.302	6.	0.1	-1.2981e-005
899	11.745	6.	5.e-002	-1.8193e-022
900	13.416	6.	0.1	-1.062e-005
901	12.859	6.	5.e-002	2.2727e-013
902	14.53	6.	0.1	-8.4613e-006
903	13.973	6.	5.e-002	2.2706e-013
904	15.644	6.	0.1	-6.5322e-006
905	15.087	6.	5.e-002	4.5436e-013
906	16.759	6.	0.1	-4.8399e-006
907	16.201	6.	5.e-002	1.0665e-013
908	17.873	6.	0.1	-3.3908e-006
909	17.316	6.	5.e-002	1.1356e-013
910	18.987	6.	0.1	-2.19e-006
911	18.43	6.	5.e-002	2.2711e-013
912	20.101	6.	0.1	-1.244e-006
913	19.544	6.	5.e-002	1.1388e-013
914	21.215	6.	0.1	-5.4267e-007
915	20.658	6.	5.e-002	2.1964e-013
916	22.329	6.	0.1	-7.9292e-008
917	21.772	6.	5.e-002	2.2055e-013
918	23.443	6.	0.1	1.2369e-007
919	22.886	6.	5.e-002	2.9781e-013
920	24.	5.4	0.1	1.8303e-007
921	24.	6.	5.e-002	9.4711e-013
922	24.	4.2	0.1	2.8717e-007
923	24.	4.8	5.e-002	1.9157e-013
924	24.	3.	0.1	3.6215e-007
925	24.	3.6	5.e-002	2.3069e-013
926	24.	1.8	0.1	2.8747e-007
927	24.	2.4	5.e-002	1.9944e-013
928	24.	0.6	0.1	1.8273e-007
929	24.	1.2	5.e-002	1.9487e-013
930	1.5735e-014	1.8	0.1	8.2786e-007
931	5.2451e-015	0.6	0.1	4.7265e-007
932	1.0632e-014	1.2	5.e-002	-1.9841e-014
933	2.6226e-014	3.	0.1	5.5832e-007
934	2.1264e-014	2.4	5.e-002	-9.6969e-015
935	3.6716e-014	4.2	0.1	5.9655e-007
936	3.1897e-014	3.6	5.e-002	1.7693e-014
937	4.7206e-014	5.4	0.1	2.117e-006
938	4.2529e-014	4.8	5.e-002	-4.8377e-015
939	23.443	0.	0.1	1.2168e-007
940	24.	0.	5.e-002	9.282e-013
941	22.329	0.	0.1	-7.8247e-008
942	22.886	0.	5.e-002	3.0778e-013
943	21.215	0.	0.1	-5.3999e-007
944	21.772	0.	5.e-002	2.3991e-013
945	20.101	0.	0.1	-1.2561e-006
946	20.658	0.	5.e-002	1.8972e-013
947	18.987	0.	0.1	-2.2181e-006
948	19.544	0.	5.e-002	1.7075e-013
949	17.873	0.	0.1	-3.4205e-006
950	18.43	0.	5.e-002	1.1421e-013
951	16.759	0.	0.1	-4.8681e-006
952	17.316	0.	5.e-002	8.1259e-016
953	15.644	0.	0.1	-6.5571e-006
954	16.201	0.	5.e-002	9.8788e-016
955	14.53	0.	0.1	-8.4972e-006
956	15.087	0.	5.e-002	-6.8149e-022
957	13.416	0.	0.1	-1.0707e-005
958	13.973	0.	5.e-002	1.9715e-016
959	12.302	0.	0.1	-1.3147e-005
960	12.859	0.	5.e-002	4.0643e-016
961	11.188	0.	0.1	-1.5756e-005
962	11.745	0.	5.e-002	-4.0983e-022
963	10.074	0.	0.1	-1.8455e-005
964	10.631	0.	5.e-002	-8.3533e-022
965	8.96	0.	0.1	-2.1747e-005
966	9.517	0.	5.e-002	-4.5475e-013
967	7.8459	0.	0.1	-2.477e-005
968	8.403	0.	5.e-002	-1.4164e-014
969	6.7319	0.	0.1	-2.5555e-005
970	7.2889	0.	5.e-002	5.1995e-013
971	5.6178	0.	0.1	-2.1259e-005
972	6.1748	0.	5.e-002	-4.9295e-022
973	4.5037	0.	0.1	-1.1343e-005
974	5.0607	0.	5.e-002	-2.7477e-022
975	3.9467	0.	5.e-002	-9.3343e-022
976	3.3075	7.4308e-031	0.1	-1.6801e-005
977	3.78	8.4923e-031	5.e-002	-1.4801e-021
978	2.3625	5.3077e-031	0.1	-3.6813e-005
979	2.835	0.	5.e-002	-1.362e-022
980	1.4175	3.1846e-031	0.1	-3.6399e-005
981	1.89	0.	5.e-002	4.5205e-018
982	0.4725	1.0615e-031	0.1	-1.4976e-005
983	0.945	0.	5.e-002	-5.8012e-022
984	0.	0.	5.e-002	-2.2821e-014
985	0.4725	6.	0.1	-1.7989e-005
986	5.2451e-014	6.	5.e-002	9.01e-014
987	1.4175	6.	0.1	-4.2644e-005
988	0.945	6.	5.e-002	3.4066e-013
989	2.3625	6.	0.1	-3.1911e-005
990	1.89	6.	5.e-002	-8.8997e-022
991	3.3075	6.	0.1	-1.3059e-005
992	2.835	6.	5.e-002	8.6323e-014
993	3.78	6.	5.e-002	-2.2735e-013
994	2.3625	6.	0.	3.1911e-005
995	3.3075	6.	0.	1.3059e-005
996	1.4175	6.	0.	4.2644e-005
997	0.4725	6.	0.	1.7989e-005
998	3.78	5.75	0.	-2.0043e-006
999	4.7206e-014	5.4	0.	-2.117e-006
1000	1.4175	3.1846e-031	0.	3.6399e-005
1001	0.4725	1.0615e-031	0.	1.4976e-005
1002	2.3625	5.3077e-031	0.	3.6813e-005
1003	3.3075	7.4308e-031	0.	1.6801e-005
1004	3.78	0.25	0.	5.5083e-006
1005	5.2451e-015	0.6	0.	-4.7265e-007
1006	5.6178	0.	0.	2.1259e-005
1007	4.5037	0.	0.	1.1343e-005
1008	6.7319	0.	0.	2.5555e-005
1009	7.8459	0.	0.	2.477e-005
1010	8.96	0.	0.	2.1747e-005
1011	10.074	0.	0.	1.8455e-005
1012	11.188	0.	0.	1.5756e-005
1013	12.302	0.	0.	1.3147e-005
1014	13.416	0.	0.	1.0707e-005
1015	14.53	0.	0.	8.4972e-006
1016	15.644	0.	0.	6.5571e-006
1017	16.759	0.	0.	4.8681e-006
1018	17.873	0.	0.	3.4205e-006
1019	18.987	0.	0.	2.2181e-006
1020	20.101	0.	0.	1.2561e-006
1021	21.215	0.	0.	5.3999e-007
1022	22.329	0.	0.	7.8247e-008
1023	23.443	0.	0.	-1.2169e-007
1024	3.9467	0.25	0.	-7.1727e-007
1025	24.	0.6	0.	-1.8273e-007
1026	3.6716e-014	4.2	0.	-5.9655e-007
1027	2.6226e-014	3.	0.	-5.5832e-007
1028	1.5735e-014	1.8	0.	-8.2786e-007
1029	24.	1.8	0.	-2.8747e-007
1030	24.	3.	0.	-3.6215e-007
1031	24.	4.2	0.	-2.8717e-007
1032	24.	5.4	0.	-1.8303e-007
1033	23.443	6.	0.	-1.2369e-007
1034	22.329	6.	0.	7.9292e-008
1035	21.215	6.	0.	5.4267e-007
1036	20.101	6.	0.	1.244e-006
1037	18.987	6.	0.	2.19e-006
1038	17.873	6.	0.	3.3908e-006
1039	16.759	6.	0.	4.8399e-006
1040	15.644	6.	0.	6.5322e-006
1041	14.53	6.	0.	8.4613e-006
1042	13.416	6.	0.	1.062e-005
1043	12.302	6.	0.	1.2981e-005
1044	11.188	6.	0.	1.5481e-005
1045	10.074	6.	0.	1.8799e-005
1046	8.96	6.	0.	2.1771e-005
1047	7.8459	6.	0.	2.5198e-005
1048	6.7319	6.	0.	2.7953e-005
1049	5.6178	6.	0.	2.3574e-005
1050	4.5037	6.	0.	1.1267e-005
1051	3.9467	5.75	0.	-3.1526e-007
1052	3.78	1.25	0.	5.4153e-005
1053	3.78	1.75	0.	5.9465e-005
1054	3.78	0.75	0.	3.2791e-005
1055	3.8633	2.	0.	6.9481e-005
1056	3.9467	0.75	0.	1.169e-005
1057	3.9467	1.25	0.	1.4502e-005
1058	3.9467	1.75	0.	3.5154e-005
1059	3.78	4.75	0.	2.7045e-005
1060	3.78	4.25	0.	5.3838e-005
1061	3.78	5.25	0.	1.9246e-005
1062	3.8633	4.	0.	5.9092e-005
1063	3.9467	5.25	0.	1.1857e-005
1064	3.9467	4.75	0.	1.7462e-005
1065	3.9467	4.25	0.	2.9117e-005
