Node Number	X Location (in)	Y Location (in)	Z Location (in)	Middle Principal Stress (psi)
1	2.2039	3.7199	0.	872.31
2	2.0287	2.327	0.	578.71
3	0.9733	2.099	0.	-1725.4
4	1.5617	3.8027	0.	-614.28
5	1.0626	3.9315	0.	-1619.2
6	1.5677	5.1642	0.	13.2
7	1.6948	4.9351	0.	165.89
8	2.6384	4.9107	0.	-60.133
9	1.6882	1.0479	0.	148.72
10	1.4894	1.7564	0.	-214.97
11	2.5644	2.0513	0.	-690.82
12	2.4384	3.0084	0.	-300.17
13	2.7602	3.3273	0.	-389.11
14	1.1499	4.7183	0.	-759.64
15	0.97997	1.5502	0.	-1508.3
16	3.0848	4.4544	0.	128.73
17	0.55204	4.5583	0.	-1259.4
18	3.1846	2.0079	0.	-123.68
19	0.66724	0.73357	0.	-526.97
20	3.1316	2.9662	0.	-535.07
21	0.65231	2.9586	0.	-1939.9
22	3.0136	0.55886	0.	56.202
23	3.8539	2.7548	0.	-515.39
24	4.4713	1.4194	0.	-106.01
25	5.1589	1.4365	0.	-154.18
26	5.931	1.418	0.	-130.8
27	6.6839	1.418	0.	-99.356
28	7.4368	1.418	0.	-71.893
29	8.1897	1.418	0.	-49.124
30	8.9425	1.418	0.	-32.489
31	9.6954	1.418	0.	-19.992
32	10.448	1.418	0.	-10.875
33	11.201	1.418	0.	-4.1113
34	11.954	1.418	0.	-0.80123
35	12.707	1.418	0.	-0.15359
36	13.46	1.418	0.	-0.82362
37	14.213	1.418	0.	-0.40467
38	14.962	1.4078	0.	-0.39155
39	15.713	1.3831	0.	-0.88935
40	16.479	1.3743	0.	-1.2649
41	17.242	1.4035	0.	1.2563
42	17.987	1.4488	0.	3.5055
43	18.725	1.4519	0.	-0.94824
44	19.468	1.4697	0.	-1.1182
45	20.236	1.4458	0.	-0.4561
46	20.998	1.4863	0.	-0.74276
47	21.767	1.4963	0.	-1.4568
48	22.516	2.2599	0.	5.6715e-002
49	22.513	3.0303	0.	0.72754
50	22.464	3.7897	0.	-3.2198e-002
51	21.668	4.5373	0.	-1.8543
52	20.894	4.5387	0.	-1.4591
53	20.114	4.5541	0.	-0.69318
54	19.329	4.5693	0.	-0.37168
55	18.544	4.5711	0.	-0.81341
56	17.765	4.5718	0.	-0.93355
57	16.982	4.582	0.	4.6165e-002
58	16.202	4.582	0.	-0.12379
59	15.423	4.582	0.	-0.8125
60	14.643	4.582	0.	-0.12686
61	13.863	4.582	0.	-5.1132e-002
62	13.083	4.582	0.	-0.13337
63	12.304	4.582	0.	-0.26844
64	11.524	4.582	0.	-1.4495
65	10.744	4.582	0.	-7.7313
66	9.9643	4.582	0.	-16.283
67	9.1845	4.582	0.	-28.079
68	8.4048	4.582	0.	-43.593
69	7.625	4.582	0.	-63.455
70	6.8538	4.5923	0.	-95.047
71	6.0698	4.6081	0.	-128.61
72	5.287	4.5989	0.	-134.85
73	4.464	3.8614	0.	-417.21
74	4.5582	2.8292	0.	-447.63
75	20.125	3.0782	0.	-1.9533
76	19.372	3.0439	0.	-0.90213
77	18.594	3.0449	0.	1.4899
78	17.762	3.164	0.	-8.4852
79	16.938	3.2147	0.	-0.69914
80	16.157	3.2165	0.	-1.8277
81	15.423	3.164	0.	0.92039
82	14.643	3.164	0.	-3.3448
83	13.863	3.164	0.	-12.19
84	13.083	3.164	0.	-8.0139
85	12.304	3.164	0.	-9.8121
86	11.524	3.164	0.	-12.693
87	10.744	3.164	0.	-18.684
88	9.9643	3.164	0.	-29.351
89	9.1845	3.164	0.	-45.689
90	8.4048	3.164	0.	-70.453
91	7.625	3.164	0.	-106.53
92	2.3008	2.4434	0.	381.02
93	1.9371	3.565	0.	285.32
94	1.537	5.5083	0.	-113.17
95	1.0605	5.3649	0.	-366.21
96	0.56462	5.2943	0.	-539.84
97	0.55937	3.794	0.	-1719.5
98	0.5259	2.2173	0.	-1776.7
99	0.50871	1.4918	0.	-1340.6
100	1.343	0.46558	0.	-213.72
101	1.5019	0.81464	0.	95.226
102	1.5736	1.342	0.	54.552
103	1.6172	2.1787	0.	-784.25
104	23.226	5.2609	0.	-4.8715
105	22.445	5.2677	0.	1.8443
106	21.664	5.2697	0.	0.63506
107	20.883	5.2812	0.	0.27241
108	20.106	5.2767	0.	-7.4631e-002
109	19.326	5.2824	0.	0.36805
110	18.542	5.291	0.	2.1929e-002
111	17.762	5.291	0.	-0.15114
112	16.982	5.291	0.	-0.18038
113	16.202	5.291	0.	-0.17076
114	15.423	5.291	0.	-5.8479e-002
115	14.643	5.291	0.	-0.2273
116	13.863	5.291	0.	-0.27096
117	13.083	5.291	0.	-0.26892
118	12.304	5.291	0.	-0.34726
119	11.524	5.291	0.	-0.43961
120	10.744	5.291	0.	-0.58522
121	9.9643	5.291	0.	-4.8275
122	9.1845	5.291	0.	-11.746
123	8.4048	5.291	0.	-20.925
124	7.625	5.291	0.	-31.57
125	6.8452	5.291	0.	-43.64
126	6.0666	5.3005	0.	-48.296
127	5.2974	5.3032	0.	-29.508
128	4.555	5.3246	0.	14.538
129	3.8113	5.365	0.	127.1
130	3.0359	5.4404	0.	46.377
131	2.5909	5.1696	0.	-93.951
132	2.6546	4.5638	0.	-54.029
133	2.632	4.2078	0.	-130.42
134	2.6024	3.8682	0.	-634.92
135	23.258	0.74439	0.	-4.4134
136	23.27	1.494	0.	-7.6464
137	23.258	2.2563	0.	-7.0179
138	23.249	3.0167	0.	-7.7512
139	23.237	3.7728	0.	-6.8959
140	23.229	4.5192	0.	-8.5622
141	3.7657	0.64813	0.	129.39
142	4.4747	0.68506	0.	11.284
143	5.1782	0.70901	0.	-17.295
144	5.931	0.70901	0.	-46.729
145	6.6839	0.70901	0.	-44.846
146	7.4368	0.70901	0.	-34.233
147	8.1897	0.70901	0.	-23.378
148	8.9425	0.70901	0.	-14.03
149	9.6954	0.70901	0.	-6.7399
150	10.448	0.70901	0.	-1.2007
151	11.201	0.70901	0.	-0.36981
152	11.954	0.70901	0.	-0.31606
153	12.707	0.70901	0.	-0.78978
154	13.46	0.70901	0.	3.0235e-002
155	14.213	0.70901	0.	0.37658
156	14.962	0.70178	0.	-0.56425
157	15.716	0.69418	0.	0.16471
158	16.473	0.6932	0.	9.9674e-002
159	17.232	0.70389	0.	-0.90677
160	17.984	0.71779	0.	-1.4381
161	18.73	0.70901	0.	0.58348
162	19.483	0.70901	0.	0.99622
163	20.238	0.73242	0.	0.37289
164	21.001	0.74099	0.	0.96417
165	21.756	0.7484	0.	0.18671
166	22.513	0.74338	0.	2.0237
167	2.603	0.8062	0.	-79.189
168	2.6604	1.0692	0.	-9.7929
169	2.6456	1.3689	0.	-47.752
170	2.5804	1.6788	0.	-279.18
171	1.575	4.6667	0.	124.71
172	1.5656	4.2644	0.	-214.91
173	2.4556	3.5803	0.	-265.28
174	2.1606	3.2804	0.	-16.11
175	2.7259	2.5442	0.	-97.351
176	1.7885	2.5279	0.	-564.32
177	3.2061	4.8539	0.	70.961
178	22.452	4.5272	0.	-0.40213
179	22.515	1.4997	0.	-1.2459
180	3.237	1.1646	0.	69.771
181	1.573	3.4326	0.	-1080.3
182	2.103	2.7722	0.	-67.287
183	4.5478	4.6202	0.	-106.07
184	3.8512	4.7273	0.	16.534
185	3.093	4.0431	0.	43.92
186	3.0353	3.6763	0.	-458.37
187	3.817	1.2793	0.	-13.653
188	3.1446	1.4908	0.	175.08
189	2.9878	1.712	0.	-9.8039
190	2.8369	2.0131	0.	-333.45
191	3.0704	2.3131	0.	-487.88
192	1.7956	3.0687	0.	-571.17
193	1.1528	3.2516	0.	-1955.
194	3.6653	4.0949	0.	-267.
195	21.689	3.7843	0.	-1.6204
196	21.744	2.2607	0.	-1.4162
197	3.6896	1.9232	0.	-282.14
198	1.4735	2.7716	0.	-1581.5
199	20.124	3.8185	0.	-0.33922
200	19.329	3.8422	0.	-2.4661
201	18.564	3.8198	0.	-0.20463
202	17.78	3.8507	0.	-3.7589
203	16.982	3.873	0.	-1.7238
204	16.193	3.8818	0.	2.1934
205	15.423	3.873	0.	-0.17633
206	14.643	3.873	0.	-2.0171
207	13.863	3.873	0.	-3.2561
208	13.083	3.873	0.	-2.1257
209	12.304	3.873	0.	-3.8405
210	11.524	3.873	0.	-7.8339
211	10.744	3.873	0.	-15.177
212	9.9643	3.873	0.	-25.962
213	9.1845	3.873	0.	-41.321
214	8.4048	3.873	0.	-62.545
215	7.625	3.873	0.	-94.997
216	6.8644	3.9018	0.	-130.53
217	6.0965	3.9462	0.	-176.8
218	5.3232	3.9422	0.	-263.4
219	3.4866	3.4694	0.	-689.36
220	5.1676	2.1029	0.	-311.93
221	5.9438	2.1109	0.	-216.43
222	6.6839	2.127	0.	-145.7
223	7.4368	2.127	0.	-99.772
224	8.1897	2.127	0.	-67.761
225	8.9425	2.127	0.	-44.869
226	9.6954	2.127	0.	-28.305
227	10.448	2.127	0.	-16.274
228	11.201	2.127	0.	-7.6563
229	11.954	2.127	0.	-2.1515
230	12.707	2.127	0.	6.0422e-002
231	13.46	2.127	0.	0.38358
232	14.216	2.0646	0.	-1.2657
233	14.975	2.0594	0.	-2.1656
234	15.743	2.0328	0.	-1.1828
235	16.493	2.0222	0.	-2.4582
236	17.247	2.0831	0.	-5.3204
237	17.963	2.216	0.	-4.3321
238	18.675	2.2705	0.	1.6507
239	19.429	2.2574	0.	-0.95166
240	20.192	2.2547	0.	-3.5345e-002
241	20.961	2.254	0.	-1.3866
242	21.72	3.0209	0.	-2.2916
243	20.91	3.7774	0.	-0.60186
244	4.3068	2.219	0.	-463.79
245	3.4876	2.5399	0.	-698.26
246	4.1269	3.2731	0.	-577.62
247	20.928	3.0237	0.	-0.36498
248	17.193	2.6118	0.	-5.1129
249	6.8452	3.164	0.	-155.37
250	6.0565	3.3663	0.	-227.81
251	5.3501	3.3615	0.	-320.08
252	4.7991	3.3245	0.	-367.72
253	5.2531	2.7314	0.	-368.02
254	5.931	2.836	0.	-262.5
255	6.6839	2.836	0.	-169.2
256	7.4368	2.836	0.	-115.55
257	8.1897	2.836	0.	-77.697
258	8.9425	2.836	0.	-52.607
259	9.6954	2.836	0.	-33.821
260	10.448	2.836	0.	-20.169
261	11.201	2.836	0.	-10.706
262	11.954	2.836	0.	-4.5439
263	12.707	2.836	0.	-4.285
264	13.46	2.836	0.	-4.3949
265	14.344	2.6437	0.	6.1153
266	15.1	2.6457	0.	-5.2111
267	15.851	2.6454	0.	-3.0906
268	16.58	2.659	0.	-4.1222
269	1.1756	1.138	0.	-468.41
270	1.2135	2.4612	0.	-1879.7
271	1.2135	2.4612	0.1	1879.7
272	1.1756	1.138	0.1	468.41
273	16.58	2.659	0.1	4.1222
274	15.851	2.6454	0.1	3.0906
275	15.1	2.6457	0.1	5.2111
276	14.344	2.6437	0.1	-6.1153
277	13.46	2.836	0.1	4.3949
278	12.707	2.836	0.1	4.285
279	11.954	2.836	0.1	4.5439
280	11.201	2.836	0.1	10.706
281	10.448	2.836	0.1	20.169
282	9.6954	2.836	0.1	33.821
283	8.9425	2.836	0.1	52.607
284	8.1897	2.836	0.1	77.697
285	7.4368	2.836	0.1	115.55
286	6.6839	2.836	0.1	169.2
287	5.931	2.836	0.1	262.5
288	5.2531	2.7314	0.1	368.02
289	4.7991	3.3245	0.1	367.72
290	5.3501	3.3615	0.1	320.08
291	6.0565	3.3663	0.1	227.81
292	6.8452	3.164	0.1	155.37
293	17.193	2.6118	0.1	5.1129
294	20.928	3.0237	0.1	0.36499
295	4.1269	3.2731	0.1	577.62
296	3.4876	2.5399	0.1	698.26
297	4.3068	2.219	0.1	463.79
298	20.91	3.7774	0.1	0.60186
299	21.72	3.0209	0.1	2.2916
300	20.961	2.254	0.1	1.3866
301	20.192	2.2547	0.1	3.5348e-002
302	19.429	2.2574	0.1	0.95166
303	18.675	2.2705	0.1	-1.6507
304	17.963	2.216	0.1	4.3321
305	17.247	2.0831	0.1	5.3204
306	16.493	2.0222	0.1	2.4582
307	15.743	2.0328	0.1	1.1828
308	14.975	2.0594	0.1	2.1656
309	14.216	2.0646	0.1	1.2657
310	13.46	2.127	0.1	-0.38358
311	12.707	2.127	0.1	-6.042e-002
312	11.954	2.127	0.1	2.1515
313	11.201	2.127	0.1	7.6563
314	10.448	2.127	0.1	16.274
315	9.6954	2.127	0.1	28.305
316	8.9425	2.127	0.1	44.869
317	8.1897	2.127	0.1	67.761
318	7.4368	2.127	0.1	99.772
319	6.6839	2.127	0.1	145.7
320	5.9438	2.1109	0.1	216.43
321	5.1676	2.1029	0.1	311.93
322	3.4866	3.4694	0.1	689.36
323	5.3232	3.9422	0.1	263.4
324	6.0965	3.9462	0.1	176.8
325	6.8644	3.9018	0.1	130.53
326	7.625	3.873	0.1	94.997
327	8.4048	3.873	0.1	62.545
328	9.1845	3.873	0.1	41.321
329	9.9643	3.873	0.1	25.962
330	10.744	3.873	0.1	15.177
331	11.524	3.873	0.1	7.8339
332	12.304	3.873	0.1	3.8405
333	13.083	3.873	0.1	2.1257
334	13.863	3.873	0.1	3.2561
335	14.643	3.873	0.1	2.0171
336	15.423	3.873	0.1	0.17633
337	16.193	3.8818	0.1	-2.1934
338	16.982	3.873	0.1	1.7238
339	17.78	3.8507	0.1	3.7589
340	18.564	3.8198	0.1	0.20463
341	19.329	3.8422	0.1	2.4661
342	20.124	3.8185	0.1	0.33923
343	1.4735	2.7716	0.1	1581.5
344	3.6896	1.9232	0.1	282.14
345	21.744	2.2607	0.1	1.4162
346	21.689	3.7843	0.1	1.6204
347	3.6653	4.0949	0.1	267.
348	1.1528	3.2516	0.1	1955.
349	1.7956	3.0687	0.1	571.17
350	3.0704	2.3131	0.1	487.88
351	2.8369	2.0131	0.1	333.45
352	2.9878	1.712	0.1	9.8038
353	3.1446	1.4908	0.1	-175.08
354	3.817	1.2793	0.1	13.653
355	3.0353	3.6763	0.1	458.37
356	3.093	4.0431	0.1	-43.92
357	3.8512	4.7273	0.1	-16.534
358	4.5478	4.6202	0.1	106.07
359	2.103	2.7722	0.1	67.287
360	1.573	3.4326	0.1	1080.3
361	3.237	1.1646	0.1	-69.771
362	22.515	1.4997	0.1	1.2459
363	22.452	4.5272	0.1	0.40213
364	3.2061	4.8539	0.1	-70.961
365	1.7885	2.5279	0.1	564.32
366	2.7259	2.5442	0.1	97.351
367	2.1606	3.2804	0.1	16.11
368	2.4556	3.5803	0.1	265.28
369	1.5656	4.2644	0.1	214.91
370	1.575	4.6667	0.1	-124.71
371	2.5804	1.6788	0.1	279.18
372	2.6456	1.3689	0.1	47.752
373	2.6604	1.0692	0.1	9.7929
374	2.603	0.8062	0.1	79.189
375	22.513	0.74338	0.1	-2.0237
376	21.756	0.7484	0.1	-0.18671
377	21.001	0.74099	0.1	-0.96416
378	20.238	0.73242	0.1	-0.37289
379	19.483	0.70901	0.1	-0.99622
380	18.73	0.70901	0.1	-0.58348
381	17.984	0.71779	0.1	1.4381
382	17.232	0.70389	0.1	0.90677
383	16.473	0.6932	0.1	-9.9674e-002
384	15.716	0.69418	0.1	-0.1647
385	14.962	0.70178	0.1	0.56425
386	14.213	0.70901	0.1	-0.37658
387	13.46	0.70901	0.1	-3.0234e-002
388	12.707	0.70901	0.1	0.78978
389	11.954	0.70901	0.1	0.31606
390	11.201	0.70901	0.1	0.36981
391	10.448	0.70901	0.1	1.2007
392	9.6954	0.70901	0.1	6.7399
393	8.9425	0.70901	0.1	14.03
394	8.1897	0.70901	0.1	23.378
395	7.4368	0.70901	0.1	34.233
396	6.6839	0.70901	0.1	44.846
397	5.931	0.70901	0.1	46.729
398	5.1782	0.70901	0.1	17.295
399	4.4747	0.68506	0.1	-11.284
400	3.7657	0.64813	0.1	-129.39
401	23.229	4.5192	0.1	8.5622
402	23.237	3.7728	0.1	6.8959
403	23.249	3.0167	0.1	7.7512
404	23.258	2.2563	0.1	7.0179
405	23.27	1.494	0.1	7.6464
406	23.258	0.74439	0.1	4.4134
407	2.6024	3.8682	0.1	634.92
408	2.632	4.2078	0.1	130.42
409	2.6546	4.5638	0.1	54.029
410	2.5909	5.1696	0.1	93.951
411	3.0359	5.4404	0.1	-46.377
412	3.8113	5.365	0.1	-127.1
413	4.555	5.3246	0.1	-14.538
414	5.2974	5.3032	0.1	29.508
415	6.0666	5.3005	0.1	48.296
416	6.8452	5.291	0.1	43.64
417	7.625	5.291	0.1	31.57
418	8.4048	5.291	0.1	20.925
419	9.1845	5.291	0.1	11.746
420	9.9643	5.291	0.1	4.8276
421	10.744	5.291	0.1	0.58522
422	11.524	5.291	0.1	0.43961
423	12.304	5.291	0.1	0.34726
424	13.083	5.291	0.1	0.26892
425	13.863	5.291	0.1	0.27096
426	14.643	5.291	0.1	0.2273
427	15.423	5.291	0.1	5.8479e-002
428	16.202	5.291	0.1	0.17076
429	16.982	5.291	0.1	0.18038
430	17.762	5.291	0.1	0.15114
431	18.542	5.291	0.1	-2.1928e-002
432	19.326	5.2824	0.1	-0.36805
433	20.106	5.2767	0.1	7.4628e-002
434	20.883	5.2812	0.1	-0.27241
435	21.664	5.2697	0.1	-0.63505
436	22.445	5.2677	0.1	-1.8443
437	23.226	5.2609	0.1	4.8715
438	1.6172	2.1787	0.1	784.25
439	1.5736	1.342	0.1	-54.552
440	1.5019	0.81464	0.1	-95.226
441	1.343	0.46558	0.1	213.72
442	0.50871	1.4918	0.1	1340.6
443	0.5259	2.2173	0.1	1776.7
444	0.55937	3.794	0.1	1719.5
445	0.56462	5.2943	0.1	539.84
446	1.0605	5.3649	0.1	366.21
447	1.537	5.5083	0.1	113.17
448	1.9371	3.565	0.1	-285.32
449	2.3008	2.4434	0.1	-381.02
450	7.625	3.164	0.1	106.53
451	8.4048	3.164	0.1	70.453
452	9.1845	3.164	0.1	45.689
453	9.9643	3.164	0.1	29.351
454	10.744	3.164	0.1	18.684
455	11.524	3.164	0.1	12.693
456	12.304	3.164	0.1	9.8121
457	13.083	3.164	0.1	8.0139
458	13.863	3.164	0.1	12.19
459	14.643	3.164	0.1	3.3448
460	15.423	3.164	0.1	-0.92039
461	16.157	3.2165	0.1	1.8278
462	16.938	3.2147	0.1	0.69914
463	17.762	3.164	0.1	8.4852
464	18.594	3.0449	0.1	-1.4899
465	19.372	3.0439	0.1	0.90213
466	20.125	3.0782	0.1	1.9533
467	4.5582	2.8292	0.1	447.63
468	4.464	3.8614	0.1	417.21
469	5.287	4.5989	0.1	134.85
470	6.0698	4.6081	0.1	128.61
471	6.8538	4.5923	0.1	95.047
472	7.625	4.582	0.1	63.455
473	8.4048	4.582	0.1	43.593
474	9.1845	4.582	0.1	28.079
475	9.9643	4.582	0.1	16.283
476	10.744	4.582	0.1	7.7313
477	11.524	4.582	0.1	1.4495
478	12.304	4.582	0.1	0.26844
479	13.083	4.582	0.1	0.13337
480	13.863	4.582	0.1	5.1132e-002
481	14.643	4.582	0.1	0.12686
482	15.423	4.582	0.1	0.8125
483	16.202	4.582	0.1	0.12379
484	16.982	4.582	0.1	-4.6165e-002
485	17.765	4.5718	0.1	0.93355
486	18.544	4.5711	0.1	0.81342
487	19.329	4.5693	0.1	0.37168
488	20.114	4.5541	0.1	0.69318
489	20.894	4.5387	0.1	1.4591
490	21.668	4.5373	0.1	1.8543
491	22.464	3.7897	0.1	3.2201e-002
492	22.513	3.0303	0.1	-0.72753
493	22.516	2.2599	0.1	-5.6713e-002
494	21.767	1.4963	0.1	1.4568
495	20.998	1.4863	0.1	0.74276
496	20.236	1.4458	0.1	0.4561
497	19.468	1.4697	0.1	1.1182
498	18.725	1.4519	0.1	0.94824
499	17.987	1.4488	0.1	-3.5055
500	17.242	1.4035	0.1	-1.2563
501	16.479	1.3743	0.1	1.2649
502	15.713	1.3831	0.1	0.88935
503	14.962	1.4078	0.1	0.39155
504	14.213	1.418	0.1	0.40467
505	13.46	1.418	0.1	0.82362
506	12.707	1.418	0.1	0.15359
507	11.954	1.418	0.1	0.80123
508	11.201	1.418	0.1	4.1113
509	10.448	1.418	0.1	10.875
510	9.6954	1.418	0.1	19.992
511	8.9425	1.418	0.1	32.489
512	8.1897	1.418	0.1	49.124
513	7.4368	1.418	0.1	71.893
514	6.6839	1.418	0.1	99.356
515	5.931	1.418	0.1	130.8
516	5.1589	1.4365	0.1	154.18
517	4.4713	1.4194	0.1	106.01
518	3.8539	2.7548	0.1	515.39
519	3.0136	0.55886	0.1	-56.202
520	0.65231	2.9586	0.1	1939.9
521	3.1316	2.9662	0.1	535.07
522	0.66724	0.73357	0.1	526.97
523	3.1846	2.0079	0.1	123.68
524	0.55204	4.5583	0.1	1259.4
525	3.0848	4.4544	0.1	-128.73
526	0.97997	1.5502	0.1	1508.3
527	1.1499	4.7183	0.1	759.64
528	2.7602	3.3273	0.1	389.11
529	2.4384	3.0084	0.1	300.17
530	2.5644	2.0513	0.1	690.82
531	1.4894	1.7564	0.1	214.97
532	1.6882	1.0479	0.1	-148.72
533	2.6384	4.9107	0.1	60.133
534	1.6948	4.9351	0.1	-165.89
535	1.5677	5.1642	0.1	-13.2
536	1.0626	3.9315	0.1	1619.2
537	1.5617	3.8027	0.1	614.28
538	0.9733	2.099	0.1	1725.4
539	2.0287	2.327	0.1	-578.71
540	2.2039	3.7199	0.1	-872.31
541	2.1667	0.33333	0.1	380.26
542	2.1667	0.66667	0.1	131.76
543	2.1667	1.	0.1	284.52
544	2.1667	1.3333	0.1	267.02
545	2.1667	1.6667	0.1	410.47
546	2.1667	2.	0.1	1360.8
547	2.	2.	0.1	2941.3
548	2.	1.6667	0.1	811.46
549	2.	1.3333	0.1	224.96
550	2.	1.	0.1	1.7474
551	2.	0.66667	0.1	167.2
552	2.	0.33333	0.1	518.6
553	2.1667	5.6667	0.1	380.32
554	2.1667	5.3333	0.1	84.846
555	2.1667	5.	0.1	190.81
556	2.1667	4.6667	0.1	392.05
557	2.1667	4.3333	0.1	644.32
558	2.1667	4.	0.1	2059.
559	2.	4.	0.1	2052.2
560	2.	4.3333	0.1	520.95
561	2.	4.6667	0.1	387.12
562	2.	5.	0.1	133.33
563	2.	5.3333	0.1	87.711
564	2.	5.6667	0.1	140.95
565	2.1667	6.	0.1	786.27
566	2.9464	6.	0.1	44.169
567	3.7262	6.	0.1	-120.16
568	4.506	6.	0.1	-31.984
569	5.2857	6.	0.1	-5.8566
570	6.0655	6.	0.1	11.161
571	6.8452	6.	0.1	14.725
572	7.625	6.	0.1	13.024
573	8.4048	6.	0.1	6.9359
574	9.1845	6.	0.1	2.4338
575	9.9643	6.	0.1	1.5207
576	10.744	6.	0.1	1.0154
577	11.524	6.	0.1	0.65261
578	12.304	6.	0.1	0.34748
579	13.083	6.	0.1	0.17792
580	13.863	6.	0.1	-4.3359e-002
581	14.643	6.	0.1	-0.13735
582	15.423	6.	0.1	-0.3759
583	16.202	6.	0.1	-0.48143
584	16.982	6.	0.1	-0.57317
585	17.762	6.	0.1	-0.77963
586	18.542	6.	0.1	-1.1025
587	19.321	6.	0.1	-1.3329
588	20.101	6.	0.1	-1.5279
589	20.881	6.	0.1	-2.6964
590	21.661	6.	0.1	-3.1174
591	22.44	6.	0.1	-5.6585
592	23.22	6.	0.1	-0.68052
593	24.	6.	0.1	5.9805
594	24.	5.25	0.1	12.457
595	24.	4.5	0.1	17.343
596	24.	3.75	0.1	15.869
597	24.	3.	0.1	15.484
598	24.	2.25	0.1	14.992
599	24.	1.5	0.1	16.698
600	24.	0.75	0.1	11.517
601	6.5564e-015	0.75	0.1	2989.9
602	1.3113e-014	1.5	0.1	3810.1
603	1.9669e-014	2.25	0.1	4456.6
604	2.6226e-014	3.	0.1	4828.6
605	3.2782e-014	3.75	0.1	4530.2
606	3.9339e-014	4.5	0.1	3760.3
607	4.5895e-014	5.25	0.1	2947.1
608	3.937e-014	6.	0.1	1157.1
609	0.66667	6.	0.1	-149.49
610	1.3333	6.	0.1	130.88
611	1.6667	6.	0.1	78.904
612	2.	6.	0.1	554.8
613	24.	0.	0.1	4.9356
614	23.247	0.	0.1	-1.0126
615	22.494	0.	0.1	-5.852
616	21.741	0.	0.1	-3.3747
617	20.989	0.	0.1	-2.0177
618	20.236	0.	0.1	-2.0924
619	19.483	0.	0.1	-1.6534
620	18.73	0.	0.1	-0.83951
621	17.977	0.	0.1	-1.4991
622	17.224	0.	0.1	-0.61308
623	16.471	0.	0.1	-0.32198
624	15.718	0.	0.1	-0.72301
625	14.966	0.	0.1	-0.47677
626	14.213	0.	0.1	0.24114
627	13.46	0.	0.1	0.14835
628	12.707	0.	0.1	6.8214e-003
629	11.954	0.	0.1	0.28129
630	11.201	0.	0.1	0.69783
631	10.448	0.	0.1	1.0742
632	9.6954	0.	0.1	1.641
633	8.9425	0.	0.1	2.9137
634	8.1897	0.	0.1	8.0891
635	7.4368	0.	0.1	13.417
636	6.6839	0.	0.1	15.952
637	5.931	0.	0.1	8.5948
638	5.1782	0.	0.1	-16.421
639	4.4253	0.	0.1	-35.659
640	3.6724	0.	0.1	-101.91
641	2.9195	0.	0.1	49.102
642	2.1667	0.	0.1	755.91
643	2.	0.	0.1	706.01
644	1.3333	2.5072e-030	0.1	216.52
645	0.66667	1.2536e-030	0.1	-459.29
646	0.	0.	0.1	1244.1
647	0.66667	1.2536e-030	0.	459.29
648	1.3333	2.5072e-030	0.	-216.52
649	2.	0.	0.	-706.01
650	0.	0.	0.	-1244.1
651	2.9195	0.	0.	-49.102
652	3.6724	0.	0.	101.91
653	4.4253	0.	0.	35.659
654	5.1782	0.	0.	16.421
655	5.931	0.	0.	-8.5948
656	6.6839	0.	0.	-15.952
657	7.4368	0.	0.	-13.417
658	8.1897	0.	0.	-8.0891
659	8.9425	0.	0.	-2.9137
660	9.6954	0.	0.	-1.641
661	10.448	0.	0.	-1.0742
662	11.201	0.	0.	-0.69783
663	11.954	0.	0.	-0.28129
664	12.707	0.	0.	-6.8212e-003
665	13.46	0.	0.	-0.14835
666	14.213	0.	0.	-0.24114
667	14.966	0.	0.	0.47677
668	15.718	0.	0.	0.72301
669	16.471	0.	0.	0.32198
670	17.224	0.	0.	0.61308
671	17.977	0.	0.	1.4991
672	18.73	0.	0.	0.83951
673	19.483	0.	0.	1.6534
674	20.236	0.	0.	2.0924
675	20.989	0.	0.	2.0177
676	21.741	0.	0.	3.3747
677	22.494	0.	0.	5.852
678	23.247	0.	0.	1.0126
679	2.1667	0.	0.	-755.91
680	24.	0.	0.	-4.9356
681	1.6667	6.	0.	-78.904
682	1.3333	6.	0.	-130.88
683	0.66667	6.	0.	149.49
684	2.	6.	0.	-554.8
685	3.937e-014	6.	0.	-1157.1
686	4.5895e-014	5.25	0.	-2947.1
687	3.9339e-014	4.5	0.	-3760.3
688	3.2782e-014	3.75	0.	-4530.2
689	2.6226e-014	3.	0.	-4828.6
690	1.9669e-014	2.25	0.	-4456.6
691	1.3113e-014	1.5	0.	-3810.1
692	6.5564e-015	0.75	0.	-2989.9
693	24.	0.75	0.	-11.517
694	24.	1.5	0.	-16.698
695	24.	2.25	0.	-14.992
696	24.	3.	0.	-15.484
697	24.	3.75	0.	-15.869
698	24.	4.5	0.	-17.343
699	24.	5.25	0.	-12.457
700	24.	6.	0.	-5.9805
701	23.22	6.	0.	0.68052
702	22.44	6.	0.	5.6585
703	21.661	6.	0.	3.1174
704	20.881	6.	0.	2.6964
705	20.101	6.	0.	1.5279
706	19.321	6.	0.	1.3329
707	18.542	6.	0.	1.1025
708	17.762	6.	0.	0.77963
709	16.982	6.	0.	0.57317
710	16.202	6.	0.	0.48143
711	15.423	6.	0.	0.37589
712	14.643	6.	0.	0.13735
713	13.863	6.	0.	4.3357e-002
714	13.083	6.	0.	-0.17792
715	12.304	6.	0.	-0.34748
716	11.524	6.	0.	-0.65261
717	10.744	6.	0.	-1.0154
718	9.9643	6.	0.	-1.5207
719	9.1845	6.	0.	-2.4338
720	8.4048	6.	0.	-6.9359
721	7.625	6.	0.	-13.024
722	6.8452	6.	0.	-14.725
723	6.0655	6.	0.	-11.161
724	5.2857	6.	0.	5.8566
725	4.506	6.	0.	31.984
726	3.7262	6.	0.	120.16
727	2.9464	6.	0.	-44.169
728	2.1667	6.	0.	-786.27
729	2.	4.3333	0.	-520.95
730	2.	4.6667	0.	-387.12
731	2.	5.	0.	-133.33
732	2.	5.3333	0.	-87.711
733	2.	5.6667	0.	-140.95
734	2.	4.	0.	-2052.2
735	2.1667	5.6667	0.	-380.32
736	2.1667	5.3333	0.	-84.846
737	2.1667	5.	0.	-190.81
738	2.1667	4.6667	0.	-392.05
739	2.1667	4.3333	0.	-644.32
740	2.1667	4.	0.	-2059.
741	2.	1.6667	0.	-811.46
742	2.	1.3333	0.	-224.96
743	2.	1.	0.	-1.7474
744	2.	0.66667	0.	-167.2
745	2.	0.33333	0.	-518.6
746	2.	2.	0.	-2941.3
747	2.1667	0.33333	0.	-380.26
748	2.1667	0.66667	0.	-131.76
749	2.1667	1.	0.	-284.52
750	2.1667	1.3333	0.	-267.02
751	2.1667	1.6667	0.	-410.47
752	2.1667	2.	0.	-1360.8
753	2.0705	3.6424	0.	571.77
754	2.3298	3.6501	0.	386.9
755	2.2039	3.7199	5.e-002	-5.9258e-005
756	2.1853	3.8599	0.	-558.02
757	2.1647	2.3852	0.	482.15
758	1.9086	2.4274	0.	260.77
759	2.0287	2.327	5.e-002	5.1741e-005
760	2.0144	2.1635	0.	-1053.3
761	1.2314	1.9277	0.	-964.41
762	0.97663	1.8246	0.	-1631.1
763	0.7496	2.1582	0.	-1770.1
764	1.0934	2.2801	0.	-1805.
765	0.9733	2.099	5.e-002	2.0928e-005
766	1.3122	3.8671	0.	-1120.9
767	1.5637	4.0335	0.	-389.12
768	1.5673	3.6176	0.	-882.83
769	1.5617	3.8027	5.e-002	-2.5874e-005
770	1.7808	3.9013	0.	-1199.7
771	1.1063	4.3249	0.	-1233.6
772	0.811	3.8628	0.	-1694.3
773	1.3141	4.098	0.	-850.92
774	1.1077	3.5916	0.	-1820.2
775	1.0626	3.9315	5.e-002	4.4466e-006
776	1.6313	5.0496	0.	86.253
777	1.3588	4.9413	0.	-251.83
778	1.5524	5.3363	0.	-29.924
779	1.5677	5.1642	5.e-002	-2.7562e-014
780	1.7839	5.2488	0.	-32.52
781	1.6349	4.8009	0.	139.7
782	1.6948	4.9351	5.e-002	-3.9712e-014
783	1.8474	4.9675	0.	38.619
784	2.6146	5.0401	0.	-79.848
785	2.6465	4.7372	0.	-57.126
786	2.9222	4.8823	0.	6.3705
787	2.6384	4.9107	5.e-002	-4.3359e-014
788	2.4025	4.9553	0.	-125.93
789	1.595	0.93129	0.	126.56
790	1.6309	1.195	0.	98.94
791	1.6882	1.0479	5.e-002	-2.9831e-014
792	1.8441	1.024	0.	65.127
793	1.2347	1.6533	0.	-799.31
794	1.5315	1.5492	0.	3.9853
795	1.5533	1.9675	0.	-509.05
796	1.4894	1.7564	5.e-002	9.5968e-005
797	1.7447	1.7115	0.	-405.71
798	2.5724	1.865	0.	-407.77
799	2.6452	2.2977	0.	-406.59
800	2.7007	2.0322	0.	-501.43
801	2.5644	2.0513	5.e-002	6.3793e-005
802	2.3656	2.0256	0.	-857.39
803	2.5993	3.1679	0.	-356.89
804	2.2995	3.1444	0.	-91.062
805	2.5822	2.7763	0.	-223.08
806	2.2707	2.8903	0.	-159.25
807	2.4384	3.0084	5.e-002	-9.7583e-006
808	2.9459	3.1467	0.	-473.85
809	2.6079	3.4538	0.	-251.21
810	2.8977	3.5018	0.	-428.18
811	2.7602	3.3273	5.e-002	-1.5767e-005
812	0.85097	4.6383	0.	-1066.7
813	1.1052	5.0416	0.	-562.33
814	1.3624	4.6925	0.	-61.995
815	1.1499	4.7183	5.e-002	-1.6822e-005
816	0.74434	1.521	0.	-1453.3
817	1.0778	1.3441	0.	-993.23
818	0.97997	1.5502	5.e-002	6.9444e-006
819	2.8697	4.5091	0.	40.097
820	3.1454	4.6542	0.	100.1
821	3.0889	4.2488	0.	116.09
822	3.3751	4.2747	0.	-32.355
823	3.0848	4.4544	5.e-002	3.0572e-006
824	0.55833	4.9263	0.	-907.07
825	0.55571	4.1762	0.	-1498.3
826	0.55204	4.5583	5.e-002	8.5956e-006
827	0.27602	4.5292	0.	-2533.3
828	3.0862	1.86	0.	-78.802
829	3.1275	2.1605	0.	-279.14
830	3.4371	1.9655	0.	-179.94
831	3.1846	2.0079	5.e-002	4.3807e-005
832	0.58797	1.1127	0.	-955.78
833	1.0051	0.59957	0.	-269.36
834	0.9214	0.93576	0.	-503.64
835	0.66724	0.73357	5.e-002	2.9473e-005
836	0.66695	0.36678	0.	-34.466
837	0.33362	0.74178	0.	-1827.9
838	2.9287	2.7552	0.	-330.75
839	3.3091	3.2178	0.	-615.93
840	3.3096	2.7531	0.	-618.3
841	3.1316	2.9662	5.e-002	1.0304e-005
842	0.60584	3.3763	0.	-1840.9
843	0.58911	2.588	0.	-1864.5
844	0.90253	3.1051	0.	-1956.8
845	0.9329	2.7099	0.	-1944.1
846	0.65231	2.9586	5.e-002	-1.695e-005
847	0.32616	2.9793	0.	-3381.1
848	3.3896	0.60349	0.	93.053
849	2.8083	0.68253	0.	-13.572
850	3.1253	0.86175	0.	63.636
851	3.0136	0.55886	5.e-002	9.0165e-006
852	2.9666	0.27943	0.	9.3449
853	2.5901	0.4461	0.	-99.893
854	3.6702	3.1121	0.	-606.4
855	4.0803	2.4869	0.	-489.61
856	3.6707	2.6474	0.	-607.78
857	3.9904	3.014	0.	-547.05
858	3.8539	2.7548	5.e-002	3.1187e-005
859	4.8151	1.4279	0.	-130.94
860	4.473	1.0522	0.	-34.403
861	4.1441	1.3493	0.	-35.206
862	4.389	1.8192	0.	-285.24
863	4.4713	1.4194	5.e-002	-1.1394e-005
864	5.545	1.4272	0.	-142.52
865	5.1685	1.0727	0.	-85.966
866	5.1633	1.7697	0.	-233.04
867	5.1589	1.4365	5.e-002	-5.7907e-006
868	6.3075	1.418	0.	-115.1
869	5.931	1.0635	0.	-88.698
870	5.9374	1.7645	0.	-173.65
871	5.931	1.418	5.e-002	-1.7519e-006
872	7.0603	1.418	0.	-85.652
873	6.6839	1.0635	0.	-72.169
874	6.6839	1.7725	0.	-122.56
875	6.6839	1.418	5.e-002	-1.295e-007
876	7.8132	1.418	0.	-60.528
877	7.4368	1.0635	0.	-53.149
878	7.4368	1.7725	0.	-85.884
879	7.4368	1.418	5.e-002	1.501e-006
880	8.5661	1.418	0.	-40.82
881	8.1897	1.0635	0.	-36.358
882	8.1897	1.7725	0.	-58.511
883	8.1897	1.418	5.e-002	3.495e-006
884	9.319	1.418	0.	-26.25
885	8.9425	1.0635	0.	-23.385
886	8.9425	1.7725	0.	-38.762
887	8.9425	1.418	5.e-002	2.8163e-006
888	10.072	1.418	0.	-15.438
889	9.6954	1.0635	0.	-13.511
890	9.6954	1.7725	0.	-24.233
891	9.6954	1.418	5.e-002	3.8598e-006
892	10.825	1.418	0.	-7.4788
893	10.448	1.0635	0.	-6.1946
894	10.448	1.7725	0.	-13.629
895	10.448	1.418	5.e-002	4.2915e-006
896	11.578	1.418	0.	-1.8588
897	11.201	1.0635	0.	-0.99719
898	11.201	1.7725	0.	-5.809
899	11.201	1.418	5.e-002	6.6824e-006
900	12.33	1.418	0.	-0.4337
901	11.954	1.0635	0.	-0.47941
902	11.954	1.7725	0.	-0.61668
903	11.954	1.418	5.e-002	5.6644e-006
904	13.083	1.418	0.	-0.48236
905	12.707	1.0635	0.	-0.46388
906	12.707	1.7725	0.	0.34082
907	12.707	1.418	5.e-002	6.0515e-006
908	13.836	1.418	0.	-0.59014
909	13.46	1.0635	0.	-0.39087
910	13.46	1.7725	0.	-0.17317
911	13.46	1.418	5.e-002	6.555e-006
912	14.587	1.4129	0.	-0.39712
913	14.213	1.0635	0.	-2.0887e-003
914	14.214	1.7413	0.	-0.70796
915	14.213	1.418	5.e-002	7.3766e-006
916	15.337	1.3955	0.	-0.6404
917	14.962	1.0548	0.	-0.46674
918	14.969	1.7336	0.	-1.0716
919	14.962	1.4078	5.e-002	7.7711e-006
920	16.096	1.3787	0.	-1.0643
921	15.714	1.0386	0.	-0.3581
922	15.728	1.7079	0.	-0.9441
923	15.713	1.3831	5.e-002	9.5829e-006
924	16.86	1.3889	0.	4.6697e-003
925	16.476	1.0338	0.	-0.58356
926	16.486	1.6982	0.	-1.7999
927	16.479	1.3743	5.e-002	8.6688e-006
928	17.615	1.4261	0.	2.3809
929	17.237	1.0537	0.	0.18167
930	17.244	1.7433	0.	-2.0256
931	17.242	1.4035	5.e-002	8.5951e-006
932	18.356	1.4503	0.	1.2841
933	17.986	1.0833	0.	1.0431
934	17.975	1.8324	0.	-0.41379
935	17.987	1.4488	5.e-002	7.8391e-006
936	19.097	1.4608	0.	-1.0329
937	18.728	1.0804	0.	-0.18296
938	18.7	1.8612	0.	0.3622
939	18.725	1.4519	5.e-002	9.9959e-006
940	19.852	1.4578	0.	-0.787
941	19.475	1.0893	0.	-6.0785e-002
942	19.449	1.8636	0.	-1.0323
943	19.468	1.4697	5.e-002	1.0946e-005
944	20.617	1.4661	0.	-0.59879
945	20.237	1.0891	0.	-3.9263e-002
946	20.214	1.8503	0.	-0.24189
947	20.236	1.4458	5.e-002	1.1304e-005
948	21.383	1.4913	0.	-1.1022
949	21.	1.1137	0.	0.12352
950	20.98	1.8701	0.	-1.0621
951	20.998	1.4863	5.e-002	1.2523e-005
952	21.762	1.1224	0.	-0.62165
953	22.141	1.498	0.	-1.3591
954	21.756	1.8785	0.	-1.432
955	21.767	1.4963	5.e-002	1.1776e-005
956	22.514	2.6451	0.	0.39656
957	22.887	2.2581	0.	-3.5276
958	22.515	1.8798	0.	-0.58745
959	22.13	2.2603	0.	-0.68716
960	22.516	2.2599	5.e-002	1.3109e-005
961	22.489	3.41	0.	0.35256
962	22.881	3.0235	0.	-3.5624
963	22.116	3.0256	0.	-0.79052
964	22.513	3.0303	5.e-002	1.5222e-005
965	22.85	3.7812	0.	-3.5094
966	22.458	4.1584	0.	-0.20962
967	22.077	3.787	0.	-0.83575
968	22.464	3.7897	5.e-002	1.4956e-005
969	21.281	4.538	0.	-1.6592
970	21.666	4.9035	0.	-0.59208
971	22.06	4.5322	0.	-1.1372
972	21.679	4.1608	0.	-1.7328
973	21.668	4.5373	5.e-002	1.3365e-005
974	20.504	4.5464	0.	-1.0766
975	20.888	4.9099	0.	-0.58458
976	20.902	4.158	0.	-1.0193
977	20.894	4.5387	5.e-002	1.3372e-005
978	19.721	4.5617	0.	-0.53277
979	20.11	4.9154	0.	-0.37432
980	20.119	4.1863	0.	-0.50717
981	20.114	4.5541	5.e-002	1.191e-005
982	18.936	4.5702	0.	-0.59175
983	19.327	4.9258	0.	7.3648e-003
984	19.329	4.2058	0.	-1.4187
985	19.329	4.5693	5.e-002	1.1482e-005
986	18.155	4.5714	0.	-0.86962
987	18.543	4.931	0.	-0.39461
988	18.554	4.1954	0.	-0.47838
989	18.544	4.5711	5.e-002	1.1109e-005
990	17.374	4.5769	0.	-0.43963
991	17.764	4.9314	0.	-0.54412
992	17.772	4.2113	0.	-2.3464
993	17.765	4.5718	5.e-002	9.7381e-006
994	16.592	4.582	0.	-3.833e-002
995	16.982	4.9365	0.	-6.3247e-002
996	16.982	4.2275	0.	-0.75455
997	16.982	4.582	5.e-002	9.5741e-006
998	15.813	4.582	0.	-0.46818
999	16.202	4.9365	0.	-0.13767
1000	16.198	4.2319	0.	1.0557
1001	16.202	4.582	5.e-002	8.5586e-006
1002	15.033	4.582	0.	-0.46965
1003	15.423	4.9365	0.	-0.42845
1004	15.423	4.2275	0.	-0.45158
1005	15.423	4.582	5.e-002	7.5155e-006
1006	14.253	4.582	0.	-8.9013e-002
1007	14.643	4.9365	0.	-0.1675
1008	14.643	4.2275	0.	-0.89268
1009	14.643	4.582	5.e-002	7.0966e-006
1010	13.473	4.582	0.	-9.2224e-002
1011	13.863	4.9365	0.	-0.15355
1012	13.863	4.2275	0.	-1.428
1013	13.863	4.582	5.e-002	7.0528e-006
1014	12.693	4.582	0.	-0.20023
1015	13.083	4.9365	0.	-0.19398
1016	13.083	4.2275	0.	-0.78733
1017	13.083	4.582	5.e-002	5.6574e-006
1018	11.914	4.582	0.	-0.1344
1019	12.304	4.9365	0.	-0.30722
1020	12.304	4.2275	0.	-1.5048
1021	12.304	4.582	5.e-002	5.1461e-006
1022	11.134	4.582	0.	-4.5968
1023	11.524	4.9365	0.	-0.22689
1024	11.524	4.2275	0.	-4.7186
1025	11.524	4.582	5.e-002	4.6917e-006
1026	10.354	4.582	0.	-12.015
1027	10.744	4.9365	0.	-3.847
1028	10.744	4.2275	0.	-11.53
1029	10.744	4.582	5.e-002	3.6976e-006
1030	9.5744	4.582	0.	-22.191
1031	9.9643	4.9365	0.	-10.709
1032	9.9643	4.2275	0.	-21.205
1033	9.9643	4.582	5.e-002	3.6909e-006
1034	8.7946	4.582	0.	-35.85
1035	9.1845	4.9365	0.	-20.049
1036	9.1845	4.2275	0.	-34.777
1037	9.1845	4.582	5.e-002	3.7916e-006
1038	8.0149	4.582	0.	-53.545
1039	8.4048	4.9365	0.	-32.374
1040	8.4048	4.2275	0.	-53.137
1041	8.4048	4.582	5.e-002	3.6336e-006
1042	7.2394	4.5871	0.	-79.28
1043	7.625	4.9365	0.	-47.61
1044	7.625	4.2275	0.	-79.279
1045	7.625	4.582	5.e-002	1.8751e-006
1046	6.4618	4.6002	0.	-111.75
1047	6.8495	4.9416	0.	-69.436
1048	6.8591	4.247	0.	-112.8
1049	6.8538	4.5923	5.e-002	-1.5885e-007
1050	5.6784	4.6035	0.	-131.03
1051	6.0682	4.9543	0.	-88.475
1052	6.0832	4.2772	0.	-152.6
1053	6.0698	4.6081	5.e-002	-9.9322e-007
1054	5.2922	4.9511	0.	-80.99
1055	4.9174	4.6095	0.	-120.52
1056	5.3051	4.2706	0.	-199.55
1057	5.287	4.5989	5.e-002	2.4546e-006
1058	4.5059	4.2408	0.	-261.35
1059	4.0647	3.9782	0.	-341.51
1060	4.8936	3.9018	0.	-340.97
1061	4.2955	3.5673	0.	-497.44
1062	4.6316	3.593	0.	-392.44
1063	4.464	3.8614	5.e-002	1.6791e-006
1064	4.4325	2.5241	0.	-455.79
1065	4.3426	3.0512	0.	-512.69
1066	4.6787	3.0769	0.	-407.08
1067	4.9057	2.7803	0.	-407.81
1068	4.5582	2.8292	5.e-002	-4.6209e-006
1069	19.749	3.0611	0.	-1.4281
1070	20.125	3.4484	0.	-1.1443
1071	20.159	2.6665	0.	-0.98888
1072	20.527	3.051	0.	-1.1612
1073	20.125	3.0782	5.e-002	1.027e-005
1074	18.983	3.0444	0.	0.31837
1075	19.35	3.443	0.	-1.6751
1076	19.401	2.6507	0.	-0.91894
1077	19.372	3.0439	5.e-002	1.125e-005
1078	18.178	3.1044	0.	-3.4907
1079	18.579	3.4324	0.	0.65449
1080	18.634	2.6577	0.	1.5839
1081	18.594	3.0449	5.e-002	9.3893e-006
1082	17.35	3.1894	0.	-4.0165
1083	17.771	3.5073	0.	-5.9869
1084	17.863	2.69	0.	-6.3769
1085	17.478	2.8879	0.	-6.8304
1086	17.762	3.164	5.e-002	8.7968e-006
1087	16.548	3.2156	0.	-1.174
1088	16.96	3.5439	0.	-1.1216
1089	16.759	2.9369	0.	-2.3975
1090	16.938	3.2147	5.e-002	7.957e-006
1091	15.79	3.1903	0.	-0.41758
1092	16.175	3.5492	0.	0.1888
1093	16.004	2.931	0.	-2.4028
1094	16.157	3.2165	5.e-002	1.3435e-005
1095	15.033	3.164	0.	-1.163
1096	15.423	3.5185	0.	0.40693
1097	15.261	2.9048	0.	-2.1511
1098	15.423	3.164	5.e-002	1.3042e-005
1099	14.253	3.164	0.	-6.8542
1100	14.643	3.5185	0.	-2.687
1101	14.494	2.9038	0.	1.8222
1102	14.643	3.164	5.e-002	8.1781e-006
1103	13.473	3.164	0.	-10.095
1104	13.863	3.5185	0.	-6.9337
1105	13.661	3.	0.	-6.7789
1106	13.863	3.164	5.e-002	3.8379e-005
1107	12.693	3.164	0.	-8.8245
1108	13.083	3.5185	0.	-5.0343
1109	12.895	3.	0.	-6.0322
1110	13.083	3.164	5.e-002	1.1788e-005
1111	11.914	3.164	0.	-11.175
1112	12.304	3.5185	0.	-6.9206
1113	12.129	3.	0.	-7.1276
1114	12.304	3.164	5.e-002	6.8985e-006
1115	11.134	3.164	0.	-15.54
1116	11.524	3.5185	0.	-10.31
1117	11.362	3.	0.	-11.722
1118	11.524	3.164	5.e-002	6.4997e-006
1119	10.354	3.164	0.	-23.916
1120	10.744	3.5185	0.	-16.931
1121	10.596	3.	0.	-19.441
1122	10.744	3.164	5.e-002	5.9776e-006
1123	9.5744	3.164	0.	-37.466
1124	9.9643	3.5185	0.	-27.678
1125	9.8298	3.	0.	-31.6
1126	9.9643	3.164	5.e-002	3.9849e-006
1127	8.7946	3.164	0.	-58.036
1128	9.1845	3.5185	0.	-43.539
1129	9.0635	3.	0.	-49.161
1130	9.1845	3.164	5.e-002	7.2604e-006
1131	8.0149	3.164	0.	-88.492
1132	8.4048	3.5185	0.	-66.525
1133	8.2972	3.	0.	-74.089
1134	8.4048	3.164	5.e-002	3.5614e-006
1135	7.625	3.5185	0.	-100.71
1136	7.2351	3.164	0.	-130.79
1137	7.5309	3.	0.	-110.95
1138	7.625	3.164	5.e-002	8.4396e-006
1139	2.5133	2.4938	0.	220.88
1140	2.2019	2.6078	0.	201.3
1141	2.3008	2.4434	5.e-002	1.3735e-004
1142	2.2337	2.2217	0.	-453.28
1143	2.0488	3.4227	0.	160.06
1144	1.755	3.4988	0.	105.38
1145	1.9371	3.565	5.e-002	-1.5174e-005
1146	1.9685	3.7825	0.	-761.55
1147	1.2987	5.4366	0.	-252.04
1148	1.537	5.5083	5.e-002	-2.304e-014
1149	1.6018	5.7541	0.	-83.322
1150	1.7685	5.5875	0.	-128.41
1151	0.81254	5.3296	0.	-468.83
1152	1.0605	5.3649	5.e-002	-1.601e-014
1153	1.1969	5.6825	0.	-168.24
1154	0.56462	5.2943	5.e-002	-2.3448e-014
1155	0.61564	5.6472	0.	-202.89
1156	0.28231	5.2722	0.	-1800.6
1157	0.55937	3.794	5.e-002	3.5038e-006
1158	0.27969	3.772	0.	-3130.
1159	0.51731	1.8546	0.	-1563.1
1160	0.5259	2.2173	5.e-002	4.6784e-006
1161	0.26295	2.2337	0.	-3120.3
1162	0.50871	1.4918	5.e-002	1.1908e-004
1163	0.25436	1.4959	0.	-2585.4
1164	1.4225	0.64011	0.	-65.02
1165	1.343	0.46558	5.e-002	5.5343e-006
1166	1.3382	0.23279	0.	-206.8
1167	1.6715	0.39946	0.	-321.04
1168	1.3387	0.9763	0.	-160.67
1169	1.5019	0.81464	5.e-002	2.2162e-006
1170	1.7509	0.74065	0.	-20.341
1171	1.3746	1.24	0.	-36.964
1172	1.5736	1.342	5.e-002	3.2986e-005
1173	1.7868	1.3377	0.	-66.81
1174	1.7029	2.3533	0.	-623.11
1175	1.4154	2.3199	0.	-1338.3
1176	1.6172	2.1787	5.e-002	3.2459e-004
1177	1.8086	2.0893	0.	-1639.8
1178	22.835	5.2643	0.	-1.5456
1179	23.227	4.89	0.	-6.6782
1180	23.226	5.2609	5.e-002	1.7683e-005
1181	23.613	5.2555	0.	-8.8998
1182	23.223	5.6305	0.	-2.0106
1183	22.055	5.2687	0.	1.2352
1184	22.449	4.8974	0.	0.74866
1185	22.445	5.2677	5.e-002	1.7502e-005
1186	22.443	5.6338	0.	3.8431
1187	21.274	5.2754	0.	0.45179
1188	21.664	5.2697	5.e-002	1.5242e-005
1189	21.663	5.6348	0.	1.9512
1190	20.495	5.279	0.	9.8654e-002
1191	20.883	5.2812	5.e-002	1.4436e-005
1192	20.882	5.6406	0.	1.5344
1193	19.716	5.2796	0.	0.1467
1194	20.106	5.2767	5.e-002	1.3487e-005
1195	20.104	5.6384	0.	0.75878
1196	18.934	5.2867	0.	0.19487
1197	19.326	5.2824	5.e-002	1.3328e-005
1198	19.324	5.6412	0.	0.88483
1199	18.152	5.291	0.	-6.457e-002
1200	18.542	5.291	5.e-002	1.3336e-005
1201	18.542	5.6455	0.	0.59886
1202	17.372	5.291	0.	-0.16535
1203	17.762	5.291	5.e-002	1.1693e-005
1204	17.762	5.6455	0.	0.33647
1205	16.592	5.291	0.	-0.17554
1206	16.982	5.291	5.e-002	1.1891e-005
1207	16.982	5.6455	0.	0.20338
1208	15.813	5.291	0.	-0.11448
1209	16.202	5.291	5.e-002	1.034e-005
1210	16.202	5.6455	0.	0.15773
1211	15.033	5.291	0.	-0.14284
1212	15.423	5.291	5.e-002	9.7487e-006
1213	15.423	5.6455	0.	0.1647
1214	14.253	5.291	0.	-0.24912
1215	14.643	5.291	5.e-002	9.0536e-006
1216	14.643	5.6455	0.	-4.1698e-002
1217	13.473	5.291	0.	-0.26994
1218	13.863	5.291	5.e-002	8.103e-006
1219	13.863	5.6455	0.	-0.11206
1220	12.693	5.291	0.	-0.30808
1221	13.083	5.291	5.e-002	7.7034e-006
1222	13.083	5.6455	0.	-0.22038
1223	11.914	5.291	0.	-0.39311
1224	12.304	5.291	5.e-002	6.6757e-006
1225	12.304	5.6455	0.	-0.34736
1226	11.134	5.291	0.	-0.50291
1227	11.524	5.291	5.e-002	6.1553e-006
1228	11.524	5.6455	0.	-0.5542
1229	10.354	5.291	0.	-2.2476
1230	10.744	5.291	5.e-002	6.1951e-006
1231	10.744	5.6455	0.	-0.82224
1232	9.5744	5.291	0.	-8.3031
1233	9.9643	5.291	5.e-002	4.2833e-006
1234	9.9643	5.6455	0.	-1.5244
1235	8.7946	5.291	0.	-16.358
1236	9.1845	5.291	5.e-002	2.4479e-006
1237	9.1845	5.6455	0.	-6.5862
1238	8.0149	5.291	0.	-26.278
1239	8.4048	5.291	5.e-002	3.3222e-006
1240	8.4048	5.6455	0.	-14.015
1241	7.2351	5.291	0.	-37.646
1242	7.625	5.291	5.e-002	1.7111e-006
1243	7.625	5.6455	0.	-22.388
1244	6.4559	5.2957	0.	-45.912
1245	6.8452	5.291	5.e-002	1.1239e-006
1246	6.8452	5.6455	0.	-29.252
1247	5.682	5.3019	0.	-38.8
1248	6.0666	5.3005	5.e-002	7.6328e-007
1249	6.066	5.6503	0.	-29.711
1250	4.9262	5.3139	0.	-1.5707
1251	5.2974	5.3032	5.e-002	4.2642e-007
1252	5.2915	5.6516	0.	-11.366
1253	4.1831	5.3448	0.	70.855
1254	4.5514	4.9724	0.	-39.279
1255	4.555	5.3246	5.e-002	1.4578e-006
1256	4.5305	5.6623	0.	23.638
1257	3.4236	5.4027	0.	86.737
1258	3.8312	5.0461	0.	79.263
1259	3.8113	5.365	5.e-002	2.6977e-006
1260	3.7687	5.6825	0.	126.56
1261	2.8134	5.305	0.	-26.091
1262	3.121	5.1471	0.	58.691
1263	3.0359	5.4404	5.e-002	-4.4363e-006
1264	2.9912	5.7202	0.	7.7399
1265	2.6013	5.5535	0.	-106.05
1266	2.5909	5.1696	5.e-002	-2.5738e-007
1267	2.3788	5.2514	0.	51.423
1268	2.6433	4.3858	0.	-90.654
1269	2.6546	4.5638	5.e-002	-3.8601e-006
1270	2.4106	4.6152	0.	-210.6
1271	2.6172	4.038	0.	-346.25
1272	2.8625	4.1254	0.	7.9632
1273	2.632	4.2078	5.e-002	-9.1574e-006
1274	2.3993	4.2705	0.	-414.23
1275	2.529	3.7242	0.	-262.44
1276	2.8188	3.7723	0.	-436.81
1277	2.6024	3.8682	5.e-002	1.2126e-006
1278	2.3845	3.9341	0.	-1174.6
1279	23.264	1.1192	0.	-5.9938
1280	22.886	0.74388	0.	-1.2291
1281	23.258	0.74439	5.e-002	1.2396e-005
1282	23.253	0.37219	0.	-1.6073
1283	23.629	0.74719	0.	-8.217
1284	23.264	1.8752	0.	-7.3222
1285	22.892	1.4969	0.	-4.4892
1286	23.27	1.494	5.e-002	1.6139e-005
1287	23.635	1.497	0.	-12.435
1288	23.254	2.6365	0.	-7.379
1289	23.258	2.2563	5.e-002	1.6917e-005
1290	23.629	2.2531	0.	-11.224
1291	23.243	3.3947	0.	-7.318
1292	23.249	3.0167	5.e-002	1.5245e-005
1293	23.624	3.0083	0.	-11.821
1294	23.233	4.146	0.	-7.7186
1295	23.237	3.7728	5.e-002	1.7327e-005
1296	23.618	3.7614	0.	-11.596
1297	22.841	4.5232	0.	-4.5238
1298	23.229	4.5192	5.e-002	1.6382e-005
1299	23.614	4.5096	0.	-13.181
1300	4.1202	0.66659	0.	71.64
1301	3.7913	0.9637	0.	59.766
1302	3.7657	0.64813	5.e-002	1.0608e-005
1303	3.719	0.32406	0.	121.59
1304	4.8264	0.69703	0.	7.6088
1305	4.4747	0.68506	5.e-002	-1.0197e-006
1306	4.45	0.34253	0.	23.586
1307	5.5546	0.70901	0.	-32.017
1308	5.1782	0.70901	5.e-002	4.847e-005
1309	5.1782	0.3545	0.	0.60993
1310	6.3075	0.70901	0.	-45.748
1311	5.931	0.70901	5.e-002	1.2265e-005
1312	5.931	0.3545	0.	-27.741
1313	7.0603	0.70901	0.	-39.574
1314	6.6839	0.70901	5.e-002	4.5079e-006
1315	6.6839	0.3545	0.	-30.503
1316	7.8132	0.70901	0.	-28.835
1317	7.4368	0.70901	5.e-002	3.3263e-006
1318	7.4368	0.3545	0.	-23.922
1319	8.5661	0.70901	0.	-18.727
1320	8.1897	0.70901	5.e-002	3.9271e-006
1321	8.1897	0.3545	0.	-15.832
1322	9.319	0.70901	0.	-10.402
1323	8.9425	0.70901	5.e-002	5.4816e-006
1324	8.9425	0.3545	0.	-8.3913
1325	10.072	0.70901	0.	-3.9706
1326	9.6954	0.70901	5.e-002	4.6386e-006
1327	9.6954	0.3545	0.	-2.5882
1328	10.825	0.70901	0.	-0.46121
1329	10.448	0.70901	5.e-002	5.3957e-006
1330	10.448	0.3545	0.	-0.85868
1331	11.578	0.70901	0.	-0.34259
1332	11.201	0.70901	5.e-002	5.8785e-006
1333	11.201	0.3545	0.	-0.54954
1334	12.33	0.70901	0.	-0.55291
1335	11.954	0.70901	5.e-002	5.7302e-006
1336	11.954	0.3545	0.	-0.30787
1337	13.083	0.70901	0.	-0.37583
1338	12.707	0.70901	5.e-002	7.2049e-006
1339	12.707	0.3545	0.	-0.40068
1340	13.836	0.70901	0.	0.20446
1341	13.46	0.70901	5.e-002	7.0854e-006
1342	13.46	0.3545	0.	-2.914e-002
1343	14.588	0.7054	0.	-9.3069e-002
1344	14.213	0.70901	5.e-002	8.5643e-006
1345	14.213	0.3545	0.	7.9601e-002
1346	15.339	0.69798	0.	-0.19805
1347	14.962	0.70178	5.e-002	9.1241e-006
1348	14.964	0.35089	0.	-5.0872e-002
1349	16.095	0.69369	0.	0.13219
1350	15.716	0.69418	5.e-002	9.5388e-006
1351	15.717	0.34709	0.	0.45969
1352	16.853	0.69855	0.	-0.40223
1353	16.473	0.6932	5.e-002	1.044e-005
1354	16.472	0.3466	0.	0.23222
1355	17.608	0.71084	0.	-1.1722
1356	17.232	0.70389	5.e-002	1.1041e-005
1357	17.228	0.35195	0.	-0.13919
1358	18.357	0.7134	0.	-0.42724
1359	17.984	0.71779	5.e-002	1.0863e-005
1360	17.98	0.3589	0.	2.3249e-002
1361	19.106	0.70901	0.	0.79005
1362	18.73	0.70901	5.e-002	1.2275e-005
1363	18.73	0.3545	0.	0.70998
1364	19.861	0.72071	0.	0.68437
1365	19.483	0.70901	5.e-002	1.3543e-005
1366	19.483	0.3545	0.	1.3516
1367	20.62	0.7367	0.	0.668
1368	20.238	0.73242	5.e-002	1.4197e-005
1369	20.237	0.36621	0.	1.2792
1370	21.379	0.74469	0.	0.57415
1371	21.001	0.74099	5.e-002	1.3769e-005
1372	20.995	0.3705	0.	1.5505
1373	22.135	0.74589	0.	1.1003
1374	21.756	0.7484	5.e-002	1.5129e-005
1375	21.749	0.3742	0.	1.8492
1376	22.514	1.1215	0.	0.41461
1377	22.513	0.74338	5.e-002	1.4019e-005
1378	22.504	0.37169	0.	4.0252
1379	2.6317	0.93771	0.	-46.744
1380	2.603	0.8062	5.e-002	2.7388e-007
1381	2.3848	0.73643	0.	31.689
1382	2.653	1.2191	0.	-28.879
1383	2.9487	1.1169	0.	31.715
1384	2.6604	1.0692	5.e-002	2.8603e-006
1385	2.4135	1.0346	0.	-140.77
1386	2.613	1.5239	0.	-162.89
1387	2.8951	1.4299	0.	67.857
1388	2.6456	1.3689	5.e-002	1.2828e-005
1389	2.4062	1.3511	0.	-136.93
1390	2.7841	1.6954	0.	-67.193
1391	2.5804	1.6788	5.e-002	2.877e-005
1392	2.3735	1.6727	0.	-392.94
1393	1.5703	4.4655	0.	-9.3751
1394	1.575	4.6667	5.e-002	-4.0279e-006
1395	1.7875	4.6667	0.	-116.2
1396	1.5656	4.2644	5.e-002	-9.2466e-014
1397	1.7828	4.2989	0.	-308.07
1398	2.3081	3.4303	0.	-160.27
1399	2.4556	3.5803	5.e-002	1.6043e-005
1400	1.9781	3.1745	0.	-243.59
1401	2.1606	3.2804	5.e-002	5.3035e-006
1402	2.8981	2.4286	0.	-291.93
1403	2.7259	2.5442	5.e-002	2.8946e-006
1404	1.9457	2.65	0.	-344.65
1405	1.631	2.6497	0.	-1018.5
1406	1.7885	2.5279	5.e-002	1.1221e-004
1407	3.5286	4.7906	0.	51.552
1408	3.2061	4.8539	5.e-002	-1.9059e-014
1409	22.452	4.5272	5.e-002	1.4941e-005
1410	22.515	1.4997	5.e-002	1.3853e-005
1411	3.527	1.222	0.	30.355
1412	3.1908	1.3277	0.	129.9
1413	3.237	1.1646	5.e-002	4.1969e-005
1414	1.6843	3.2506	0.	-855.06
1415	1.3629	3.3421	0.	-1512.6
1416	1.573	3.4326	5.e-002	3.1388e-005
1417	1.9493	2.9204	0.	-269.25
1418	2.103	2.7722	5.e-002	6.8244e-005
1419	4.1995	4.6737	0.	-46.192
1420	4.5478	4.6202	5.e-002	4.5589e-006
1421	3.7583	4.4111	0.	-124.24
1422	3.8512	4.7273	5.e-002	2.1986e-006
1423	3.0641	3.8597	0.	-201.4
1424	3.3791	4.069	0.	-121.72
1425	3.093	4.0431	5.e-002	1.2203e-007
1426	3.2609	3.5729	0.	-583.97
1427	3.0353	3.6763	5.e-002	1.6044e-005
1428	3.7533	1.6012	0.	-119.59
1429	3.817	1.2793	5.e-002	-8.4593e-006
1430	3.0662	1.6014	0.	143.94
1431	3.4171	1.707	0.	71.009
1432	3.1446	1.4908	5.e-002	5.8108e-006
1433	2.9123	1.8626	0.	-165.29
1434	2.9878	1.712	5.e-002	1.5913e-004
1435	2.9536	2.1631	0.	-407.62
1436	2.8369	2.0131	5.e-002	-3.7722e-005
1437	3.279	2.4265	0.	-609.13
1438	3.0704	2.3131	5.e-002	-8.7151e-007
1439	1.6345	2.9201	0.	-1091.7
1440	1.7956	3.0687	5.e-002	-1.083e-005
1441	1.3131	3.0116	0.	-1807.8
1442	1.1528	3.2516	5.e-002	-1.5134e-005
1443	3.576	3.7821	0.	-475.2
1444	3.6653	4.0949	5.e-002	-3.2035e-006
1445	21.704	3.4026	0.	-1.9505
1446	21.299	3.7808	0.	-1.1133
1447	21.689	3.7843	5.e-002	1.3425e-005
1448	21.353	2.2573	0.	-1.4048
1449	21.732	2.6408	0.	-1.8484
1450	21.744	2.2607	5.e-002	1.2798e-005
1451	3.9982	2.0711	0.	-380.58
1452	3.5886	2.2316	0.	-493.07
1453	3.6896	1.9232	5.e-002	3.3832e-005
1454	1.3435	2.6164	0.	-1744.9
1455	1.4735	2.7716	5.e-002	2.1879e-005
1456	19.726	3.8303	0.	-1.4009
1457	20.517	3.7979	0.	-0.47171
1458	20.124	3.8185	5.e-002	1.1435e-005
1459	18.946	3.831	0.	-1.3183
1460	19.329	3.8422	5.e-002	1.1182e-005
1461	18.172	3.8353	0.	-1.919
1462	18.564	3.8198	5.e-002	9.6745e-006
1463	17.381	3.8618	0.	-2.6818
1464	17.78	3.8507	5.e-002	1.2042e-005
1465	16.588	3.8774	0.	0.24938
1466	16.982	3.873	5.e-002	1.2668e-005
1467	15.808	3.8774	0.	1.0124
1468	16.193	3.8818	5.e-002	9.9317e-006
1469	15.033	3.873	0.	-1.0514
1470	15.423	3.873	5.e-002	8.7858e-006
1471	14.253	3.873	0.	-2.6282
1472	14.643	3.873	5.e-002	1.0235e-005
1473	13.473	3.873	0.	-2.6301
1474	13.863	3.873	5.e-002	7.1816e-006
1475	12.693	3.873	0.	-2.8481
1476	13.083	3.873	5.e-002	7.1271e-006
1477	11.914	3.873	0.	-5.5609
1478	12.304	3.873	5.e-002	5.8706e-006
1479	11.134	3.873	0.	-11.427
1480	11.524	3.873	5.e-002	6.1981e-006
1481	10.354	3.873	0.	-20.548
1482	10.744	3.873	5.e-002	5.7763e-006
1483	9.5744	3.873	0.	-33.636
1484	9.9643	3.873	5.e-002	4.1135e-006
1485	8.7946	3.873	0.	-51.933
1486	9.1845	3.873	5.e-002	3.7147e-006
1487	8.0149	3.873	0.	-78.777
1488	8.4048	3.873	5.e-002	1.2379e-006
1489	7.2447	3.8874	0.	-112.74
1490	7.625	3.873	5.e-002	9.8713e-007
1491	6.4805	3.924	0.	-153.68
1492	6.8548	3.5329	0.	-142.97
1493	6.8644	3.9018	5.e-002	-7.2285e-007
1494	5.7099	3.9442	0.	-219.94
1495	6.0765	3.6563	0.	-202.3
1496	6.0965	3.9462	5.e-002	3.5023e-005
1497	5.3367	3.6519	0.	-291.51
1498	5.3232	3.9422	5.e-002	1.8848e-006
1499	3.8067	3.3712	0.	-634.94
1500	3.4866	3.4694	5.e-002	-5.3568e-006
1501	5.5557	2.1069	0.	-264.19
1502	4.7372	2.1609	0.	-387.92
1503	5.2104	2.4172	0.	-339.89
1504	5.1676	2.1029	5.e-002	-3.8456e-006
1505	6.3139	2.119	0.	-181.09
1506	5.9374	2.4735	0.	-239.41
1507	5.9438	2.1109	5.e-002	-4.1714e-007
1508	7.0603	2.127	0.	-122.75
1509	6.6839	2.4815	0.	-157.43
1510	6.6839	2.127	5.e-002	4.2562e-006
1511	7.8132	2.127	0.	-83.767
1512	7.4368	2.4815	0.	-107.69
1513	7.4368	2.127	5.e-002	1.071e-006
1514	8.5661	2.127	0.	-56.317
1515	8.1897	2.4815	0.	-72.783
1516	8.1897	2.127	5.e-002	1.4467e-006
1517	9.319	2.127	0.	-36.584
1518	8.9425	2.4815	0.	-48.806
1519	8.9425	2.127	5.e-002	5.8907e-006
1520	10.072	2.127	0.	-22.278
1521	9.6954	2.4815	0.	-31.124
1522	9.6954	2.127	5.e-002	4.4355e-006
1523	10.825	2.127	0.	-11.915
1524	10.448	2.4815	0.	-18.25
1525	10.448	2.127	5.e-002	5.306e-006
1526	11.578	2.127	0.	-4.695
1527	11.201	2.4815	0.	-9.1722
1528	11.201	2.127	5.e-002	5.8679e-006
1529	12.33	2.127	0.	-0.63767
1530	11.954	2.4815	0.	-3.3836
1531	11.954	2.127	5.e-002	6.702e-006
1532	13.083	2.127	0.	0.38311
1533	12.707	2.4815	0.	-2.0625
1534	12.707	2.127	5.e-002	6.7196e-006
1535	13.838	2.0958	0.	-0.393
1536	13.46	2.4815	0.	-1.9862
1537	13.46	2.127	5.e-002	6.5123e-006
1538	14.596	2.062	0.	-1.7147
1539	14.28	2.3541	0.	2.9536
1540	14.216	2.0646	5.e-002	8.6641e-006
1541	15.359	2.0461	0.	-1.6323
1542	15.038	2.3525	0.	-3.6919
1543	14.975	2.0594	5.e-002	8.299e-006
1544	16.118	2.0275	0.	-1.7842
1545	15.797	2.3391	0.	-2.0668
1546	15.743	2.0328	5.e-002	9.1741e-006
1547	16.87	2.0526	0.	-3.8815
1548	16.537	2.3406	0.	-3.2013
1549	16.493	2.0222	5.e-002	9.1017e-006
1550	17.605	2.1496	0.	-4.8186
1551	17.22	2.3474	0.	-5.1488
1552	17.247	2.0831	5.e-002	8.7057e-006
1553	18.319	2.2433	0.	-1.3415
1554	17.963	2.216	5.e-002	8.6859e-006
1555	19.052	2.264	0.	0.35154
1556	18.675	2.2705	5.e-002	9.5761e-006
1557	19.811	2.2561	0.	-0.49306
1558	19.429	2.2574	5.e-002	9.9377e-006
1559	20.577	2.2544	0.	-0.7124
1560	20.192	2.2547	5.e-002	1.1499e-005
1561	20.945	2.6388	0.	-0.87454
1562	20.961	2.254	5.e-002	1.1643e-005
1563	21.324	3.0223	0.	-1.3301
1564	21.72	3.0209	5.e-002	1.3775e-005
1565	20.919	3.4005	0.	-0.47763
1566	20.91	3.7774	5.e-002	1.1931e-005
1567	4.3068	2.219	5.e-002	1.4148e-005
1568	3.4876	2.5399	5.e-002	1.3936e-005
1569	4.1269	3.2731	5.e-002	-7.9181e-007
1570	20.928	3.0237	5.e-002	1.3008e-005
1571	16.887	2.6354	0.	-4.3377
1572	17.193	2.6118	5.e-002	-6.3254e-007
1573	6.4509	3.2652	0.	-191.51
1574	6.7646	3.	0.	-162.15
1575	6.8452	3.164	5.e-002	-2.0243e-007
1576	5.7033	3.3639	0.	-274.2
1577	5.9938	3.1012	0.	-244.39
1578	6.0565	3.3663	5.e-002	-1.9064e-006
1579	5.0746	3.343	0.	-344.35
1580	5.3016	3.0465	0.	-344.18
1581	5.3501	3.3615	5.e-002	4.4711e-006
1582	4.7991	3.3245	5.e-002	-5.0191e-006
1583	5.5921	2.7837	0.	-314.84
1584	5.2531	2.7314	5.e-002	-4.6905e-006
1585	6.3075	2.836	0.	-215.84
1586	5.931	2.836	5.e-002	2.5262e-005
1587	7.0603	2.836	0.	-142.31
1588	6.6839	2.836	5.e-002	9.998e-007
1589	7.8132	2.836	0.	-96.562
1590	7.4368	2.836	5.e-002	5.4915e-007
1591	8.5661	2.836	0.	-65.137
1592	8.1897	2.836	5.e-002	8.3529e-006
1593	9.319	2.836	0.	-43.169
1594	8.9425	2.836	5.e-002	5.8146e-006
1595	10.072	2.836	0.	-26.904
1596	9.6954	2.836	5.e-002	8.0617e-006
1597	10.825	2.836	0.	-15.238
1598	10.448	2.836	5.e-002	9.6754e-006
1599	11.578	2.836	0.	-7.282
1600	11.201	2.836	5.e-002	1.0063e-005
1601	12.33	2.836	0.	-4.2499
1602	11.954	2.836	5.e-002	1.0948e-005
1603	13.083	2.836	0.	-3.769
1604	12.707	2.836	5.e-002	5.3503e-006
1605	13.902	2.7399	0.	1.4814
1606	13.46	2.836	5.e-002	9.2485e-006
1607	14.722	2.6447	0.	1.029
1608	14.344	2.6437	5.e-002	7.9037e-006
1609	15.476	2.6455	0.	-4.1407
1610	15.1	2.6457	5.e-002	1.0355e-005
1611	16.215	2.6522	0.	-3.5818
1612	15.851	2.6454	5.e-002	1.124e-005
1613	16.58	2.659	5.e-002	1.0462e-005
1614	1.1756	1.138	5.e-002	5.9765e-005
1615	1.2135	2.4612	5.e-002	3.4124e-005
1616	1.3435	2.6164	0.1	1744.9
1617	1.4154	2.3199	0.1	1338.3
1618	0.9329	2.7099	0.1	1944.1
1619	1.0934	2.2801	0.1	1805.
1620	1.3746	1.24	0.1	36.964
1621	1.3387	0.9763	0.1	160.67
1622	0.9214	0.93576	0.1	503.64
1623	1.0778	1.3441	0.1	993.23
1624	16.215	2.6522	0.1	3.5818
1625	16.887	2.6354	0.1	4.3377
1626	16.537	2.3406	0.1	3.2013
1627	16.759	2.9369	0.1	2.3975
1628	15.476	2.6455	0.1	4.1407
1629	15.797	2.3391	0.1	2.0668
1630	16.004	2.931	0.1	2.4028
1631	14.722	2.6447	0.1	-1.029
1632	15.038	2.3525	0.1	3.6919
1633	15.261	2.9048	0.1	2.1511
1634	13.902	2.7399	0.1	-1.4814
1635	14.28	2.3541	0.1	-2.9536
1636	14.494	2.9038	0.1	-1.8221
1637	13.083	2.836	0.1	3.769
1638	13.46	2.4815	0.1	1.9862
1639	13.661	3.	0.1	6.7789
1640	12.33	2.836	0.1	4.2499
1641	12.707	2.4815	0.1	2.0625
1642	12.895	3.	0.1	6.0322
1643	11.578	2.836	0.1	7.282
1644	11.954	2.4815	0.1	3.3836
1645	12.129	3.	0.1	7.1276
1646	10.825	2.836	0.1	15.238
1647	11.201	2.4815	0.1	9.1722
1648	11.362	3.	0.1	11.722
1649	10.072	2.836	0.1	26.904
1650	10.448	2.4815	0.1	18.25
1651	10.596	3.	0.1	19.441
1652	9.319	2.836	0.1	43.169
1653	9.6954	2.4815	0.1	31.124
1654	9.8298	3.	0.1	31.6
1655	8.5661	2.836	0.1	65.137
1656	8.9425	2.4815	0.1	48.806
1657	9.0635	3.	0.1	49.161
1658	7.8132	2.836	0.1	96.562
1659	8.1897	2.4815	0.1	72.783
1660	8.2972	3.	0.1	74.089
1661	7.0603	2.836	0.1	142.31
1662	7.4368	2.4815	0.1	107.69
1663	7.5309	3.	0.1	110.95
1664	6.3075	2.836	0.1	215.84
1665	6.7646	3.	0.1	162.15
1666	6.6839	2.4815	0.1	157.43
1667	5.5921	2.7837	0.1	314.84
1668	5.9938	3.1012	0.1	244.39
1669	5.9374	2.4735	0.1	239.41
1670	5.3016	3.0465	0.1	344.18
1671	5.2104	2.4172	0.1	339.89
1672	4.9057	2.7803	0.1	407.81
1673	5.0746	3.343	0.1	344.35
1674	4.6787	3.0769	0.1	407.08
1675	4.6316	3.593	0.1	392.44
1676	5.7033	3.3639	0.1	274.2
1677	5.3367	3.6519	0.1	291.51
1678	6.4509	3.2652	0.1	191.51
1679	6.0765	3.6563	0.1	202.3
1680	6.8548	3.5329	0.1	142.97
1681	7.2351	3.164	0.1	130.79
1682	17.22	2.3474	0.1	5.1488
1683	17.478	2.8879	0.1	6.8304
1684	20.919	3.4005	0.1	0.47763
1685	21.324	3.0223	0.1	1.3301
1686	20.945	2.6388	0.1	0.87454
1687	20.527	3.051	0.1	1.1612
1688	3.8067	3.3712	0.1	634.94
1689	4.3426	3.0512	0.1	512.69
1690	4.2955	3.5673	0.1	497.44
1691	3.9904	3.014	0.1	547.05
1692	3.5886	2.2316	0.1	493.07
1693	3.279	2.4265	0.1	609.13
1694	3.6707	2.6474	0.1	607.78
1695	3.3096	2.7531	0.1	618.3
1696	4.7372	2.1609	0.1	387.92
1697	3.9982	2.0711	0.1	380.58
1698	4.4325	2.5241	0.1	455.79
1699	4.389	1.8192	0.1	285.24
1700	4.0803	2.4869	0.1	489.61
1701	20.517	3.7979	0.1	0.47171
1702	21.299	3.7808	0.1	1.1133
1703	20.902	4.158	0.1	1.0193
1704	21.732	2.6408	0.1	1.8484
1705	21.704	3.4026	0.1	1.9505
1706	22.116	3.0256	0.1	0.79052
1707	20.577	2.2544	0.1	0.7124
1708	21.353	2.2573	0.1	1.4048
1709	20.98	1.8701	0.1	1.0621
1710	19.811	2.2561	0.1	0.49307
1711	20.159	2.6665	0.1	0.98887
1712	20.214	1.8503	0.1	0.24189
1713	19.052	2.264	0.1	-0.35154
1714	19.401	2.6507	0.1	0.91894
1715	19.449	1.8636	0.1	1.0323
1716	18.319	2.2433	0.1	1.3415
1717	18.634	2.6577	0.1	-1.5839
1718	18.7	1.8612	0.1	-0.3622
1719	17.605	2.1496	0.1	4.8186
1720	17.863	2.69	0.1	6.3769
1721	17.975	1.8324	0.1	0.41379
1722	16.87	2.0526	0.1	3.8815
1723	17.244	1.7433	0.1	2.0256
1724	16.118	2.0275	0.1	1.7842
1725	16.486	1.6982	0.1	1.7999
1726	15.359	2.0461	0.1	1.6323
1727	15.728	1.7079	0.1	0.9441
1728	14.596	2.062	0.1	1.7147
1729	14.969	1.7336	0.1	1.0716
1730	13.838	2.0958	0.1	0.393
1731	14.214	1.7413	0.1	0.70796
1732	13.083	2.127	0.1	-0.38311
1733	13.46	1.7725	0.1	0.17317
1734	12.33	2.127	0.1	0.63768
1735	12.707	1.7725	0.1	-0.34082
1736	11.578	2.127	0.1	4.6951
1737	11.954	1.7725	0.1	0.61668
1738	10.825	2.127	0.1	11.915
1739	11.201	1.7725	0.1	5.809
1740	10.072	2.127	0.1	22.278
1741	10.448	1.7725	0.1	13.629
1742	9.319	2.127	0.1	36.584
1743	9.6954	1.7725	0.1	24.233
1744	8.5661	2.127	0.1	56.317
1745	8.9425	1.7725	0.1	38.762
1746	7.8132	2.127	0.1	83.767
1747	8.1897	1.7725	0.1	58.511
1748	7.0603	2.127	0.1	122.75
1749	7.4368	1.7725	0.1	85.884
1750	6.3139	2.119	0.1	181.09
1751	6.6839	1.7725	0.1	122.56
1752	5.5557	2.1069	0.1	264.19
1753	5.9374	1.7645	0.1	173.65
1754	5.1633	1.7697	0.1	233.04
1755	3.576	3.7821	0.1	475.2
1756	3.2609	3.5729	0.1	583.97
1757	3.6702	3.1121	0.1	606.4
1758	3.3091	3.2178	0.1	615.93
1759	5.7099	3.9442	0.1	219.94
1760	4.8936	3.9018	0.1	340.97
1761	5.3051	4.2706	0.1	199.55
1762	6.4805	3.924	0.1	153.68
1763	6.0832	4.2772	0.1	152.6
1764	7.2447	3.8874	0.1	112.74
1765	6.8591	4.247	0.1	112.8
1766	8.0149	3.873	0.1	78.777
1767	7.625	3.5185	0.1	100.71
1768	7.625	4.2275	0.1	79.279
1769	8.7946	3.873	0.1	51.933
1770	8.4048	3.5185	0.1	66.525
1771	8.4048	4.2275	0.1	53.137
1772	9.5744	3.873	0.1	33.636
1773	9.1845	3.5185	0.1	43.539
1774	9.1845	4.2275	0.1	34.777
1775	10.354	3.873	0.1	20.548
1776	9.9643	3.5185	0.1	27.678
1777	9.9643	4.2275	0.1	21.205
1778	11.134	3.873	0.1	11.427
1779	10.744	3.5185	0.1	16.931
1780	10.744	4.2275	0.1	11.53
1781	11.914	3.873	0.1	5.5609
1782	11.524	3.5185	0.1	10.31
1783	11.524	4.2275	0.1	4.7186
1784	12.693	3.873	0.1	2.8481
1785	12.304	3.5185	0.1	6.9206
1786	12.304	4.2275	0.1	1.5048
1787	13.473	3.873	0.1	2.6301
1788	13.083	3.5185	0.1	5.0343
1789	13.083	4.2275	0.1	0.78733
1790	14.253	3.873	0.1	2.6282
1791	13.863	3.5185	0.1	6.9337
1792	13.863	4.2275	0.1	1.428
1793	15.033	3.873	0.1	1.0514
1794	14.643	3.5185	0.1	2.687
1795	14.643	4.2275	0.1	0.89268
1796	15.808	3.8774	0.1	-1.0124
1797	15.423	3.5185	0.1	-0.40693
1798	15.423	4.2275	0.1	0.45158
1799	16.588	3.8774	0.1	-0.24938
1800	16.175	3.5492	0.1	-0.1888
1801	16.198	4.2319	0.1	-1.0557
1802	17.381	3.8618	0.1	2.6818
1803	16.96	3.5439	0.1	1.1216
1804	16.982	4.2275	0.1	0.75455
1805	18.172	3.8353	0.1	1.919
1806	17.771	3.5073	0.1	5.9869
1807	17.772	4.2113	0.1	2.3464
1808	18.946	3.831	0.1	1.3183
1809	18.579	3.4324	0.1	-0.65449
1810	18.554	4.1954	0.1	0.47838
1811	19.726	3.8303	0.1	1.4009
1812	19.35	3.443	0.1	1.6751
1813	19.329	4.2058	0.1	1.4187
1814	20.125	3.4484	0.1	1.1443
1815	20.119	4.1863	0.1	0.50717
1816	1.3131	3.0116	0.1	1807.8
1817	1.6345	2.9201	0.1	1091.7
1818	1.631	2.6497	0.1	1018.5
1819	3.4171	1.707	0.1	-71.009
1820	3.7533	1.6012	0.1	119.59
1821	3.4371	1.9655	0.1	179.94
1822	22.13	2.2603	0.1	0.68716
1823	21.756	1.8785	0.1	1.432
1824	21.679	4.1608	0.1	1.7328
1825	22.077	3.787	0.1	0.83575
1826	3.3791	4.069	0.1	121.72
1827	3.7583	4.4111	0.1	124.24
1828	4.0647	3.9782	0.1	341.51
1829	3.3751	4.2747	0.1	32.355
1830	1.3629	3.3421	0.1	1512.6
1831	0.90253	3.1051	0.1	1956.8
1832	1.1077	3.5916	0.1	1820.2
1833	1.9493	2.9204	0.1	269.25
1834	1.6843	3.2506	0.1	855.06
1835	1.9781	3.1745	0.1	243.59
1836	2.9536	2.1631	0.1	407.62
1837	2.8981	2.4286	0.1	291.93
1838	3.1275	2.1605	0.1	279.14
1839	2.9123	1.8626	0.1	165.29
1840	2.7007	2.0322	0.1	501.43
1841	3.0662	1.6014	0.1	-143.94
1842	2.7841	1.6954	0.1	67.193
1843	3.0862	1.86	0.1	78.802
1844	3.1908	1.3277	0.1	-129.9
1845	2.8951	1.4299	0.1	-67.857
1846	3.527	1.222	0.1	-30.355
1847	3.7913	0.9637	0.1	-59.766
1848	4.1441	1.3493	0.1	35.206
1849	3.0641	3.8597	0.1	201.4
1850	2.8188	3.7723	0.1	436.81
1851	2.8977	3.5018	0.1	428.18
1852	2.8625	4.1254	0.1	-7.9632
1853	3.0889	4.2488	0.1	-116.09
1854	4.1995	4.6737	0.1	46.192
1855	3.5286	4.7906	0.1	-51.552
1856	3.8312	5.0461	0.1	-79.263
1857	4.5514	4.9724	0.1	39.279
1858	4.5059	4.2408	0.1	261.35
1859	4.9174	4.6095	0.1	120.52
1860	1.9457	2.65	0.1	344.65
1861	2.2019	2.6078	0.1	-201.3
1862	2.2707	2.8903	0.1	159.25
1863	1.755	3.4988	0.1	-105.38
1864	1.5673	3.6176	0.1	882.83
1865	2.9487	1.1169	0.1	-31.715
1866	3.1253	0.86175	0.1	-63.636
1867	22.514	1.1215	0.1	-0.41461
1868	22.892	1.4969	0.1	4.4892
1869	22.515	1.8798	0.1	0.58745
1870	22.141	1.498	0.1	1.3591
1871	22.841	4.5232	0.1	4.5238
1872	22.449	4.8974	0.1	-0.74866
1873	22.06	4.5322	0.1	1.1372
1874	22.458	4.1584	0.1	0.20962
1875	3.121	5.1471	0.1	-58.691
1876	3.1454	4.6542	0.1	-100.1
1877	2.9222	4.8823	0.1	-6.3705
1878	1.7029	2.3533	0.1	623.11
1879	1.9086	2.4274	0.1	-260.77
1880	2.5133	2.4938	0.1	-220.88
1881	2.9287	2.7552	0.1	330.75
1882	2.5822	2.7763	0.1	223.08
1883	2.6452	2.2977	0.1	406.59
1884	2.3081	3.4303	0.1	160.27
1885	2.0488	3.4227	0.1	-160.06
1886	2.2995	3.1444	0.1	91.062
1887	2.529	3.7242	0.1	262.44
1888	2.6079	3.4538	0.1	251.21
1889	2.3298	3.6501	0.1	-386.9
1890	1.5703	4.4655	0.1	9.3751
1891	1.3141	4.098	0.1	850.92
1892	1.5637	4.0335	0.1	389.12
1893	1.7828	4.2989	0.1	308.07
1894	1.3624	4.6925	0.1	61.995
1895	1.6349	4.8009	0.1	-139.7
1896	1.7875	4.6667	0.1	116.2
1897	2.613	1.5239	0.1	162.89
1898	2.5724	1.865	0.1	407.77
1899	2.3735	1.6727	0.1	392.94
1900	2.653	1.2191	0.1	28.879
1901	2.4062	1.3511	0.1	136.93
1902	2.6317	0.93771	0.1	46.744
1903	2.4135	1.0346	0.1	140.77
1904	2.8083	0.68253	0.1	13.572
1905	2.3848	0.73643	0.1	-31.689
1906	22.135	0.74589	0.1	-1.1003
1907	22.886	0.74388	0.1	1.2291
1908	22.504	0.37169	0.1	-4.0252
1909	21.379	0.74469	0.1	-0.57415
1910	21.762	1.1224	0.1	0.62165
1911	21.749	0.3742	0.1	-1.8492
1912	20.62	0.7367	0.1	-0.668
1913	21.	1.1137	0.1	-0.12352
1914	20.995	0.3705	0.1	-1.5505
1915	19.861	0.72071	0.1	-0.68437
1916	20.237	1.0891	0.1	3.9264e-002
1917	20.237	0.36621	0.1	-1.2792
1918	19.106	0.70901	0.1	-0.79005
1919	19.475	1.0893	0.1	6.0783e-002
1920	19.483	0.3545	0.1	-1.3516
1921	18.357	0.7134	0.1	0.42724
1922	18.728	1.0804	0.1	0.18296
1923	18.73	0.3545	0.1	-0.70998
1924	17.608	0.71084	0.1	1.1722
1925	17.986	1.0833	0.1	-1.0431
1926	17.98	0.3589	0.1	-2.3248e-002
1927	16.853	0.69855	0.1	0.40223
1928	17.237	1.0537	0.1	-0.18167
1929	17.228	0.35195	0.1	0.13919
1930	16.095	0.69369	0.1	-0.13218
1931	16.476	1.0338	0.1	0.58356
1932	16.472	0.3466	0.1	-0.23222
1933	15.339	0.69798	0.1	0.19805
1934	15.714	1.0386	0.1	0.3581
1935	15.717	0.34709	0.1	-0.45968
1936	14.588	0.7054	0.1	9.3071e-002
1937	14.962	1.0548	0.1	0.46674
1938	14.964	0.35089	0.1	5.0873e-002
1939	13.836	0.70901	0.1	-0.20446
1940	14.213	1.0635	0.1	2.0897e-003
1941	14.213	0.3545	0.1	-7.96e-002
1942	13.083	0.70901	0.1	0.37584
1943	13.46	1.0635	0.1	0.39087
1944	13.46	0.3545	0.1	2.914e-002
1945	12.33	0.70901	0.1	0.55292
1946	12.707	1.0635	0.1	0.46388
1947	12.707	0.3545	0.1	0.40068
1948	11.578	0.70901	0.1	0.34259
1949	11.954	1.0635	0.1	0.47941
1950	11.954	0.3545	0.1	0.30787
1951	10.825	0.70901	0.1	0.46121
1952	11.201	1.0635	0.1	0.99719
1953	11.201	0.3545	0.1	0.54954
1954	10.072	0.70901	0.1	3.9706
1955	10.448	1.0635	0.1	6.1946
1956	10.448	0.3545	0.1	0.85868
1957	9.319	0.70901	0.1	10.402
1958	9.6954	1.0635	0.1	13.511
1959	9.6954	0.3545	0.1	2.5882
1960	8.5661	0.70901	0.1	18.727
1961	8.9425	1.0635	0.1	23.385
1962	8.9425	0.3545	0.1	8.3913
1963	7.8132	0.70901	0.1	28.835
1964	8.1897	1.0635	0.1	36.358
1965	8.1897	0.3545	0.1	15.832
1966	7.0603	0.70901	0.1	39.574
1967	7.4368	1.0635	0.1	53.149
1968	7.4368	0.3545	0.1	23.922
1969	6.3075	0.70901	0.1	45.748
1970	6.6839	1.0635	0.1	72.169
1971	6.6839	0.3545	0.1	30.503
1972	5.5546	0.70901	0.1	32.017
1973	5.931	1.0635	0.1	88.698
1974	5.931	0.3545	0.1	27.741
1975	4.8264	0.69703	0.1	-7.6088
1976	5.1685	1.0727	0.1	85.966
1977	5.1782	0.3545	0.1	-0.60993
1978	4.1202	0.66659	0.1	-71.64
1979	4.473	1.0522	0.1	34.403
1980	4.45	0.34253	0.1	-23.586
1981	3.3896	0.60349	0.1	-93.053
1982	3.719	0.32406	0.1	-121.59
1983	23.233	4.146	0.1	7.7186
1984	23.227	4.89	0.1	6.6782
1985	23.614	4.5096	0.1	13.181
1986	23.243	3.3947	0.1	7.318
1987	22.85	3.7812	0.1	3.5094
1988	23.618	3.7614	0.1	11.596
1989	23.254	2.6365	0.1	7.379
1990	22.881	3.0235	0.1	3.5624
1991	23.624	3.0083	0.1	11.821
1992	23.264	1.8752	0.1	7.3222
1993	22.887	2.2581	0.1	3.5276
1994	23.629	2.2531	0.1	11.224
1995	23.264	1.1192	0.1	5.9938
1996	23.635	1.497	0.1	12.435
1997	23.629	0.74719	0.1	8.217
1998	23.253	0.37219	0.1	1.6073
1999	2.6172	4.038	0.1	346.25
2000	2.3845	3.9341	0.1	1174.6
2001	2.6433	4.3858	0.1	90.654
2002	2.3993	4.2705	0.1	414.23
2003	2.8697	4.5091	0.1	-40.097
2004	2.6465	4.7372	0.1	57.126
2005	2.4106	4.6152	0.1	210.6
2006	2.8134	5.305	0.1	26.091
2007	2.6146	5.0401	0.1	79.848
2008	2.3788	5.2514	0.1	-51.423
2009	3.4236	5.4027	0.1	-86.737
2010	2.6013	5.5535	0.1	106.05
2011	2.9912	5.7202	0.1	-7.7399
2012	4.1831	5.3448	0.1	-70.855
2013	3.7687	5.6825	0.1	-126.56
2014	4.9262	5.3139	0.1	1.5707
2015	4.5305	5.6623	0.1	-23.638
2016	5.682	5.3019	0.1	38.8
2017	5.2922	4.9511	0.1	80.99
2018	5.2915	5.6516	0.1	11.366
2019	6.4559	5.2957	0.1	45.912
2020	6.0682	4.9543	0.1	88.475
2021	6.066	5.6503	0.1	29.711
2022	7.2351	5.291	0.1	37.646
2023	6.8495	4.9416	0.1	69.436
2024	6.8452	5.6455	0.1	29.252
2025	8.0149	5.291	0.1	26.278
2026	7.625	4.9365	0.1	47.61
2027	7.625	5.6455	0.1	22.388
2028	8.7946	5.291	0.1	16.358
2029	8.4048	4.9365	0.1	32.374
2030	8.4048	5.6455	0.1	14.015
2031	9.5744	5.291	0.1	8.3031
2032	9.1845	4.9365	0.1	20.049
2033	9.1845	5.6455	0.1	6.5862
2034	10.354	5.291	0.1	2.2476
2035	9.9643	4.9365	0.1	10.709
2036	9.9643	5.6455	0.1	1.5244
2037	11.134	5.291	0.1	0.50291
2038	10.744	4.9365	0.1	3.847
2039	10.744	5.6455	0.1	0.82224
2040	11.914	5.291	0.1	0.39311
2041	11.524	4.9365	0.1	0.2269
2042	11.524	5.6455	0.1	0.5542
2043	12.693	5.291	0.1	0.30808
2044	12.304	4.9365	0.1	0.30722
2045	12.304	5.6455	0.1	0.34736
2046	13.473	5.291	0.1	0.26994
2047	13.083	4.9365	0.1	0.19398
2048	13.083	5.6455	0.1	0.22038
2049	14.253	5.291	0.1	0.24912
2050	13.863	4.9365	0.1	0.15355
2051	13.863	5.6455	0.1	0.11206
2052	15.033	5.291	0.1	0.14284
2053	14.643	4.9365	0.1	0.1675
2054	14.643	5.6455	0.1	4.1699e-002
2055	15.813	5.291	0.1	0.11448
2056	15.423	4.9365	0.1	0.42845
2057	15.423	5.6455	0.1	-0.1647
2058	16.592	5.291	0.1	0.17554
2059	16.202	4.9365	0.1	0.13767
2060	16.202	5.6455	0.1	-0.15773
2061	17.372	5.291	0.1	0.16534
2062	16.982	4.9365	0.1	6.3247e-002
2063	16.982	5.6455	0.1	-0.20338
2064	18.152	5.291	0.1	6.457e-002
2065	17.764	4.9314	0.1	0.54412
2066	17.762	5.6455	0.1	-0.33647
2067	18.934	5.2867	0.1	-0.19487
2068	18.543	4.931	0.1	0.39461
2069	18.542	5.6455	0.1	-0.59886
2070	19.716	5.2796	0.1	-0.1467
2071	19.327	4.9258	0.1	-7.3633e-003
2072	19.324	5.6412	0.1	-0.88483
2073	20.495	5.279	0.1	-9.8656e-002
2074	20.11	4.9154	0.1	0.37432
2075	20.104	5.6384	0.1	-0.75878
2076	21.274	5.2754	0.1	-0.45179
2077	20.888	4.9099	0.1	0.58458
2078	20.882	5.6406	0.1	-1.5344
2079	22.055	5.2687	0.1	-1.2352
2080	21.666	4.9035	0.1	0.59208
2081	21.663	5.6348	0.1	-1.9512
2082	22.835	5.2643	0.1	1.5456
2083	22.443	5.6338	0.1	-3.8431
2084	23.223	5.6305	0.1	2.0106
2085	23.613	5.2555	0.1	8.8998
2086	1.5533	1.9675	0.1	509.05
2087	1.8086	2.0893	0.1	1639.8
2088	1.5315	1.5492	0.1	-3.9853
2089	1.6309	1.195	0.1	-98.94
2090	1.7868	1.3377	0.1	66.81
2091	1.4225	0.64011	0.1	65.02
2092	1.595	0.93129	0.1	-126.56
2093	1.7509	0.74065	0.1	20.341
2094	1.0051	0.59957	0.1	269.36
2095	1.6715	0.39946	0.1	321.04
2096	1.3382	0.23279	0.1	206.8
2097	0.51731	1.8546	0.1	1563.1
2098	0.58797	1.1127	0.1	955.78
2099	0.74434	1.521	0.1	1453.3
2100	0.25436	1.4959	0.1	2585.4
2101	0.58911	2.588	0.1	1864.5
2102	0.7496	2.1582	0.1	1770.1
2103	0.26295	2.2337	0.1	3120.3
2104	0.60584	3.3763	0.1	1840.9
2105	0.55571	4.1762	0.1	1498.3
2106	0.811	3.8628	0.1	1694.3
2107	0.27969	3.772	0.1	3130.
2108	0.81254	5.3296	0.1	468.83
2109	0.55833	4.9263	0.1	907.07
2110	0.28231	5.2722	0.1	1800.6
2111	0.61564	5.6472	0.1	202.89
2112	1.2987	5.4366	0.1	252.04
2113	1.1052	5.0416	0.1	562.33
2114	1.1969	5.6825	0.1	168.24
2115	1.5524	5.3363	0.1	29.924
2116	1.7685	5.5875	0.1	128.41
2117	1.6018	5.7541	0.1	83.322
2118	2.0705	3.6424	0.1	-571.77
2119	1.9685	3.7825	0.1	761.55
2120	2.1647	2.3852	0.1	-482.15
2121	2.2337	2.2217	0.1	453.28
2122	8.0149	3.164	0.1	88.492
2123	8.7946	3.164	0.1	58.036
2124	9.5744	3.164	0.1	37.466
2125	10.354	3.164	0.1	23.916
2126	11.134	3.164	0.1	15.54
2127	11.914	3.164	0.1	11.175
2128	12.693	3.164	0.1	8.8245
2129	13.473	3.164	0.1	10.095
2130	14.253	3.164	0.1	6.8542
2131	15.033	3.164	0.1	1.163
2132	15.79	3.1903	0.1	0.41758
2133	16.548	3.2156	0.1	1.174
2134	17.35	3.1894	0.1	4.0165
2135	18.178	3.1044	0.1	3.4907
2136	18.983	3.0444	0.1	-0.31837
2137	19.749	3.0611	0.1	1.4281
2138	5.6784	4.6035	0.1	131.03
2139	6.4618	4.6002	0.1	111.75
2140	7.2394	4.5871	0.1	79.28
2141	8.0149	4.582	0.1	53.545
2142	8.7946	4.582	0.1	35.85
2143	9.5744	4.582	0.1	22.191
2144	10.354	4.582	0.1	12.015
2145	11.134	4.582	0.1	4.5968
2146	11.914	4.582	0.1	0.1344
2147	12.693	4.582	0.1	0.20023
2148	13.473	4.582	0.1	9.2224e-002
2149	14.253	4.582	0.1	8.9013e-002
2150	15.033	4.582	0.1	0.46965
2151	15.813	4.582	0.1	0.46818
2152	16.592	4.582	0.1	3.833e-002
2153	17.374	4.5769	0.1	0.43963
2154	18.155	4.5714	0.1	0.86962
2155	18.936	4.5702	0.1	0.59175
2156	19.721	4.5617	0.1	0.53277
2157	20.504	4.5464	0.1	1.0766
2158	21.281	4.538	0.1	1.6592
2159	22.489	3.41	0.1	-0.35256
2160	22.514	2.6451	0.1	-0.39656
2161	21.383	1.4913	0.1	1.1022
2162	20.617	1.4661	0.1	0.59879
2163	19.852	1.4578	0.1	0.787
2164	19.097	1.4608	0.1	1.0329
2165	18.356	1.4503	0.1	-1.2841
2166	17.615	1.4261	0.1	-2.3809
2167	16.86	1.3889	0.1	-4.6701e-003
2168	16.096	1.3787	0.1	1.0643
2169	15.337	1.3955	0.1	0.6404
2170	14.587	1.4129	0.1	0.39713
2171	13.836	1.418	0.1	0.59014
2172	13.083	1.418	0.1	0.48236
2173	12.33	1.418	0.1	0.4337
2174	11.578	1.418	0.1	1.8588
2175	10.825	1.418	0.1	7.4788
2176	10.072	1.418	0.1	15.438
2177	9.319	1.418	0.1	26.25
2178	8.5661	1.418	0.1	40.82
2179	7.8132	1.418	0.1	60.528
2180	7.0603	1.418	0.1	85.652
2181	6.3075	1.418	0.1	115.1
2182	5.545	1.4272	0.1	142.52
2183	4.8151	1.4279	0.1	130.94
2184	2.5901	0.4461	0.1	99.893
2185	2.9666	0.27943	0.1	-9.3449
2186	0.32616	2.9793	0.1	3381.1
2187	2.9459	3.1467	0.1	473.85
2188	0.33362	0.74178	0.1	1827.9
2189	0.66695	0.36678	0.1	34.466
2190	0.85097	4.6383	0.1	1066.7
2191	0.27602	4.5292	0.1	2533.3
2192	1.2347	1.6533	0.1	799.31
2193	0.97663	1.8246	0.1	1631.1
2194	1.3588	4.9413	0.1	251.83
2195	1.1063	4.3249	0.1	1233.6
2196	2.5993	3.1679	0.1	356.89
2197	2.3656	2.0256	0.1	857.39
2198	1.2314	1.9277	0.1	964.41
2199	1.7447	1.7115	0.1	405.71
2200	1.8441	1.024	0.1	-65.127
2201	2.4025	4.9553	0.1	125.93
2202	1.6313	5.0496	0.1	-86.253
2203	1.8474	4.9675	0.1	-38.619
2204	1.7839	5.2488	0.1	32.52
2205	1.3122	3.8671	0.1	1120.9
2206	1.7808	3.9013	0.1	1199.7
2207	2.0144	2.1635	0.1	1053.3
2208	2.1853	3.8599	0.1	558.02
2209	2.1667	0.5	0.1	288.63
2210	2.1667	0.16667	0.1	625.54
2211	2.1667	0.33333	5.e-002	-6.1641e-014
2212	2.1667	0.83333	0.1	91.796
2213	2.1667	0.66667	5.e-002	-5.0714e-009
2214	2.1667	1.1667	0.1	271.67
2215	2.1667	1.	5.e-002	-6.1813e-006
2216	2.1667	1.5	0.1	335.92
2217	2.1667	1.3333	5.e-002	2.7335e-005
2218	2.1667	1.8333	0.1	1111.1
2219	2.1667	1.6667	5.e-002	-4.8129e-005
2220	2.0833	2.	0.1	3132.9
2221	2.1667	2.	5.e-002	1.5937e-004
2222	2.	1.8333	0.1	1816.4
2223	2.	2.	5.e-002	1.5423e-004
2224	2.	1.5	0.1	486.69
2225	2.	1.6667	5.e-002	-1.5428e-005
2226	2.	1.1667	0.1	120.59
2227	2.	1.3333	5.e-002	-1.9312e-013
2228	2.	0.83333	0.1	90.471
2229	2.	1.	5.e-002	-7.4327e-006
2230	2.	0.5	0.1	196.16
2231	2.	0.66667	5.e-002	1.4466e-005
2232	2.	0.16667	0.1	780.99
2233	2.	0.33333	5.e-002	-2.7656e-014
2234	2.1667	5.5	0.1	271.76
2235	2.1667	5.8333	0.1	614.87
2236	2.1667	5.6667	5.e-002	-1.487e-005
2237	2.1667	5.1667	0.1	23.179
2238	2.1667	5.3333	5.e-002	-3.8422e-014
2239	2.1667	4.8333	0.1	286.04
2240	2.1667	5.	5.e-002	-8.3468e-014
2241	2.1667	4.5	0.1	510.32
2242	2.1667	4.6667	5.e-002	-1.651e-013
2243	2.1667	4.1667	0.1	1451.3
2244	2.1667	4.3333	5.e-002	-1.0416e-005
2245	2.0833	4.	0.1	3188.2
2246	2.1667	4.	5.e-002	-6.2337e-004
2247	2.	4.1667	0.1	1341.4
2248	2.	4.	5.e-002	-1.8256e-005
2249	2.	4.5	0.1	438.32
2250	2.	4.3333	5.e-002	-1.3801e-012
2251	2.	4.8333	0.1	262.27
2252	2.	4.6667	5.e-002	-3.0186e-005
2253	2.	5.1667	0.1	104.9
2254	2.	5.	5.e-002	1.5202e-005
2255	2.	5.5	0.1	103.52
2256	2.	5.3333	5.e-002	-6.3258e-014
2257	2.	5.8333	0.1	446.93
2258	2.	5.6667	5.e-002	-4.2648e-014
2259	2.5565	6.	0.1	315.37
2260	2.1667	6.	5.e-002	-4.8543e-014
2261	3.3363	6.	0.1	-38.452
2262	2.9464	6.	5.e-002	-8.0143e-015
2263	4.1161	6.	0.1	-75.986
2264	3.7262	6.	5.e-002	-6.5777e-015
2265	4.8958	6.	0.1	-20.914
2266	4.506	6.	5.e-002	6.8071e-013
2267	5.6756	6.	0.1	2.5853
2268	5.2857	6.	5.e-002	9.7285e-007
2269	6.4554	6.	0.1	12.905
2270	6.0655	6.	5.e-002	2.8609e-006
2271	7.2351	6.	0.1	13.912
2272	6.8452	6.	5.e-002	2.5158e-006
2273	8.0149	6.	0.1	9.9835
2274	7.625	6.	5.e-002	4.2859e-006
2275	8.7946	6.	0.1	4.2431
2276	8.4048	6.	5.e-002	3.8097e-006
2277	9.5744	6.	0.1	1.9076
2278	9.1845	6.	5.e-002	3.6329e-006
2279	10.354	6.	0.1	1.2645
2280	9.9643	6.	5.e-002	5.6038e-006
2281	11.134	6.	0.1	0.83332
2282	10.744	6.	5.e-002	5.7216e-006
2283	11.914	6.	0.1	0.4998
2284	11.524	6.	5.e-002	7.6293e-006
2285	12.693	6.	0.1	0.26262
2286	12.304	6.	5.e-002	7.6294e-006
2287	13.473	6.	0.1	6.719e-002
2288	13.083	6.	5.e-002	8.6063e-006
2289	14.253	6.	0.1	-9.0362e-002
2290	13.863	6.	5.e-002	8.5829e-006
2291	15.033	6.	0.1	-0.25665
2292	14.643	6.	5.e-002	9.5364e-006
2293	15.813	6.	0.1	-0.42865
2294	15.423	6.	5.e-002	1.0491e-005
2295	16.592	6.	0.1	-0.52729
2296	16.202	6.	5.e-002	1.1446e-005
2297	17.372	6.	0.1	-0.67636
2298	16.982	6.	5.e-002	1.24e-005
2299	18.152	6.	0.1	-0.94107
2300	17.762	6.	5.e-002	1.3355e-005
2301	18.932	6.	0.1	-1.2178
2302	18.542	6.	5.e-002	1.4147e-005
2303	19.711	6.	0.1	-1.4304
2304	19.321	6.	5.e-002	1.5072e-005
2305	20.491	6.	0.1	-2.1112
2306	20.101	6.	5.e-002	1.7182e-005
2307	21.271	6.	0.1	-2.9057
2308	20.881	6.	5.e-002	1.6182e-005
2309	22.051	6.	0.1	-4.3842
2310	21.661	6.	5.e-002	1.8546e-005
2311	22.83	6.	0.1	-3.1196
2312	22.44	6.	5.e-002	1.5819e-005
2313	23.61	6.	0.1	2.7019
2314	23.22	6.	5.e-002	2.1459e-005
2315	24.	5.625	0.1	9.1929
2316	24.	6.	5.e-002	2.7111e-005
2317	24.	4.875	0.1	14.876
2318	24.	5.25	5.e-002	1.9867e-005
2319	24.	4.125	0.1	16.599
2320	24.	4.5	5.e-002	1.9322e-005
2321	24.	3.375	0.1	15.674
2322	24.	3.75	5.e-002	2.2913e-005
2323	24.	2.625	0.1	15.237
2324	24.	3.	5.e-002	1.907e-005
2325	24.	1.875	0.1	15.839
2326	24.	2.25	5.e-002	2.2883e-005
2327	24.	1.125	0.1	14.082
2328	24.	1.5	5.e-002	1.5524e-005
2329	24.	0.375	0.1	8.1994
2330	24.	0.75	5.e-002	2.8036e-005
2331	9.8347e-015	1.125	0.1	3397.4
2332	3.2782e-015	0.375	0.1	2118.3
2333	6.6451e-015	0.75	5.e-002	-9.4278e-007
2334	1.6391e-014	1.875	0.1	4132.8
2335	1.329e-014	1.5	5.e-002	4.1368e-005
2336	2.2948e-014	2.625	0.1	4635.9
2337	1.9935e-014	2.25	5.e-002	6.1956e-007
2338	2.9504e-014	3.375	0.1	4679.4
2339	2.6581e-014	3.	5.e-002	-2.974e-006
2340	3.606e-014	4.125	0.1	4145.
2341	3.3226e-014	3.75	5.e-002	-2.4057e-006
2342	4.2617e-014	4.875	0.1	3353.9
2343	3.9871e-014	4.5	5.e-002	-4.3716e-005
2344	4.9173e-014	5.625	0.1	2051.7
2345	4.6516e-014	5.25	5.e-002	-2.5236e-008
2346	0.33333	6.	0.1	539.64
2347	5.2451e-014	6.	5.e-002	-4.0121e-008
2348	1.	6.	0.1	-76.503
2349	0.66667	6.	5.e-002	-2.9593e-014
2350	1.5	6.	0.1	88.08
2351	1.3333	6.	5.e-002	-2.7482e-014
2352	1.8333	6.	0.1	330.68
2353	1.6667	6.	5.e-002	1.2394e-006
2354	2.	6.	5.e-002	-5.7474e-014
2355	23.624	0.	0.1	2.0148
2356	24.	0.	5.e-002	2.952e-005
2357	22.871	0.	0.1	-3.378
2358	23.247	0.	5.e-002	1.7834e-005
2359	22.118	0.	0.1	-4.6085
2360	22.494	0.	5.e-002	1.7118e-005
2361	21.365	0.	0.1	-2.6948
2362	21.741	0.	5.e-002	1.8075e-005
2363	20.612	0.	0.1	-2.0548
2364	20.989	0.	5.e-002	1.6038e-005
2365	19.859	0.	0.1	-1.873
2366	20.236	0.	5.e-002	1.6211e-005
2367	19.106	0.	0.1	-1.2466
2368	19.483	0.	5.e-002	1.5259e-005
2369	18.353	0.	0.1	-1.1691
2370	18.73	0.	5.e-002	1.3347e-005
2371	17.601	0.	0.1	-1.0571
2372	17.977	0.	5.e-002	1.3353e-005
2373	16.848	0.	0.1	-0.46753
2374	17.224	0.	5.e-002	1.2307e-005
2375	16.095	0.	0.1	-0.52253
2376	16.471	0.	5.e-002	1.1449e-005
2377	15.342	0.	0.1	-0.59999
2378	15.718	0.	5.e-002	1.1409e-005
2379	14.589	0.	0.1	-0.11819
2380	14.966	0.	5.e-002	9.5057e-006
2381	13.836	0.	0.1	0.19461
2382	14.213	0.	5.e-002	8.5826e-006
2383	13.083	0.	0.1	7.758e-002
2384	13.46	0.	5.e-002	8.5845e-006
2385	12.33	0.	0.1	0.14406
2386	12.707	0.	5.e-002	9.538e-006
2387	11.578	0.	0.1	0.48921
2388	11.954	0.	5.e-002	5.7231e-006
2389	10.825	0.	0.1	0.88487
2390	11.201	0.	5.e-002	6.7326e-006
2391	10.072	0.	0.1	1.3517
2392	10.448	0.	5.e-002	5.7212e-006
2393	9.319	0.	0.1	2.049
2394	9.6954	0.	5.e-002	4.7666e-006
2395	8.5661	0.	0.1	5.3753
2396	8.9425	0.	5.e-002	3.5859e-006
2397	7.8132	0.	0.1	10.778
2398	8.1897	0.	5.e-002	3.923e-006
2399	7.0603	0.	0.1	14.721
2400	7.4368	0.	5.e-002	3.7989e-006
2401	6.3075	0.	0.1	12.281
2402	6.6839	0.	5.e-002	1.4397e-006
2403	5.5546	0.	0.1	-4.9809
2404	5.931	0.	5.e-002	3.7388e-006
2405	4.8017	0.	0.1	-26.163
2406	5.1782	0.	5.e-002	1.8079e-006
2407	4.0489	0.	0.1	-68.676
2408	4.4253	0.	5.e-002	3.3301e-008
2409	3.296	0.	0.1	-26.834
2410	3.6724	0.	5.e-002	-7.2946e-015
2411	2.5431	0.	0.1	308.2
2412	2.9195	0.	5.e-002	-8.1967e-015
2413	2.1667	0.	5.e-002	-5.0372e-014
2414	1.6667	3.1341e-030	0.1	382.33
2415	2.	3.7609e-030	5.e-002	-6.0766e-014
2416	1.	1.8804e-030	0.1	-123.62
2417	1.3333	0.	5.e-002	-1.5676e-014
2418	0.33333	6.2681e-031	0.1	461.58
2419	0.66667	0.	5.e-002	-4.2988e-014
2420	0.	0.	5.e-002	5.967e-005
2421	1.	1.8804e-030	0.	123.62
2422	0.33333	6.2681e-031	0.	-461.58
2423	1.6667	3.1341e-030	0.	-382.33
2424	2.	0.16667	0.	-780.99
2425	3.2782e-015	0.375	0.	-2118.3
2426	3.296	0.	0.	26.834
2427	2.5431	0.	0.	-308.2
2428	4.0489	0.	0.	68.676
2429	4.8017	0.	0.	26.163
2430	5.5546	0.	0.	4.9809
2431	6.3075	0.	0.	-12.281
2432	7.0603	0.	0.	-14.721
2433	7.8132	0.	0.	-10.778
2434	8.5661	0.	0.	-5.3753
2435	9.319	0.	0.	-2.049
2436	10.072	0.	0.	-1.3517
2437	10.825	0.	0.	-0.88487
2438	11.578	0.	0.	-0.48921
2439	12.33	0.	0.	-0.14406
2440	13.083	0.	0.	-7.758e-002
2441	13.836	0.	0.	-0.19461
2442	14.589	0.	0.	0.11819
2443	15.342	0.	0.	0.59999
2444	16.095	0.	0.	0.52253
2445	16.848	0.	0.	0.46753
2446	17.601	0.	0.	1.0571
2447	18.353	0.	0.	1.1691
2448	19.106	0.	0.	1.2466
2449	19.859	0.	0.	1.873
2450	20.612	0.	0.	2.0548
2451	21.365	0.	0.	2.6948
2452	22.118	0.	0.	4.6085
2453	22.871	0.	0.	3.378
2454	23.624	0.	0.	-2.0148
2455	2.1667	0.16667	0.	-625.54
2456	24.	0.375	0.	-8.1994
2457	1.5	6.	0.	-88.08
2458	1.8333	6.	0.	-330.68
2459	1.	6.	0.	76.503
2460	0.33333	6.	0.	-539.64
2461	2.	5.8333	0.	-446.93
2462	4.9173e-014	5.625	0.	-2051.7
2463	4.2617e-014	4.875	0.	-3353.9
2464	3.606e-014	4.125	0.	-4145.
2465	2.9504e-014	3.375	0.	-4679.4
2466	2.2948e-014	2.625	0.	-4635.9
2467	1.6391e-014	1.875	0.	-4132.8
2468	9.8347e-015	1.125	0.	-3397.4
2469	24.	1.125	0.	-14.082
2470	24.	1.875	0.	-15.839
2471	24.	2.625	0.	-15.237
2472	24.	3.375	0.	-15.674
2473	24.	4.125	0.	-16.599
2474	24.	4.875	0.	-14.876
2475	24.	5.625	0.	-9.1929
2476	23.61	6.	0.	-2.702
2477	22.83	6.	0.	3.1196
2478	22.051	6.	0.	4.3842
2479	21.271	6.	0.	2.9057
2480	20.491	6.	0.	2.1112
2481	19.711	6.	0.	1.4304
2482	18.932	6.	0.	1.2178
2483	18.152	6.	0.	0.94107
2484	17.372	6.	0.	0.67636
2485	16.592	6.	0.	0.52729
2486	15.813	6.	0.	0.42865
2487	15.033	6.	0.	0.25665
2488	14.253	6.	0.	9.0361e-002
2489	13.473	6.	0.	-6.719e-002
2490	12.693	6.	0.	-0.26262
2491	11.914	6.	0.	-0.4998
2492	11.134	6.	0.	-0.83333
2493	10.354	6.	0.	-1.2645
2494	9.5744	6.	0.	-1.9076
2495	8.7946	6.	0.	-4.2431
2496	8.0149	6.	0.	-9.9835
2497	7.2351	6.	0.	-13.912
2498	6.4554	6.	0.	-12.905
2499	5.6756	6.	0.	-2.5853
2500	4.8958	6.	0.	20.914
2501	4.1161	6.	0.	75.986
2502	3.3363	6.	0.	38.452
2503	2.5565	6.	0.	-315.37
2504	2.1667	5.8333	0.	-614.87
2505	2.	4.5	0.	-438.32
2506	2.	4.1667	0.	-1341.4
2507	2.	4.8333	0.	-262.27
2508	2.	5.1667	0.	-104.9
2509	2.	5.5	0.	-103.52
2510	2.0833	4.	0.	-3188.2
2511	2.1667	5.5	0.	-271.76
2512	2.1667	5.1667	0.	-23.179
2513	2.1667	4.8333	0.	-286.04
2514	2.1667	4.5	0.	-510.32
2515	2.1667	4.1667	0.	-1451.3
2516	2.	1.5	0.	-486.69
2517	2.	1.8333	0.	-1816.4
2518	2.	1.1667	0.	-120.59
2519	2.	0.83333	0.	-90.471
2520	2.	0.5	0.	-196.16
2521	2.0833	2.	0.	-3132.9
2522	2.1667	0.5	0.	-288.63
2523	2.1667	0.83333	0.	-91.796
2524	2.1667	1.1667	0.	-271.67
2525	2.1667	1.5	0.	-335.92
2526	2.1667	1.8333	0.	-1111.1
