Node Number	X Location (in)	Y Location (in)	Z Location (in)	Total Deformation (in)
1	4.8061	2.6387	0.	3.9629e-002
2	3.899	4.7271	0.	2.4721e-002
3	1.7845	0.83728	0.	4.0392e-003
4	1.9401	2.4964	0.	5.6424e-003
5	4.1038	0.58905	0.	2.7077e-002
6	1.8093	5.025	0.	3.9361e-003
7	3.8219	5.4746	0.	2.2507e-002
8	4.1511	4.1773	0.	2.9055e-002
9	1.0969	3.4532	0.	1.784e-003
10	0.91592	4.8024	0.	1.0826e-003
11	0.89246	2.1922	0.	1.165e-003
12	0.86811	1.0629	0.	9.8976e-004
13	5.1946	0.78811	0.	4.5089e-002
14	6.1968	1.0386	0.	6.3774e-002
15	7.1626	1.2655	0.	8.35e-002
16	8.2723	1.2716	0.	0.10781
17	9.477	1.2092	0.	0.13616
18	10.651	1.1845	0.	0.16556
19	11.797	1.1752	0.	0.19566
20	12.925	1.1695	0.	0.22643
21	14.03	1.1699	0.	0.25746
22	15.136	1.1707	0.	0.28924
23	16.239	1.173	0.	0.3215
24	17.343	1.1761	0.	0.35424
25	18.447	1.18	0.	0.3873
26	19.551	1.1803	0.	0.4206
27	20.665	1.1914	0.	0.45435
28	21.77	1.1942	0.	0.48789
29	22.887	1.1948	0.	0.52188
30	22.876	2.3928	0.	0.52171
31	22.877	3.6024	0.	0.52187
32	22.884	4.7973	0.	0.52221
33	21.769	4.795	0.	0.4883
34	20.651	4.7971	0.	0.45434
35	19.543	4.7702	0.	0.42079
36	18.436	4.7249	0.	0.3874
37	17.333	4.6903	0.	0.35438
38	16.232	4.6732	0.	0.32176
39	15.132	4.6683	0.	0.28958
40	14.031	4.6669	0.	0.25795
41	12.925	4.6674	0.	0.22691
42	11.808	4.7278	0.	0.19643
43	10.676	4.702	0.	0.16667
44	9.4606	4.7427	0.	0.13619
45	8.2005	4.7337	0.	0.10655
46	6.9407	4.7281	0.	7.9216e-002
47	5.5818	4.7266	0.	5.2697e-002
48	4.7974	5.2637	0.	3.8443e-002
49	5.5504	1.8506	0.	5.2277e-002
50	6.5562	2.7173	0.	7.1828e-002
51	8.0736	2.4269	0.	0.10401
52	9.3753	2.3908	0.	0.13437
53	10.594	2.3596	0.	0.16473
54	11.77	2.3433	0.	0.1955
55	12.906	2.3377	0.	0.22639
56	14.027	2.3468	0.	0.25783
57	15.132	2.3487	0.	0.28953
58	16.236	2.3528	0.	0.32176
59	17.34	2.3568	0.	0.35446
60	18.445	2.3611	0.	0.38749
61	19.548	2.366	0.	0.42075
62	20.653	2.3856	0.	0.4542
63	21.753	2.3978	0.	0.48757
64	21.75	3.5943	0.	0.48763
65	20.65	3.5882	0.	0.45423
66	19.544	3.568	0.	0.42076
67	18.434	3.5393	0.	0.38733
68	17.334	3.5258	0.	0.35443
69	16.233	3.5144	0.	0.32181
70	15.129	3.5074	0.	0.28958
71	14.026	3.5046	0.	0.25794
72	12.906	3.5097	0.	0.22657
73	11.772	3.5222	0.	0.19571
74	10.632	3.5136	0.	0.16585
75	9.3609	3.5594	0.	0.13416
76	8.0276	3.5774	0.	0.10311
77	6.5695	3.5755	0.	7.213e-002
78	3.6302	5.0771	0.	2.0239e-002
79	1.8021	1.6956	0.	4.6102e-003
80	2.3249	2.9423	0.	8.348e-003
81	1.9499	4.0719	0.	5.381e-003
82	5.2035	3.5269	0.	4.6431e-002
83	2.4657	4.0509	0.	8.6685e-003
84	2.6787	3.966	0.	1.0436e-002
85	4.4621	1.8989	0.	3.3814e-002
86	3.1305	3.4776	0.	1.5801e-002
87	2.8675	3.6961	0.	1.265e-002
88	2.7366	3.6841	0.	1.1388e-002
89	3.9501	3.4029	0.	2.647e-002
90	4.1218	1.2431	0.	2.8105e-002
91	4.9951	1.2745	0.	4.2153e-002
92	2.6125	3.3538	0.	1.0584e-002
93	2.6125	3.3538	0.1	1.0584e-002
94	4.9951	1.2745	0.1	4.2153e-002
95	4.1218	1.2431	0.1	2.8105e-002
96	3.9501	3.4029	0.1	2.647e-002
97	2.7366	3.6841	0.1	1.1388e-002
98	2.8675	3.6961	0.1	1.265e-002
99	3.1305	3.4776	0.1	1.5801e-002
100	4.4621	1.8989	0.1	3.3814e-002
101	2.6787	3.966	0.1	1.0436e-002
102	2.4657	4.0509	0.1	8.6685e-003
103	5.2035	3.5269	0.1	4.6431e-002
104	1.9499	4.0719	0.1	5.381e-003
105	2.3249	2.9423	0.1	8.348e-003
106	1.8021	1.6956	0.1	4.6102e-003
107	3.6302	5.0771	0.1	2.0239e-002
108	6.5695	3.5755	0.1	7.213e-002
109	8.0276	3.5774	0.1	0.10311
110	9.3609	3.5594	0.1	0.13416
111	10.632	3.5136	0.1	0.16585
112	11.772	3.5222	0.1	0.19571
113	12.906	3.5097	0.1	0.22657
114	14.026	3.5046	0.1	0.25794
115	15.129	3.5074	0.1	0.28958
116	16.233	3.5144	0.1	0.32181
117	17.334	3.5258	0.1	0.35443
118	18.434	3.5393	0.1	0.38733
119	19.544	3.568	0.1	0.42076
120	20.65	3.5882	0.1	0.45423
121	21.75	3.5943	0.1	0.48763
122	21.753	2.3978	0.1	0.48757
123	20.653	2.3856	0.1	0.4542
124	19.548	2.366	0.1	0.42075
125	18.445	2.3611	0.1	0.38749
126	17.34	2.3568	0.1	0.35446
127	16.236	2.3528	0.1	0.32176
128	15.132	2.3487	0.1	0.28953
129	14.027	2.3468	0.1	0.25783
130	12.906	2.3377	0.1	0.22639
131	11.77	2.3433	0.1	0.1955
132	10.594	2.3596	0.1	0.16473
133	9.3753	2.3908	0.1	0.13437
134	8.0736	2.4269	0.1	0.10401
135	6.5562	2.7173	0.1	7.1828e-002
136	5.5504	1.8506	0.1	5.2277e-002
137	4.7974	5.2637	0.1	3.8443e-002
138	5.5818	4.7266	0.1	5.2697e-002
139	6.9407	4.7281	0.1	7.9216e-002
140	8.2005	4.7337	0.1	0.10655
141	9.4606	4.7427	0.1	0.13619
142	10.676	4.702	0.1	0.16667
143	11.808	4.7278	0.1	0.19643
144	12.925	4.6674	0.1	0.22691
145	14.031	4.6669	0.1	0.25795
146	15.132	4.6683	0.1	0.28958
147	16.232	4.6732	0.1	0.32176
148	17.333	4.6903	0.1	0.35438
149	18.436	4.7249	0.1	0.3874
150	19.543	4.7702	0.1	0.42079
151	20.651	4.7971	0.1	0.45434
152	21.769	4.795	0.1	0.4883
153	22.884	4.7973	0.1	0.52221
154	22.877	3.6024	0.1	0.52187
155	22.876	2.3928	0.1	0.52171
156	22.887	1.1948	0.1	0.52188
157	21.77	1.1942	0.1	0.48789
158	20.665	1.1914	0.1	0.45435
159	19.551	1.1803	0.1	0.4206
160	18.447	1.18	0.1	0.3873
161	17.343	1.1761	0.1	0.35424
162	16.239	1.173	0.1	0.3215
163	15.136	1.1707	0.1	0.28924
164	14.03	1.1699	0.1	0.25746
165	12.925	1.1695	0.1	0.22643
166	11.797	1.1752	0.1	0.19566
167	10.651	1.1845	0.1	0.16556
168	9.477	1.2092	0.1	0.13616
169	8.2723	1.2716	0.1	0.10781
170	7.1626	1.2655	0.1	8.35e-002
171	6.1968	1.0386	0.1	6.3774e-002
172	5.1946	0.78811	0.1	4.5089e-002
173	0.86811	1.0629	0.1	9.8976e-004
174	0.89246	2.1922	0.1	1.165e-003
175	0.91592	4.8024	0.1	1.0826e-003
176	1.0969	3.4532	0.1	1.784e-003
177	4.1511	4.1773	0.1	2.9055e-002
178	3.8219	5.4746	0.1	2.2507e-002
179	1.8093	5.025	0.1	3.9361e-003
180	4.1038	0.58905	0.1	2.7077e-002
181	1.9401	2.4964	0.1	5.6424e-003
182	1.7845	0.83728	0.1	4.0392e-003
183	3.899	4.7271	0.1	2.4721e-002
184	4.8061	2.6387	0.1	3.9629e-002
185	2.9867	4.	0.	1.3395e-002
186	2.9867	4.5	0.	1.2212e-002
187	2.9867	5.	0.	1.1016e-002
188	2.9867	5.5	0.	9.9251e-003
189	2.82	4.	0.	1.1595e-002
190	2.82	5.5	0.	8.0477e-003
191	2.82	5.	0.	9.0043e-003
192	2.82	4.5	0.	1.0153e-002
193	2.9867	2.	0.	1.352e-002
194	2.9867	1.5	0.	1.2749e-002
195	2.9867	1.	0.	1.1732e-002
196	2.9867	0.5	0.	1.0667e-002
197	2.82	2.	0.	1.1777e-002
198	2.82	0.5	0.	9.1437e-003
199	2.82	1.	0.	9.9986e-003
200	2.82	1.5	0.	1.0884e-002
201	2.9867	6.	0.	8.9016e-003
202	4.0926	6.	0.	2.5887e-002
203	5.1986	6.	0.	4.4428e-002
204	6.3046	6.	0.	6.5071e-002
205	7.4105	6.	0.	8.788e-002
206	8.5165	6.	0.	0.11265
207	9.6225	6.	0.	0.13915
208	10.728	6.	0.	0.16714
209	11.834	6.	0.	0.19639
210	12.94	6.	0.	0.22671
211	14.046	6.	0.	0.2579
212	15.152	6.	0.	0.2898
213	16.258	6.	0.	0.32226
214	17.364	6.	0.	0.35514
215	18.47	6.	0.	0.38834
216	19.576	6.	0.	0.42175
217	20.682	6.	0.	0.4553
218	21.788	6.	0.	0.48892
219	22.894	6.	0.	0.52258
220	24.	6.	0.	0.55624
221	24.	4.8	0.	0.55616
222	24.	3.6	0.	0.55605
223	24.	2.4	0.	0.55591
224	24.	1.2	0.	0.55574
225	1.049e-014	1.2	0.	0.
226	2.0981e-014	2.4	0.	0.
227	3.1471e-014	3.6	0.	0.
228	4.1961e-014	4.8	0.	0.
229	24.	0.	0.	0.55555
230	2.9867	0.	0.	9.6528e-003
231	22.894	0.	0.	0.52188
232	21.788	0.	0.	0.48823
233	20.682	0.	0.	0.45461
234	19.576	0.	0.	0.42106
235	18.47	0.	0.	0.38765
236	17.364	0.	0.	0.35445
237	16.258	0.	0.	0.32157
238	15.152	0.	0.	0.28911
239	14.046	0.	0.	0.25721
240	12.94	0.	0.	0.22602
241	11.834	0.	0.	0.1957
242	10.728	0.	0.	0.16645
243	9.6225	0.	0.	0.13847
244	8.5165	0.	0.	0.11199
245	7.4105	0.	0.	8.7247e-002
246	6.3046	0.	0.	6.4527e-002
247	5.1986	0.	0.	4.4072e-002
248	4.0926	0.	0.	2.5984e-002
249	0.	0.	0.	0.
250	2.82	0.	0.	8.3188e-003
251	1.88	9.3011e-031	0.	3.6708e-003
252	0.94	4.6505e-031	0.	8.1575e-004
253	3.937e-014	6.	0.	0.
254	2.82	6.	0.	7.1803e-003
255	0.94	6.	0.	7.0102e-004
256	1.88	6.	0.	3.1405e-003
257	2.9867	5.5	0.1	9.9251e-003
258	2.9867	5.	0.1	1.1016e-002
259	2.9867	4.5	0.1	1.2212e-002
260	2.9867	4.	0.1	1.3395e-002
261	2.82	4.	0.1	1.1595e-002
262	2.82	4.5	0.1	1.0153e-002
263	2.82	5.	0.1	9.0043e-003
264	2.82	5.5	0.1	8.0477e-003
265	2.9867	0.5	0.1	1.0667e-002
266	2.9867	1.	0.1	1.1732e-002
267	2.9867	1.5	0.1	1.2749e-002
268	2.9867	2.	0.1	1.352e-002
269	2.82	2.	0.1	1.1777e-002
270	2.82	1.5	0.1	1.0884e-002
271	2.82	1.	0.1	9.9986e-003
272	2.82	0.5	0.1	9.1437e-003
273	2.9867	6.	0.1	8.9016e-003
274	4.0926	6.	0.1	2.5887e-002
275	5.1986	6.	0.1	4.4428e-002
276	6.3046	6.	0.1	6.5071e-002
277	7.4105	6.	0.1	8.788e-002
278	8.5165	6.	0.1	0.11265
279	9.6225	6.	0.1	0.13915
280	10.728	6.	0.1	0.16714
281	11.834	6.	0.1	0.19639
282	12.94	6.	0.1	0.22671
283	14.046	6.	0.1	0.2579
284	15.152	6.	0.1	0.2898
285	16.258	6.	0.1	0.32226
286	17.364	6.	0.1	0.35514
287	18.47	6.	0.1	0.38834
288	19.576	6.	0.1	0.42175
289	20.682	6.	0.1	0.4553
290	21.788	6.	0.1	0.48892
291	22.894	6.	0.1	0.52258
292	24.	6.	0.1	0.55624
293	24.	4.8	0.1	0.55616
294	24.	3.6	0.1	0.55605
295	24.	2.4	0.1	0.55591
296	24.	1.2	0.1	0.55574
297	1.049e-014	1.2	0.1	0.
298	2.0981e-014	2.4	0.1	0.
299	3.1471e-014	3.6	0.1	0.
300	4.1961e-014	4.8	0.1	0.
301	24.	0.	0.1	0.55555
302	22.894	0.	0.1	0.52188
303	21.788	0.	0.1	0.48823
304	20.682	0.	0.1	0.45461
305	19.576	0.	0.1	0.42106
306	18.47	0.	0.1	0.38765
307	17.364	0.	0.1	0.35445
308	16.258	0.	0.1	0.32157
309	15.152	0.	0.1	0.28911
310	14.046	0.	0.1	0.25721
311	12.94	0.	0.1	0.22602
312	11.834	0.	0.1	0.1957
313	10.728	0.	0.1	0.16645
314	9.6225	0.	0.1	0.13847
315	8.5165	0.	0.1	0.11199
316	7.4105	0.	0.1	8.7247e-002
317	6.3046	0.	0.1	6.4527e-002
318	5.1986	0.	0.1	4.4072e-002
319	4.0926	0.	0.1	2.5984e-002
320	2.9867	0.	0.1	9.6528e-003
321	2.82	0.	0.1	8.3188e-003
322	1.88	9.3011e-031	0.1	3.6708e-003
323	0.94	4.6505e-031	0.1	8.1575e-004
324	0.	0.	0.1	0.
325	3.937e-014	6.	0.1	0.
326	0.94	6.	0.1	7.0102e-004
327	1.88	6.	0.1	3.1405e-003
328	2.82	6.	0.1	7.1803e-003
329	5.6812	2.678	0.	5.4983e-002
330	5.0048	3.0828	0.	4.3029e-002
331	4.6341	2.2688	0.	3.6716e-002
332	4.8061	2.6387	5.e-002	3.9619e-002
333	3.8964	2.3194	0.	2.5482e-002
334	4.0251	4.4522	0.	2.6928e-002
335	4.3482	4.9954	0.	3.1387e-002
336	3.7646	4.9021	0.	2.2507e-002
337	3.899	4.7271	5.e-002	2.4709e-002
338	3.4428	4.6135	0.	1.8259e-002
339	1.3263	0.9501	0.	2.2686e-003
340	1.7933	1.2664	0.	4.3523e-003
341	1.7845	0.83728	5.e-002	4.0317e-003
342	2.3022	0.66864	0.	6.4491e-003
343	1.8322	0.41864	0.	3.916e-003
344	1.5185	2.9748	0.	3.4581e-003
345	1.8711	2.096	0.	5.135e-003
346	2.1325	2.7194	0.	6.9283e-003
347	1.9401	2.4964	5.e-002	5.6326e-003
348	2.3801	1.9982	0.	8.2589e-003
349	4.6492	0.68858	0.	3.5799e-002
350	4.1128	0.91605	0.	2.7633e-002
351	4.1038	0.58905	5.e-002	2.7066e-002
352	3.5452	0.54452	0.	1.8702e-002
353	4.0982	0.29452	0.	2.6558e-002
354	1.3626	4.9137	0.	2.3098e-003
355	1.8796	4.5484	0.	4.6599e-003
356	1.8093	5.025	5.e-002	3.9292e-003
357	2.3147	5.2625	0.	5.9481e-003
358	1.8447	5.5125	0.	3.5954e-003
359	4.3096	5.3691	0.	3.0318e-002
360	3.726	5.2758	0.	2.1374e-002
361	3.8219	5.4746	5.e-002	2.2493e-002
362	3.4043	5.4873	0.	1.6162e-002
363	3.9572	5.7373	0.	2.4186e-002
364	4.8665	4.452	0.	4.0322e-002
365	4.0506	3.7901	0.	2.7784e-002
366	4.1511	4.1773	5.e-002	2.9044e-002
367	3.5689	4.0887	0.	2.0732e-002
368	1.0064	4.1278	0.	1.4418e-003
369	0.9947	2.8227	0.	1.4758e-003
370	1.5234	3.7626	0.	3.3854e-003
371	1.0969	3.4532	5.e-002	1.7742e-003
372	0.54846	3.5266	0.	4.4512e-004
373	0.91592	4.8024	5.e-002	1.0743e-003
374	0.45796	4.8012	0.	2.7762e-004
375	0.92796	5.4012	0.	9.4006e-004
376	0.88029	1.6275	0.	1.0884e-003
377	1.3473	1.9439	0.	2.6173e-003
378	0.89246	2.1922	5.e-002	1.1552e-003
379	0.44623	2.2961	0.	2.9436e-004
380	0.86811	1.0629	5.e-002	9.8115e-004
381	0.43406	1.1315	0.	2.5293e-004
382	0.90406	0.53146	0.	9.5229e-004
383	5.6957	0.91336	0.	5.4184e-002
384	5.0948	1.0313	0.	4.3628e-002
385	5.1946	0.78811	5.e-002	4.508e-002
386	5.1966	0.39406	0.	4.4632e-002
387	6.6797	1.1521	0.	7.3441e-002
388	5.8736	1.4446	0.	5.7974e-002
389	6.1968	1.0386	5.e-002	6.3766e-002
390	6.2507	0.5193	0.	6.4226e-002
391	7.7174	1.2685	0.	9.5414e-002
392	6.8594	1.9914	0.	7.7721e-002
393	7.1626	1.2655	5.e-002	8.3493e-002
394	7.2866	0.63275	0.	8.5458e-002
395	8.8746	1.2404	0.	0.12174
396	8.1729	1.8493	0.	0.10597
397	8.2723	1.2716	5.e-002	0.1078
398	8.3944	0.63579	0.	0.10998
399	10.064	1.1968	0.	0.15067
400	9.4261	1.8	0.	0.13533
401	9.477	1.2092	5.e-002	0.13616
402	9.5497	0.60458	0.	0.13738
403	11.224	1.1798	0.	0.18045
404	10.623	1.772	0.	0.16521
405	10.651	1.1845	5.e-002	0.16556
406	10.69	0.59223	0.	0.16607
407	12.361	1.1723	0.	0.21092
408	11.783	1.7592	0.	0.19563
409	11.797	1.1752	5.e-002	0.19565
410	11.816	0.58758	0.	0.19573
411	13.478	1.1697	0.	0.24185
412	12.915	1.7536	0.	0.22645
413	12.925	1.1695	5.e-002	0.22643
414	12.933	0.58473	0.	0.22627
415	14.583	1.1703	0.	0.27327
416	14.029	1.7583	0.	0.25768
417	14.03	1.1699	5.e-002	0.25745
418	14.038	0.58493	0.	0.25737
419	15.687	1.1719	0.	0.30531
420	15.134	1.7597	0.	0.28941
421	15.136	1.1707	5.e-002	0.28924
422	15.144	0.58537	0.	0.2892
423	16.791	1.1745	0.	0.33782
424	16.237	1.7629	0.	0.32166
425	16.239	1.173	5.e-002	0.3215
426	16.248	0.5865	0.	0.32156
427	17.895	1.1781	0.	0.37073
428	17.341	1.7664	0.	0.35437
429	17.343	1.1761	5.e-002	0.35423
430	17.353	0.58804	0.	0.35436
431	18.999	1.1802	0.	0.40393
432	18.446	1.7705	0.	0.38741
433	18.447	1.18	5.e-002	0.3873
434	18.458	0.59002	0.	0.38748
435	20.108	1.1858	0.	0.43746
436	19.55	1.7731	0.	0.42068
437	19.551	1.1803	5.e-002	0.4206
438	19.564	0.59014	0.	0.42084
439	21.217	1.1928	0.	0.47111
440	20.659	1.7885	0.	0.45428
441	20.665	1.1914	5.e-002	0.45435
442	20.674	0.59568	0.	0.45448
443	22.329	1.1945	0.	0.50488
444	21.761	1.796	0.	0.48774
445	21.77	1.1942	5.e-002	0.48789
446	21.779	0.59708	0.	0.48806
447	22.882	1.7938	0.	0.5218
448	22.887	1.1948	5.e-002	0.52188
449	23.444	1.1974	0.	0.53881
450	22.891	0.5974	0.	0.52189
451	22.876	2.9976	0.	0.52179
452	22.314	2.3953	0.	0.50463
453	22.876	2.3928	5.e-002	0.5217
454	23.438	2.3964	0.	0.53881
455	22.88	4.1999	0.	0.52204
456	22.313	3.5983	0.	0.50474
457	22.877	3.6024	5.e-002	0.52187
458	23.438	3.6012	0.	0.53896
459	22.327	4.7962	0.	0.50525
460	22.884	4.7973	5.e-002	0.52221
461	22.889	5.3987	0.	0.5224
462	23.442	4.7987	0.	0.53918
463	21.21	4.7961	0.	0.47131
464	21.76	4.1946	0.	0.48797
465	21.769	4.795	5.e-002	0.48829
466	21.779	5.3975	0.	0.48861
467	20.097	4.7837	0.	0.43755
468	20.651	4.1927	0.	0.45429
469	20.651	4.7971	5.e-002	0.45434
470	20.667	5.3986	0.	0.45483
471	18.99	4.7476	0.	0.40407
472	19.544	4.1691	0.	0.42079
473	19.543	4.7702	5.e-002	0.42079
474	19.56	5.3851	0.	0.42128
475	17.884	4.7076	0.	0.37085
476	18.435	4.1321	0.	0.38738
477	18.436	4.7249	5.e-002	0.3874
478	18.453	5.3625	0.	0.38788
479	16.783	4.6817	0.	0.33802
480	17.334	4.108	0.	0.35442
481	17.333	4.6903	5.e-002	0.35437
482	17.349	5.3452	0.	0.35478
483	15.682	4.6707	0.	0.30561
484	16.232	4.0938	0.	0.32181
485	16.232	4.6732	5.e-002	0.32175
486	16.245	5.3366	0.	0.32204
487	14.581	4.6676	0.	0.27368
488	15.13	4.0878	0.	0.28961
489	15.132	4.6683	5.e-002	0.28957
490	15.142	5.3341	0.	0.28973
491	13.478	4.6671	0.	0.24233
492	14.028	4.0857	0.	0.25798
493	14.031	4.6669	5.e-002	0.25794
494	14.039	5.3334	0.	0.25797
495	12.367	4.6976	0.	0.21155
496	12.916	4.0886	0.	0.22678
497	12.925	4.6674	5.e-002	0.22691
498	12.933	5.3337	0.	0.22686
499	11.242	4.7149	0.	0.1814
500	11.79	4.125	0.	0.19612
501	11.808	4.7278	5.e-002	0.19642
502	11.821	5.3639	0.	0.19647
503	10.068	4.7223	0.	0.15122
504	10.654	4.1078	0.	0.16632
505	10.676	4.702	5.e-002	0.16666
506	10.702	5.351	0.	0.16698
507	8.8305	4.7382	0.	0.12111
508	9.4108	4.151	0.	0.13524
509	9.4606	4.7427	5.e-002	0.13619
510	9.5415	5.3713	0.	0.13775
511	7.5706	4.7309	0.	9.2571e-002
512	8.1141	4.1556	0.	0.10489
513	8.2005	4.7337	5.e-002	0.10654
514	8.3585	5.3669	0.	0.10967
515	6.2613	4.7274	0.	6.5552e-002
516	6.7551	4.1518	0.	7.5724e-002
517	6.9407	4.7281	5.e-002	7.9209e-002
518	7.1756	5.3641	0.	8.3596e-002
519	5.1896	4.9951	0.	4.546e-002
520	5.3927	4.1268	0.	4.961e-002
521	5.5818	4.7266	5.e-002	5.2689e-002
522	5.9432	5.3633	0.	5.8879e-002
523	4.7974	5.2637	5.e-002	3.8433e-002
524	4.998	5.6318	0.	4.1436e-002
525	6.0533	2.284	0.	6.1852e-002
526	5.0063	1.8748	0.	4.2748e-002
527	5.2728	1.5626	0.	4.7157e-002
528	5.5504	1.8506	5.e-002	5.2268e-002
529	7.3149	2.5721	0.	8.7479e-002
530	6.5629	3.1464	0.	7.2023e-002
531	6.5562	2.7173	5.e-002	7.1821e-002
532	8.7244	2.4088	0.	0.11891
533	8.0506	3.0022	0.	0.10363
534	8.0736	2.4269	5.e-002	0.10401
535	9.9849	2.3752	0.	0.14934
536	9.3681	2.9751	0.	0.13433
537	9.3753	2.3908	5.e-002	0.13437
538	11.182	2.3514	0.	0.17995
539	10.613	2.9366	0.	0.16535
540	10.594	2.3596	5.e-002	0.16473
541	12.338	2.3405	0.	0.21082
542	11.771	2.9327	0.	0.19566
543	11.77	2.3433	5.e-002	0.1955
544	13.466	2.3422	0.	0.24201
545	12.906	2.9237	0.	0.22652
546	12.906	2.3377	5.e-002	0.22639
547	14.58	2.3477	0.	0.2736
548	14.027	2.9257	0.	0.25792
549	14.027	2.3468	5.e-002	0.25783
550	15.684	2.3507	0.	0.30558
551	15.131	2.928	0.	0.28958
552	15.132	2.3487	5.e-002	0.28952
553	16.788	2.3548	0.	0.33807
554	16.234	2.9336	0.	0.32181
555	16.236	2.3528	5.e-002	0.32176
556	17.892	2.3589	0.	0.37094
557	17.337	2.9413	0.	0.35447
558	17.34	2.3568	5.e-002	0.35446
559	18.996	2.3635	0.	0.4041
560	18.439	2.9502	0.	0.38743
561	18.445	2.3611	5.e-002	0.38749
562	20.101	2.3758	0.	0.43746
563	19.546	2.967	0.	0.42077
564	19.548	2.366	5.e-002	0.42075
565	21.203	2.3917	0.	0.47087
566	20.652	2.9869	0.	0.45422
567	20.653	2.3856	5.e-002	0.45419
568	21.751	2.996	0.	0.4876
569	21.753	2.3978	5.e-002	0.48756
570	21.2	3.5913	0.	0.47092
571	21.75	3.5943	5.e-002	0.48762
572	20.097	3.5781	0.	0.43748
573	20.65	3.5882	5.e-002	0.45423
574	18.989	3.5537	0.	0.40402
575	19.544	3.568	5.e-002	0.42076
576	17.884	3.5325	0.	0.37084
577	18.434	3.5393	5.e-002	0.38733
578	16.783	3.5201	0.	0.33807
579	17.334	3.5258	5.e-002	0.35442
580	15.681	3.5109	0.	0.30563
581	16.233	3.5144	5.e-002	0.32181
582	14.578	3.506	0.	0.27368
583	15.129	3.5074	5.e-002	0.28958
584	13.466	3.5072	0.	0.24215
585	14.026	3.5046	5.e-002	0.25794
586	12.339	3.516	0.	0.21101
587	12.906	3.5097	5.e-002	0.22657
588	11.202	3.5179	0.	0.18062
589	11.772	3.5222	5.e-002	0.1957
590	9.9964	3.5365	0.	0.14978
591	10.632	3.5136	5.e-002	0.16584
592	8.6943	3.5684	0.	0.11833
593	9.3609	3.5594	5.e-002	0.13416
594	7.2986	3.5765	0.	8.7201e-002
595	8.0276	3.5774	5.e-002	0.1031
596	5.8865	3.5512	0.	5.8855e-002
597	6.5695	3.5755	5.e-002	7.2122e-002
598	3.6302	5.0771	5.e-002	2.0225e-002
599	3.3085	5.0385	0.	1.5586e-002
600	1.8021	1.6956	5.e-002	4.6016e-003
601	2.3111	1.3478	0.	7.2165e-003
602	2.1374	3.5071	0.	6.8466e-003
603	2.4687	3.1481	0.	9.4392e-003
604	2.3249	2.9423	5.e-002	8.3375e-003
605	2.5724	2.4711	0.	1.014e-002
606	2.2078	4.0614	0.	6.9342e-003
607	1.9499	4.0719	5.e-002	5.372e-003
608	2.385	4.5359	0.	7.387e-003
609	4.5768	3.4649	0.	3.5941e-002
610	5.2035	3.5269	5.e-002	4.6422e-002
611	2.5722	4.0085	0.	9.5182e-003
612	2.5391	3.7024	0.	9.6663e-003
613	2.4657	4.0509	5.e-002	8.6598e-003
614	2.6428	4.2755	0.	9.5087e-003
615	2.7077	3.825	0.	1.0925e-002
616	2.6787	3.966	5.e-002	1.0426e-002
617	2.7494	3.983	0.	1.0997e-002
618	4.292	1.571	0.	3.0979e-002
619	4.4621	1.8989	5.e-002	3.3804e-002
620	3.7244	1.6995	0.	2.2668e-002
621	2.999	3.5868	0.	1.4206e-002
622	3.5403	3.4402	0.	2.0859e-002
623	2.8715	3.4157	0.	1.2989e-002
624	3.1305	3.4776	5.e-002	1.579e-002
625	3.0586	3.7388	0.	1.4697e-002
626	2.9752	2.7388	0.	1.4131e-002
627	2.8021	3.6901	0.	1.2009e-002
628	2.8675	3.6961	5.e-002	1.2636e-002
629	2.8438	3.848	0.	1.2164e-002
630	2.6746	3.5189	0.	1.1007e-002
631	2.7366	3.6841	5.e-002	1.1374e-002
632	3.9501	3.4029	5.e-002	2.6459e-002
633	3.4684	2.7014	0.	1.9885e-002
634	4.5585	1.2588	0.	3.4935e-002
635	4.1218	1.2431	5.e-002	2.8094e-002
636	3.5542	1.1215	0.	1.9674e-002
637	4.9951	1.2745	5.e-002	4.2143e-002
638	2.6125	3.3538	5.e-002	1.0573e-002
639	2.6746	3.5189	0.1	1.1007e-002
640	2.8715	3.4157	0.1	1.2989e-002
641	2.5391	3.7024	0.1	9.6663e-003
642	2.4687	3.1481	0.1	9.4392e-003
643	4.5585	1.2588	0.1	3.4935e-002
644	5.2728	1.5626	0.1	4.7157e-002
645	5.0948	1.0313	0.1	4.3628e-002
646	4.292	1.571	0.1	3.0979e-002
647	4.1128	0.91605	0.1	2.7633e-002
648	3.5542	1.1215	0.1	1.9674e-002
649	3.5403	3.4402	0.1	2.0859e-002
650	4.5768	3.4649	0.1	3.5941e-002
651	4.0506	3.7901	0.1	2.7784e-002
652	3.4684	2.7014	0.1	1.9885e-002
653	2.8021	3.6901	0.1	1.2009e-002
654	2.7077	3.825	0.1	1.0925e-002
655	2.999	3.5868	0.1	1.4206e-002
656	2.8438	3.848	0.1	1.2164e-002
657	3.0586	3.7388	0.1	1.4697e-002
658	2.9752	2.7388	0.1	1.4131e-002
659	5.0063	1.8748	0.1	4.2748e-002
660	4.6341	2.2688	0.1	3.6716e-002
661	3.7244	1.6995	0.1	2.2668e-002
662	2.5722	4.0085	0.1	9.5182e-003
663	2.7494	3.983	0.1	1.0997e-002
664	2.2078	4.0614	0.1	6.9342e-003
665	2.6428	4.2755	0.1	9.5087e-003
666	5.8865	3.5512	0.1	5.8855e-002
667	5.3927	4.1268	0.1	4.961e-002
668	5.0048	3.0828	0.1	4.3029e-002
669	2.1374	3.5071	0.1	6.8466e-003
670	1.5234	3.7626	0.1	3.3854e-003
671	1.8796	4.5484	0.1	4.6599e-003
672	2.385	4.5359	0.1	7.387e-003
673	2.1325	2.7194	0.1	6.9283e-003
674	2.5724	2.4711	0.1	1.014e-002
675	1.3473	1.9439	0.1	2.6173e-003
676	1.8711	2.096	0.1	5.135e-003
677	1.7933	1.2664	0.1	4.3523e-003
678	2.3111	1.3478	0.1	7.2165e-003
679	3.726	5.2758	0.1	2.1374e-002
680	3.7646	4.9021	0.1	2.2507e-002
681	3.3085	5.0385	0.1	1.5586e-002
682	7.2986	3.5765	0.1	8.7201e-002
683	6.5629	3.1464	0.1	7.2023e-002
684	6.7551	4.1518	0.1	7.5724e-002
685	8.6943	3.5684	0.1	0.11833
686	8.0506	3.0022	0.1	0.10363
687	8.1141	4.1556	0.1	0.10489
688	9.9964	3.5365	0.1	0.14978
689	9.3681	2.9751	0.1	0.13433
690	9.4108	4.151	0.1	0.13524
691	11.202	3.5179	0.1	0.18062
692	10.613	2.9366	0.1	0.16535
693	10.654	4.1078	0.1	0.16632
694	12.339	3.516	0.1	0.21101
695	11.771	2.9327	0.1	0.19566
696	11.79	4.125	0.1	0.19612
697	13.466	3.5072	0.1	0.24215
698	12.906	2.9237	0.1	0.22652
699	12.916	4.0886	0.1	0.22678
700	14.578	3.506	0.1	0.27368
701	14.027	2.9257	0.1	0.25792
702	14.028	4.0857	0.1	0.25798
703	15.681	3.5109	0.1	0.30563
704	15.131	2.928	0.1	0.28958
705	15.13	4.0878	0.1	0.28961
706	16.783	3.5201	0.1	0.33807
707	16.234	2.9336	0.1	0.32181
708	16.232	4.0938	0.1	0.32181
709	17.884	3.5325	0.1	0.37084
710	17.337	2.9413	0.1	0.35447
711	17.334	4.108	0.1	0.35442
712	18.989	3.5537	0.1	0.40402
713	18.439	2.9502	0.1	0.38743
714	18.435	4.1321	0.1	0.38738
715	20.097	3.5781	0.1	0.43748
716	19.546	2.967	0.1	0.42077
717	19.544	4.1691	0.1	0.42079
718	21.2	3.5913	0.1	0.47092
719	20.652	2.9869	0.1	0.45422
720	20.651	4.1927	0.1	0.45429
721	21.751	2.996	0.1	0.4876
722	21.76	4.1946	0.1	0.48797
723	22.313	3.5983	0.1	0.50474
724	21.203	2.3917	0.1	0.47087
725	22.314	2.3953	0.1	0.50463
726	21.761	1.796	0.1	0.48774
727	20.101	2.3758	0.1	0.43746
728	20.659	1.7885	0.1	0.45428
729	18.996	2.3635	0.1	0.4041
730	19.55	1.7731	0.1	0.42068
731	17.892	2.3589	0.1	0.37094
732	18.446	1.7705	0.1	0.38741
733	16.788	2.3548	0.1	0.33807
734	17.341	1.7664	0.1	0.35437
735	15.684	2.3507	0.1	0.30558
736	16.237	1.7629	0.1	0.32166
737	14.58	2.3477	0.1	0.2736
738	15.134	1.7597	0.1	0.28941
739	13.466	2.3422	0.1	0.24201
740	14.029	1.7583	0.1	0.25768
741	12.338	2.3405	0.1	0.21082
742	12.915	1.7536	0.1	0.22645
743	11.182	2.3514	0.1	0.17995
744	11.783	1.7592	0.1	0.19563
745	9.9849	2.3752	0.1	0.14934
746	10.623	1.772	0.1	0.16521
747	8.7244	2.4088	0.1	0.11891
748	9.4261	1.8	0.1	0.13533
749	7.3149	2.5721	0.1	8.7479e-002
750	8.1729	1.8493	0.1	0.10597
751	6.0533	2.284	0.1	6.1852e-002
752	6.8594	1.9914	0.1	7.7721e-002
753	5.6812	2.678	0.1	5.4983e-002
754	5.8736	1.4446	0.1	5.7974e-002
755	5.1896	4.9951	0.1	4.546e-002
756	4.3096	5.3691	0.1	3.0318e-002
757	4.3482	4.9954	0.1	3.1387e-002
758	4.998	5.6318	0.1	4.1436e-002
759	6.2613	4.7274	0.1	6.5552e-002
760	4.8665	4.452	0.1	4.0322e-002
761	5.9432	5.3633	0.1	5.8879e-002
762	7.5706	4.7309	0.1	9.2571e-002
763	7.1756	5.3641	0.1	8.3596e-002
764	8.8305	4.7382	0.1	0.12111
765	8.3585	5.3669	0.1	0.10967
766	10.068	4.7223	0.1	0.15122
767	9.5415	5.3713	0.1	0.13775
768	11.242	4.7149	0.1	0.1814
769	10.702	5.351	0.1	0.16698
770	12.367	4.6976	0.1	0.21155
771	11.821	5.3639	0.1	0.19647
772	13.478	4.6671	0.1	0.24233
773	12.933	5.3337	0.1	0.22686
774	14.581	4.6676	0.1	0.27368
775	14.039	5.3334	0.1	0.25797
776	15.682	4.6707	0.1	0.30561
777	15.142	5.3341	0.1	0.28973
778	16.783	4.6817	0.1	0.33802
779	16.245	5.3366	0.1	0.32204
780	17.884	4.7076	0.1	0.37085
781	17.349	5.3452	0.1	0.35478
782	18.99	4.7476	0.1	0.40407
783	18.453	5.3625	0.1	0.38788
784	20.097	4.7837	0.1	0.43755
785	19.56	5.3851	0.1	0.42128
786	21.21	4.7961	0.1	0.47131
787	20.667	5.3986	0.1	0.45483
788	22.327	4.7962	0.1	0.50525
789	21.779	5.3975	0.1	0.48861
790	22.88	4.1999	0.1	0.52204
791	22.889	5.3987	0.1	0.5224
792	23.442	4.7987	0.1	0.53918
793	22.876	2.9976	0.1	0.52179
794	23.438	3.6012	0.1	0.53896
795	22.882	1.7938	0.1	0.5218
796	23.438	2.3964	0.1	0.53881
797	22.329	1.1945	0.1	0.50488
798	23.444	1.1974	0.1	0.53881
799	22.891	0.5974	0.1	0.52189
800	21.217	1.1928	0.1	0.47111
801	21.779	0.59708	0.1	0.48806
802	20.108	1.1858	0.1	0.43746
803	20.674	0.59568	0.1	0.45448
804	18.999	1.1802	0.1	0.40393
805	19.564	0.59014	0.1	0.42084
806	17.895	1.1781	0.1	0.37073
807	18.458	0.59002	0.1	0.38748
808	16.791	1.1745	0.1	0.33782
809	17.353	0.58804	0.1	0.35436
810	15.687	1.1719	0.1	0.30531
811	16.248	0.5865	0.1	0.32156
812	14.583	1.1703	0.1	0.27327
813	15.144	0.58537	0.1	0.2892
814	13.478	1.1697	0.1	0.24185
815	14.038	0.58493	0.1	0.25737
816	12.361	1.1723	0.1	0.21092
817	12.933	0.58473	0.1	0.22627
818	11.224	1.1798	0.1	0.18045
819	11.816	0.58758	0.1	0.19573
820	10.064	1.1968	0.1	0.15067
821	10.69	0.59223	0.1	0.16607
822	8.8746	1.2404	0.1	0.12174
823	9.5497	0.60458	0.1	0.13738
824	7.7174	1.2685	0.1	9.5414e-002
825	8.3944	0.63579	0.1	0.10998
826	6.6797	1.1521	0.1	7.3441e-002
827	7.2866	0.63275	0.1	8.5458e-002
828	5.6957	0.91336	0.1	5.4184e-002
829	6.2507	0.5193	0.1	6.4226e-002
830	4.6492	0.68858	0.1	3.5799e-002
831	5.1966	0.39406	0.1	4.4632e-002
832	0.88029	1.6275	0.1	1.0884e-003
833	1.3263	0.9501	0.1	2.2686e-003
834	0.43406	1.1315	0.1	2.5293e-004
835	0.90406	0.53146	0.1	9.5229e-004
836	0.9947	2.8227	0.1	1.4758e-003
837	0.44623	2.2961	0.1	2.9436e-004
838	1.0064	4.1278	0.1	1.4418e-003
839	1.3626	4.9137	0.1	2.3098e-003
840	0.45796	4.8012	0.1	2.7762e-004
841	0.92796	5.4012	0.1	9.4006e-004
842	1.5185	2.9748	0.1	3.4581e-003
843	0.54846	3.5266	0.1	4.4512e-004
844	4.0251	4.4522	0.1	2.6928e-002
845	3.5689	4.0887	0.1	2.0732e-002
846	3.4043	5.4873	0.1	1.6162e-002
847	3.9572	5.7373	0.1	2.4186e-002
848	2.3147	5.2625	0.1	5.9481e-003
849	1.8447	5.5125	0.1	3.5954e-003
850	3.5452	0.54452	0.1	1.8702e-002
851	4.0982	0.29452	0.1	2.6558e-002
852	2.3801	1.9982	0.1	8.2589e-003
853	2.3022	0.66864	0.1	6.4491e-003
854	1.8322	0.41864	0.1	3.916e-003
855	3.4428	4.6135	0.1	1.8259e-002
856	3.8964	2.3194	0.1	2.5482e-002
857	2.9867	4.25	0.	1.2834e-002
858	2.9033	4.	0.	1.2444e-002
859	2.9867	4.	5.e-002	1.338e-002
860	2.9867	4.75	0.	1.1618e-002
861	2.9867	4.5	5.e-002	1.2193e-002
862	2.9867	5.25	0.	1.0458e-002
863	2.9867	5.	5.e-002	1.0991e-002
864	2.9867	5.75	0.	9.4141e-003
865	2.9867	5.5	5.e-002	9.8967e-003
866	2.82	4.25	0.	1.0847e-002
867	2.82	4.	5.e-002	1.158e-002
868	2.82	5.25	0.	8.4971e-003
869	2.82	5.75	0.	7.6062e-003
870	2.82	5.5	5.e-002	8.0427e-003
871	2.82	4.75	0.	9.5513e-003
872	2.82	5.	5.e-002	8.9987e-003
873	2.82	4.5	5.e-002	1.0147e-002
874	2.9867	1.75	0.	1.318e-002
875	2.9033	2.	0.	1.2615e-002
876	2.9867	2.	5.e-002	1.3506e-002
877	2.9867	1.25	0.	1.2278e-002
878	2.9867	1.5	5.e-002	1.2733e-002
879	2.9867	0.75	0.	1.1199e-002
880	2.9867	1.	5.e-002	1.1712e-002
881	2.9867	0.25	0.	1.0159e-002
882	2.9867	0.5	5.e-002	1.0644e-002
883	2.82	1.75	0.	1.133e-002
884	2.82	2.	5.e-002	1.1764e-002
885	2.82	0.75	0.	9.5687e-003
886	2.82	0.25	0.	8.7292e-003
887	2.82	0.5	5.e-002	9.1376e-003
888	2.82	1.25	0.	1.0437e-002
889	2.82	1.	5.e-002	9.9911e-003
890	2.82	1.5	5.e-002	1.0874e-002
891	3.5396	6.	0.	1.7248e-002
892	2.9867	6.	5.e-002	8.8694e-003
893	4.6456	6.	0.	3.491e-002
894	4.0926	6.	5.e-002	2.5875e-002
895	5.7516	6.	0.	5.4467e-002
896	5.1986	6.	5.e-002	4.4418e-002
897	6.8575	6.	0.	7.6218e-002
898	6.3046	6.	5.e-002	6.5063e-002
899	7.9635	6.	0.	0.10004
900	7.4105	6.	5.e-002	8.7873e-002
901	9.0695	6.	0.	0.12571
902	8.5165	6.	5.e-002	0.11265
903	10.175	6.	0.	0.15298
904	9.6225	6.	5.e-002	0.13915
905	11.281	6.	0.	0.18162
906	10.728	6.	5.e-002	0.16714
907	12.387	6.	0.	0.21143
908	11.834	6.	5.e-002	0.19639
909	13.493	6.	0.	0.24221
910	12.94	6.	5.e-002	0.22671
911	14.599	6.	0.	0.27377
912	14.046	6.	5.e-002	0.2579
913	15.705	6.	0.	0.30597
914	15.152	6.	5.e-002	0.2898
915	16.811	6.	0.	0.33866
916	16.258	6.	5.e-002	0.32226
917	17.917	6.	0.	0.37171
918	17.364	6.	5.e-002	0.35514
919	19.023	6.	0.	0.40502
920	18.47	6.	5.e-002	0.38834
921	20.129	6.	0.	0.43851
922	19.576	6.	5.e-002	0.42175
923	21.235	6.	0.	0.47211
924	20.682	6.	5.e-002	0.4553
925	22.341	6.	0.	0.50575
926	21.788	6.	5.e-002	0.48892
927	23.447	6.	0.	0.53941
928	22.894	6.	5.e-002	0.52258
929	24.	5.4	0.	0.5562
930	24.	6.	5.e-002	0.55624
931	24.	4.2	0.	0.55611
932	24.	4.8	5.e-002	0.55616
933	24.	3.	0.	0.55599
934	24.	3.6	5.e-002	0.55605
935	24.	1.8	0.	0.55583
936	24.	2.4	5.e-002	0.55591
937	24.	0.6	0.	0.55565
938	24.	1.2	5.e-002	0.55574
939	1.5735e-014	1.8	0.	0.
940	5.2451e-015	0.6	0.	0.
941	1.0632e-014	1.2	5.e-002	0.
942	2.6226e-014	3.	0.	0.
943	2.1264e-014	2.4	5.e-002	0.
944	3.6716e-014	4.2	0.	0.
945	3.1897e-014	3.6	5.e-002	0.
946	4.7206e-014	5.4	0.	0.
947	4.2529e-014	4.8	5.e-002	0.
948	23.447	0.	0.	0.53872
949	24.	0.	5.e-002	0.55554
950	3.5396	0.	0.	1.7681e-002
951	2.9867	0.	5.e-002	9.6255e-003
952	22.341	0.	0.	0.50506
953	22.894	0.	5.e-002	0.52188
954	21.235	0.	0.	0.47141
955	21.788	0.	5.e-002	0.48823
956	20.129	0.	0.	0.43782
957	20.682	0.	5.e-002	0.4546
958	19.023	0.	0.	0.40433
959	19.576	0.	5.e-002	0.42106
960	17.917	0.	0.	0.37102
961	18.47	0.	5.e-002	0.38764
962	16.811	0.	0.	0.33796
963	17.364	0.	5.e-002	0.35445
964	15.705	0.	0.	0.30528
965	16.258	0.	5.e-002	0.32156
966	14.599	0.	0.	0.27308
967	15.152	0.	5.e-002	0.2891
968	13.493	0.	0.	0.24151
969	14.046	0.	5.e-002	0.2572
970	12.387	0.	0.	0.21074
971	12.94	0.	5.e-002	0.22601
972	11.281	0.	0.	0.18093
973	11.834	0.	5.e-002	0.1957
974	10.175	0.	0.	0.15229
975	10.728	0.	5.e-002	0.16645
976	9.0695	0.	0.	0.12503
977	9.6225	0.	5.e-002	0.13847
978	7.9635	0.	0.	9.9383e-002
979	8.5165	0.	5.e-002	0.11198
980	6.8575	0.	0.	7.5616e-002
981	7.4105	0.	5.e-002	8.724e-002
982	5.7516	0.	0.	5.4009e-002
983	6.3046	0.	5.e-002	6.4519e-002
984	4.6456	0.	0.	3.4729e-002
985	5.1986	0.	5.e-002	4.4063e-002
986	4.0926	0.	5.e-002	2.5972e-002
987	0.47	2.3253e-031	0.	1.846e-004
988	0.	0.	5.e-002	0.
989	2.35	1.1626e-030	0.	5.8248e-003
990	2.82	1.3952e-030	5.e-002	8.3131e-003
991	1.41	6.9758e-031	0.	1.9757e-003
992	1.88	0.	5.e-002	3.6635e-003
993	0.94	0.	5.e-002	8.0841e-004
994	0.47	6.	0.	1.5572e-004
995	5.2451e-014	6.	5.e-002	0.
996	2.35	6.	0.	4.9886e-003
997	2.82	6.	5.e-002	7.1749e-003
998	1.41	6.	0.	1.6986e-003
999	0.94	6.	5.e-002	6.9447e-004
1000	1.88	6.	5.e-002	3.134e-003
1001	2.9867	5.25	0.1	1.0458e-002
1002	2.9867	5.75	0.1	9.4141e-003
1003	2.9867	4.75	0.1	1.1618e-002
1004	2.9867	4.25	0.1	1.2834e-002
1005	2.9033	4.	0.1	1.2444e-002
1006	2.82	4.25	0.1	1.0847e-002
1007	2.82	4.75	0.1	9.5513e-003
1008	2.82	5.25	0.1	8.4971e-003
1009	2.82	5.75	0.1	7.6062e-003
1010	2.9867	0.75	0.1	1.1199e-002
1011	2.9867	0.25	0.1	1.0159e-002
1012	2.9867	1.25	0.1	1.2278e-002
1013	2.9867	1.75	0.1	1.318e-002
1014	2.9033	2.	0.1	1.2615e-002
1015	2.82	1.75	0.1	1.133e-002
1016	2.82	1.25	0.1	1.0437e-002
1017	2.82	0.75	0.1	9.5687e-003
1018	2.82	0.25	0.1	8.7292e-003
1019	3.5396	6.	0.1	1.7248e-002
1020	4.6456	6.	0.1	3.491e-002
1021	5.7516	6.	0.1	5.4467e-002
1022	6.8575	6.	0.1	7.6218e-002
1023	7.9635	6.	0.1	0.10004
1024	9.0695	6.	0.1	0.12571
1025	10.175	6.	0.1	0.15298
1026	11.281	6.	0.1	0.18162
1027	12.387	6.	0.1	0.21143
1028	13.493	6.	0.1	0.24221
1029	14.599	6.	0.1	0.27377
1030	15.705	6.	0.1	0.30597
1031	16.811	6.	0.1	0.33866
1032	17.917	6.	0.1	0.37171
1033	19.023	6.	0.1	0.40502
1034	20.129	6.	0.1	0.43851
1035	21.235	6.	0.1	0.47211
1036	22.341	6.	0.1	0.50575
1037	23.447	6.	0.1	0.53941
1038	24.	5.4	0.1	0.5562
1039	24.	4.2	0.1	0.55611
1040	24.	3.	0.1	0.55599
1041	24.	1.8	0.1	0.55583
1042	24.	0.6	0.1	0.55565
1043	1.5735e-014	1.8	0.1	0.
1044	5.2451e-015	0.6	0.1	0.
1045	2.6226e-014	3.	0.1	0.
1046	3.6716e-014	4.2	0.1	0.
1047	4.7206e-014	5.4	0.1	0.
1048	23.447	0.	0.1	0.53872
1049	22.341	0.	0.1	0.50506
1050	21.235	0.	0.1	0.47141
1051	20.129	0.	0.1	0.43782
1052	19.023	0.	0.1	0.40433
1053	17.917	0.	0.1	0.37102
1054	16.811	0.	0.1	0.33796
1055	15.705	0.	0.1	0.30528
1056	14.599	0.	0.1	0.27308
1057	13.493	0.	0.1	0.24151
1058	12.387	0.	0.1	0.21074
1059	11.281	0.	0.1	0.18093
1060	10.175	0.	0.1	0.15229
1061	9.0695	0.	0.1	0.12503
1062	7.9635	0.	0.1	9.9383e-002
1063	6.8575	0.	0.1	7.5616e-002
1064	5.7516	0.	0.1	5.4009e-002
1065	4.6456	0.	0.1	3.4729e-002
1066	3.5396	0.	0.1	1.7681e-002
1067	2.35	1.1626e-030	0.1	5.8248e-003
1068	1.41	6.9758e-031	0.1	1.9757e-003
1069	0.47	2.3253e-031	0.1	1.846e-004
1070	0.47	6.	0.1	1.5572e-004
1071	1.41	6.	0.1	1.6986e-003
1072	2.35	6.	0.1	4.9886e-003
