Node Number	X Location (in)	Y Location (in)	Z Location (in)	Total Deformation (in)
1	0.88889	5.1429	0.	3.8771e-003
2	1.7778	5.1429	0.	1.6013e-002
3	2.6667	5.1429	0.	3.6952e-002
4	3.5556	5.1429	0.	6.649e-002
5	4.4444	5.1429	0.	0.10432
6	5.3333	5.1429	0.	0.15004
7	6.2222	5.1429	0.	0.20324
8	7.1111	5.1429	0.	0.2635
9	8.	5.1429	0.	0.33041
10	8.8889	5.1429	0.	0.40355
11	9.7778	5.1429	0.	0.48253
12	10.667	5.1429	0.	0.56693
13	11.556	5.1429	0.	0.65638
14	12.444	5.1429	0.	0.75048
15	13.333	5.1429	0.	0.84885
16	14.222	5.1429	0.	0.95112
17	15.111	5.1429	0.	1.0569
18	16.	5.1429	0.	1.1659
19	16.889	5.1429	0.	1.2778
20	17.778	5.1429	0.	1.3921
21	18.667	5.1429	0.	1.5085
22	19.556	5.1429	0.	1.6268
23	20.444	5.1429	0.	1.7466
24	21.333	5.1429	0.	1.8676
25	22.222	5.1429	0.	1.9895
26	23.111	5.1429	0.	2.1119
27	0.88889	4.2857	0.	4.3725e-003
28	1.7778	4.2857	0.	1.759e-002
29	2.6667	4.2857	0.	3.9479e-002
30	3.5556	4.2857	0.	6.9657e-002
31	4.4444	4.2857	0.	0.10786
32	5.3333	4.2857	0.	0.15375
33	6.2222	4.2857	0.	0.20699
34	7.1111	4.2857	0.	0.26719
35	8.	4.2857	0.	0.33398
36	8.8889	4.2857	0.	0.40697
37	9.7778	4.2857	0.	0.48576
38	10.667	4.2857	0.	0.56997
39	11.556	4.2857	0.	0.65921
40	12.444	4.2857	0.	0.75309
41	13.333	4.2857	0.	0.85125
42	14.222	4.2857	0.	0.95332
43	15.111	4.2857	0.	1.0589
44	16.	4.2857	0.	1.1677
45	16.889	4.2857	0.	1.2793
46	17.778	4.2857	0.	1.3934
47	18.667	4.2857	0.	1.5097
48	19.556	4.2857	0.	1.6278
49	20.444	4.2857	0.	1.7475
50	21.333	4.2857	0.	1.8683
51	22.222	4.2857	0.	1.9901
52	23.111	4.2857	0.	2.1125
53	0.88889	3.4286	0.	4.5548e-003
54	1.7778	3.4286	0.	1.8226e-002
55	2.6667	3.4286	0.	4.0588e-002
56	3.5556	3.4286	0.	7.1122e-002
57	4.4444	3.4286	0.	0.10954
58	5.3333	3.4286	0.	0.15555
59	6.2222	3.4286	0.	0.20883
60	7.1111	3.4286	0.	0.26902
61	8.	3.4286	0.	0.33576
62	8.8889	3.4286	0.	0.40867
63	9.7778	3.4286	0.	0.48737
64	10.667	3.4286	0.	0.57149
65	11.556	3.4286	0.	0.66062
66	12.444	3.4286	0.	0.7544
67	13.333	3.4286	0.	0.85246
68	14.222	3.4286	0.	0.95441
69	15.111	3.4286	0.	1.0599
70	16.	3.4286	0.	1.1686
71	16.889	3.4286	0.	1.2801
72	17.778	3.4286	0.	1.3941
73	18.667	3.4286	0.	1.5103
74	19.556	3.4286	0.	1.6284
75	20.444	3.4286	0.	1.7479
76	21.333	3.4286	0.	1.8687
77	22.222	3.4286	0.	1.9904
78	23.111	3.4286	0.	2.1128
79	0.88889	2.5714	0.	4.5548e-003
80	1.7778	2.5714	0.	1.8226e-002
81	2.6667	2.5714	0.	4.0588e-002
82	3.5556	2.5714	0.	7.1122e-002
83	4.4444	2.5714	0.	0.10954
84	5.3333	2.5714	0.	0.15555
85	6.2222	2.5714	0.	0.20883
86	7.1111	2.5714	0.	0.26902
87	8.	2.5714	0.	0.33576
88	8.8889	2.5714	0.	0.40867
89	9.7778	2.5714	0.	0.48737
90	10.667	2.5714	0.	0.57149
91	11.556	2.5714	0.	0.66062
92	12.444	2.5714	0.	0.7544
93	13.333	2.5714	0.	0.85246
94	14.222	2.5714	0.	0.95441
95	15.111	2.5714	0.	1.0599
96	16.	2.5714	0.	1.1686
97	16.889	2.5714	0.	1.2801
98	17.778	2.5714	0.	1.3941
99	18.667	2.5714	0.	1.5103
100	19.556	2.5714	0.	1.6284
101	20.444	2.5714	0.	1.7479
102	21.333	2.5714	0.	1.8687
103	22.222	2.5714	0.	1.9904
104	23.111	2.5714	0.	2.1128
105	0.88889	1.7143	0.	4.3725e-003
106	1.7778	1.7143	0.	1.759e-002
107	2.6667	1.7143	0.	3.9479e-002
108	3.5556	1.7143	0.	6.9657e-002
109	4.4444	1.7143	0.	0.10786
110	5.3333	1.7143	0.	0.15375
111	6.2222	1.7143	0.	0.20699
112	7.1111	1.7143	0.	0.26719
113	8.	1.7143	0.	0.33398
114	8.8889	1.7143	0.	0.40697
115	9.7778	1.7143	0.	0.48576
116	10.667	1.7143	0.	0.56997
117	11.556	1.7143	0.	0.65921
118	12.444	1.7143	0.	0.75309
119	13.333	1.7143	0.	0.85125
120	14.222	1.7143	0.	0.95332
121	15.111	1.7143	0.	1.0589
122	16.	1.7143	0.	1.1677
123	16.889	1.7143	0.	1.2793
124	17.778	1.7143	0.	1.3934
125	18.667	1.7143	0.	1.5097
126	19.556	1.7143	0.	1.6278
127	20.444	1.7143	0.	1.7475
128	21.333	1.7143	0.	1.8683
129	22.222	1.7143	0.	1.9901
130	23.111	1.7143	0.	2.1125
131	0.88889	0.85714	0.	3.8771e-003
132	1.7778	0.85714	0.	1.6013e-002
133	2.6667	0.85714	0.	3.6952e-002
134	3.5556	0.85714	0.	6.649e-002
135	4.4444	0.85714	0.	0.10432
136	5.3333	0.85714	0.	0.15004
137	6.2222	0.85714	0.	0.20324
138	7.1111	0.85714	0.	0.2635
139	8.	0.85714	0.	0.33041
140	8.8889	0.85714	0.	0.40355
141	9.7778	0.85714	0.	0.48253
142	10.667	0.85714	0.	0.56693
143	11.556	0.85714	0.	0.65638
144	12.444	0.85714	0.	0.75048
145	13.333	0.85714	0.	0.84885
146	14.222	0.85714	0.	0.95112
147	15.111	0.85714	0.	1.0569
148	16.	0.85714	0.	1.1659
149	16.889	0.85714	0.	1.2778
150	17.778	0.85714	0.	1.3921
151	18.667	0.85714	0.	1.5085
152	19.556	0.85714	0.	1.6268
153	20.444	0.85714	0.	1.7466
154	21.333	0.85714	0.	1.8676
155	22.222	0.85714	0.	1.9895
156	23.111	0.85714	0.	2.1119
157	23.111	0.85714	0.1	2.1119
158	22.222	0.85714	0.1	1.9895
159	21.333	0.85714	0.1	1.8676
160	20.444	0.85714	0.1	1.7466
161	19.556	0.85714	0.1	1.6268
162	18.667	0.85714	0.1	1.5085
163	17.778	0.85714	0.1	1.3921
164	16.889	0.85714	0.1	1.2778
165	16.	0.85714	0.1	1.1659
166	15.111	0.85714	0.1	1.0569
167	14.222	0.85714	0.1	0.95112
168	13.333	0.85714	0.1	0.84885
169	12.444	0.85714	0.1	0.75048
170	11.556	0.85714	0.1	0.65638
171	10.667	0.85714	0.1	0.56693
172	9.7778	0.85714	0.1	0.48253
173	8.8889	0.85714	0.1	0.40355
174	8.	0.85714	0.1	0.33041
175	7.1111	0.85714	0.1	0.2635
176	6.2222	0.85714	0.1	0.20324
177	5.3333	0.85714	0.1	0.15004
178	4.4444	0.85714	0.1	0.10432
179	3.5556	0.85714	0.1	6.649e-002
180	2.6667	0.85714	0.1	3.6952e-002
181	1.7778	0.85714	0.1	1.6013e-002
182	0.88889	0.85714	0.1	3.8771e-003
183	23.111	1.7143	0.1	2.1125
184	22.222	1.7143	0.1	1.9901
185	21.333	1.7143	0.1	1.8683
186	20.444	1.7143	0.1	1.7475
187	19.556	1.7143	0.1	1.6278
188	18.667	1.7143	0.1	1.5097
189	17.778	1.7143	0.1	1.3934
190	16.889	1.7143	0.1	1.2793
191	16.	1.7143	0.1	1.1677
192	15.111	1.7143	0.1	1.0589
193	14.222	1.7143	0.1	0.95332
194	13.333	1.7143	0.1	0.85125
195	12.444	1.7143	0.1	0.75309
196	11.556	1.7143	0.1	0.65921
197	10.667	1.7143	0.1	0.56997
198	9.7778	1.7143	0.1	0.48576
199	8.8889	1.7143	0.1	0.40697
200	8.	1.7143	0.1	0.33398
201	7.1111	1.7143	0.1	0.26719
202	6.2222	1.7143	0.1	0.20699
203	5.3333	1.7143	0.1	0.15375
204	4.4444	1.7143	0.1	0.10786
205	3.5556	1.7143	0.1	6.9657e-002
206	2.6667	1.7143	0.1	3.9479e-002
207	1.7778	1.7143	0.1	1.759e-002
208	0.88889	1.7143	0.1	4.3725e-003
209	23.111	2.5714	0.1	2.1128
210	22.222	2.5714	0.1	1.9904
211	21.333	2.5714	0.1	1.8687
212	20.444	2.5714	0.1	1.7479
213	19.556	2.5714	0.1	1.6284
214	18.667	2.5714	0.1	1.5103
215	17.778	2.5714	0.1	1.3941
216	16.889	2.5714	0.1	1.2801
217	16.	2.5714	0.1	1.1686
218	15.111	2.5714	0.1	1.0599
219	14.222	2.5714	0.1	0.95441
220	13.333	2.5714	0.1	0.85246
221	12.444	2.5714	0.1	0.7544
222	11.556	2.5714	0.1	0.66062
223	10.667	2.5714	0.1	0.57149
224	9.7778	2.5714	0.1	0.48737
225	8.8889	2.5714	0.1	0.40867
226	8.	2.5714	0.1	0.33576
227	7.1111	2.5714	0.1	0.26902
228	6.2222	2.5714	0.1	0.20883
229	5.3333	2.5714	0.1	0.15555
230	4.4444	2.5714	0.1	0.10954
231	3.5556	2.5714	0.1	7.1122e-002
232	2.6667	2.5714	0.1	4.0588e-002
233	1.7778	2.5714	0.1	1.8226e-002
234	0.88889	2.5714	0.1	4.5548e-003
235	23.111	3.4286	0.1	2.1128
236	22.222	3.4286	0.1	1.9904
237	21.333	3.4286	0.1	1.8687
238	20.444	3.4286	0.1	1.7479
239	19.556	3.4286	0.1	1.6284
240	18.667	3.4286	0.1	1.5103
241	17.778	3.4286	0.1	1.3941
242	16.889	3.4286	0.1	1.2801
243	16.	3.4286	0.1	1.1686
244	15.111	3.4286	0.1	1.0599
245	14.222	3.4286	0.1	0.95441
246	13.333	3.4286	0.1	0.85246
247	12.444	3.4286	0.1	0.7544
248	11.556	3.4286	0.1	0.66062
249	10.667	3.4286	0.1	0.57149
250	9.7778	3.4286	0.1	0.48737
251	8.8889	3.4286	0.1	0.40867
252	8.	3.4286	0.1	0.33576
253	7.1111	3.4286	0.1	0.26902
254	6.2222	3.4286	0.1	0.20883
255	5.3333	3.4286	0.1	0.15555
256	4.4444	3.4286	0.1	0.10954
257	3.5556	3.4286	0.1	7.1122e-002
258	2.6667	3.4286	0.1	4.0588e-002
259	1.7778	3.4286	0.1	1.8226e-002
260	0.88889	3.4286	0.1	4.5548e-003
261	23.111	4.2857	0.1	2.1125
262	22.222	4.2857	0.1	1.9901
263	21.333	4.2857	0.1	1.8683
264	20.444	4.2857	0.1	1.7475
265	19.556	4.2857	0.1	1.6278
266	18.667	4.2857	0.1	1.5097
267	17.778	4.2857	0.1	1.3934
268	16.889	4.2857	0.1	1.2793
269	16.	4.2857	0.1	1.1677
270	15.111	4.2857	0.1	1.0589
271	14.222	4.2857	0.1	0.95332
272	13.333	4.2857	0.1	0.85125
273	12.444	4.2857	0.1	0.75309
274	11.556	4.2857	0.1	0.65921
275	10.667	4.2857	0.1	0.56997
276	9.7778	4.2857	0.1	0.48576
277	8.8889	4.2857	0.1	0.40697
278	8.	4.2857	0.1	0.33398
279	7.1111	4.2857	0.1	0.26719
280	6.2222	4.2857	0.1	0.20699
281	5.3333	4.2857	0.1	0.15375
282	4.4444	4.2857	0.1	0.10786
283	3.5556	4.2857	0.1	6.9657e-002
284	2.6667	4.2857	0.1	3.9479e-002
285	1.7778	4.2857	0.1	1.759e-002
286	0.88889	4.2857	0.1	4.3725e-003
287	23.111	5.1429	0.1	2.1119
288	22.222	5.1429	0.1	1.9895
289	21.333	5.1429	0.1	1.8676
290	20.444	5.1429	0.1	1.7466
291	19.556	5.1429	0.1	1.6268
292	18.667	5.1429	0.1	1.5085
293	17.778	5.1429	0.1	1.3921
294	16.889	5.1429	0.1	1.2778
295	16.	5.1429	0.1	1.1659
296	15.111	5.1429	0.1	1.0569
297	14.222	5.1429	0.1	0.95112
298	13.333	5.1429	0.1	0.84885
299	12.444	5.1429	0.1	0.75048
300	11.556	5.1429	0.1	0.65638
301	10.667	5.1429	0.1	0.56693
302	9.7778	5.1429	0.1	0.48253
303	8.8889	5.1429	0.1	0.40355
304	8.	5.1429	0.1	0.33041
305	7.1111	5.1429	0.1	0.2635
306	6.2222	5.1429	0.1	0.20324
307	5.3333	5.1429	0.1	0.15004
308	4.4444	5.1429	0.1	0.10432
309	3.5556	5.1429	0.1	6.649e-002
310	2.6667	5.1429	0.1	3.6952e-002
311	1.7778	5.1429	0.1	1.6013e-002
312	0.88889	5.1429	0.1	3.8771e-003
313	0.88889	6.	0.1	2.498e-003
314	1.7778	6.	0.1	1.2731e-002
315	2.6667	6.	0.1	3.2392e-002
316	3.5556	6.	0.1	6.1199e-002
317	4.4444	6.	0.1	9.8646e-002
318	5.3333	6.	0.1	0.14423
319	6.2222	6.	0.1	0.19745
320	7.1111	6.	0.1	0.25785
321	8.	6.	0.1	0.32497
322	8.8889	6.	0.1	0.39838
323	9.7778	6.	0.1	0.47764
324	10.667	6.	0.1	0.56236
325	11.556	6.	0.1	0.65212
326	12.444	6.	0.1	0.74655
327	13.333	6.	0.1	0.84524
328	14.222	6.	0.1	0.94784
329	15.111	6.	0.1	1.054
330	16.	6.	0.1	1.1633
331	16.889	6.	0.1	1.2754
332	17.778	6.	0.1	1.39
333	18.667	6.	0.1	1.5067
334	19.556	6.	0.1	1.6253
335	20.444	6.	0.1	1.7453
336	21.333	6.	0.1	1.8665
337	22.222	6.	0.1	1.9886
338	23.111	6.	0.1	2.1112
339	24.	6.	0.1	2.234
340	24.	5.1429	0.1	2.2347
341	24.	4.2857	0.1	2.2352
342	24.	3.4286	0.1	2.2355
343	24.	2.5714	0.1	2.2355
344	24.	1.7143	0.1	2.2352
345	24.	0.85714	0.1	2.2347
346	24.	0.	0.1	2.234
347	23.111	0.	0.1	2.1112
348	22.222	0.	0.1	1.9886
349	21.333	0.	0.1	1.8665
350	20.444	0.	0.1	1.7453
351	19.556	0.	0.1	1.6253
352	18.667	0.	0.1	1.5067
353	17.778	0.	0.1	1.39
354	16.889	0.	0.1	1.2754
355	16.	0.	0.1	1.1633
356	15.111	0.	0.1	1.054
357	14.222	0.	0.1	0.94784
358	13.333	0.	0.1	0.84524
359	12.444	0.	0.1	0.74655
360	11.556	0.	0.1	0.65212
361	10.667	0.	0.1	0.56236
362	9.7778	0.	0.1	0.47764
363	8.8889	0.	0.1	0.39838
364	8.	0.	0.1	0.32497
365	7.1111	0.	0.1	0.25785
366	6.2222	0.	0.1	0.19745
367	5.3333	0.	0.1	0.14423
368	4.4444	0.	0.1	9.8646e-002
369	3.5556	0.	0.1	6.1199e-002
370	2.6667	0.	0.1	3.2392e-002
371	1.7778	0.	0.1	1.2731e-002
372	0.88889	0.	0.1	2.498e-003
373	0.	0.	0.1	0.
374	7.4931e-015	0.85714	0.1	0.
375	1.4986e-014	1.7143	0.1	0.
376	2.2479e-014	2.5714	0.1	0.
377	2.9972e-014	3.4286	0.1	0.
378	3.7465e-014	4.2857	0.1	0.
379	4.4958e-014	5.1429	0.1	0.
380	3.937e-014	6.	0.1	0.
381	4.4958e-014	5.1429	0.	0.
382	3.7465e-014	4.2857	0.	0.
383	2.9972e-014	3.4286	0.	0.
384	2.2479e-014	2.5714	0.	0.
385	1.4986e-014	1.7143	0.	0.
386	7.4931e-015	0.85714	0.	0.
387	3.937e-014	6.	0.	0.
388	0.	0.	0.	0.
389	0.88889	0.	0.	2.498e-003
390	1.7778	0.	0.	1.2731e-002
391	2.6667	0.	0.	3.2392e-002
392	3.5556	0.	0.	6.1199e-002
393	4.4444	0.	0.	9.8646e-002
394	5.3333	0.	0.	0.14423
395	6.2222	0.	0.	0.19745
396	7.1111	0.	0.	0.25785
397	8.	0.	0.	0.32497
398	8.8889	0.	0.	0.39838
399	9.7778	0.	0.	0.47764
400	10.667	0.	0.	0.56236
401	11.556	0.	0.	0.65212
402	12.444	0.	0.	0.74655
403	13.333	0.	0.	0.84524
404	14.222	0.	0.	0.94784
405	15.111	0.	0.	1.054
406	16.	0.	0.	1.1633
407	16.889	0.	0.	1.2754
408	17.778	0.	0.	1.39
409	18.667	0.	0.	1.5067
410	19.556	0.	0.	1.6253
411	20.444	0.	0.	1.7453
412	21.333	0.	0.	1.8665
413	22.222	0.	0.	1.9886
414	23.111	0.	0.	2.1112
415	24.	0.	0.	2.234
416	24.	0.85714	0.	2.2347
417	24.	1.7143	0.	2.2352
418	24.	2.5714	0.	2.2355
419	24.	3.4286	0.	2.2355
420	24.	4.2857	0.	2.2352
421	24.	5.1429	0.	2.2347
422	24.	6.	0.	2.234
423	23.111	6.	0.	2.1112
424	22.222	6.	0.	1.9886
425	21.333	6.	0.	1.8665
426	20.444	6.	0.	1.7453
427	19.556	6.	0.	1.6253
428	18.667	6.	0.	1.5067
429	17.778	6.	0.	1.39
430	16.889	6.	0.	1.2754
431	16.	6.	0.	1.1633
432	15.111	6.	0.	1.054
433	14.222	6.	0.	0.94784
434	13.333	6.	0.	0.84524
435	12.444	6.	0.	0.74655
436	11.556	6.	0.	0.65212
437	10.667	6.	0.	0.56236
438	9.7778	6.	0.	0.47764
439	8.8889	6.	0.	0.39838
440	8.	6.	0.	0.32497
441	7.1111	6.	0.	0.25785
442	6.2222	6.	0.	0.19745
443	5.3333	6.	0.	0.14423
444	4.4444	6.	0.	9.8646e-002
445	3.5556	6.	0.	6.1199e-002
446	2.6667	6.	0.	3.2392e-002
447	1.7778	6.	0.	1.2731e-002
448	0.88889	6.	0.	2.498e-003
449	1.3333	5.1429	0.	8.8363e-003
450	0.88889	4.7143	0.	4.1753e-003
451	0.88889	5.1429	5.e-002	3.8454e-003
452	0.44444	5.1429	0.	9.8708e-004
453	0.88889	5.5714	0.	3.3564e-003
454	2.2222	5.1429	0.	2.5399e-002
455	1.7778	4.7143	0.	1.6954e-002
456	1.7778	5.1429	5.e-002	1.598e-002
457	1.7778	5.5714	0.	1.4661e-002
458	3.1111	5.1429	0.	5.0662e-002
459	2.6667	4.7143	0.	3.8426e-002
460	2.6667	5.1429	5.e-002	3.6919e-002
461	2.6667	5.5714	0.	3.4975e-002
462	4.	5.1429	0.	8.4393e-002
463	3.5556	4.7143	0.	6.831e-002
464	3.5556	5.1429	5.e-002	6.6458e-002
465	3.5556	5.5714	0.	6.414e-002
466	4.8889	5.1429	0.	0.12622
467	4.4444	4.7143	0.	0.10634
468	4.4444	5.1429	5.e-002	0.10429
469	4.4444	5.5714	0.	0.10177
470	5.7778	5.1429	0.	0.17573
471	5.3333	4.7143	0.	0.15215
472	5.3333	5.1429	5.e-002	0.15001
473	5.3333	5.5714	0.	0.14741
474	6.6667	5.1429	0.	0.23251
475	6.2222	4.7143	0.	0.20536
476	6.2222	5.1429	5.e-002	0.20321
477	6.2222	5.5714	0.	0.20061
478	7.5556	5.1429	0.	0.29615
479	7.1111	4.7143	0.	0.26559
480	7.1111	5.1429	5.e-002	0.26347
481	7.1111	5.5714	0.	0.26093
482	8.4444	5.1429	0.	0.36623
483	8.	4.7143	0.	0.33243
484	8.	5.1429	5.e-002	0.33038
485	8.	5.5714	0.	0.32793
486	9.3333	5.1429	0.	0.44234
487	8.8889	4.7143	0.	0.40548
488	8.8889	5.1429	5.e-002	0.40353
489	8.8889	5.5714	0.	0.40119
490	10.222	5.1429	0.	0.52407
491	9.7778	4.7143	0.	0.48435
492	9.7778	5.1429	5.e-002	0.4825
493	9.7778	5.5714	0.	0.48029
494	11.111	5.1429	0.	0.61105
495	10.667	4.7143	0.	0.56864
496	10.667	5.1429	5.e-002	0.56691
497	10.667	5.5714	0.	0.56484
498	12.	5.1429	0.	0.70287
499	11.556	4.7143	0.	0.65797
500	11.556	5.1429	5.e-002	0.65635
501	11.556	5.5714	0.	0.65443
502	12.889	5.1429	0.	0.79915
503	12.444	4.7143	0.	0.75195
504	12.444	5.1429	5.e-002	0.75045
505	12.444	5.5714	0.	0.74867
506	13.778	5.1429	0.	0.89952
507	13.333	4.7143	0.	0.8502
508	13.333	5.1429	5.e-002	0.84883
509	13.333	5.5714	0.	0.8472
510	14.667	5.1429	0.	1.0036
511	14.222	4.7143	0.	0.95236
512	14.222	5.1429	5.e-002	0.9511
513	14.222	5.5714	0.	0.94962
514	15.556	5.1429	0.	1.1111
515	15.111	4.7143	0.	1.0581
516	15.111	5.1429	5.e-002	1.0569
517	15.111	5.5714	0.	1.0556
518	16.444	5.1429	0.	1.2215
519	16.	4.7143	0.	1.1669
520	16.	5.1429	5.e-002	1.1659
521	16.	5.5714	0.	1.1647
522	17.333	5.1429	0.	1.3346
523	16.889	4.7143	0.	1.2786
524	16.889	5.1429	5.e-002	1.2777
525	16.889	5.5714	0.	1.2767
526	18.222	5.1429	0.	1.45
527	17.778	4.7143	0.	1.3928
528	17.778	5.1429	5.e-002	1.392
529	17.778	5.5714	0.	1.3911
530	19.111	5.1429	0.	1.5675
531	18.667	4.7143	0.	1.5092
532	18.667	5.1429	5.e-002	1.5085
533	18.667	5.5714	0.	1.5077
534	20.	5.1429	0.	1.6865
535	19.556	4.7143	0.	1.6274
536	19.556	5.1429	5.e-002	1.6268
537	19.556	5.5714	0.	1.6261
538	20.889	5.1429	0.	1.807
539	20.444	4.7143	0.	1.7471
540	20.444	5.1429	5.e-002	1.7466
541	20.444	5.5714	0.	1.746
542	21.778	5.1429	0.	1.9284
543	21.333	4.7143	0.	1.868
544	21.333	5.1429	5.e-002	1.8676
545	21.333	5.5714	0.	1.8671
546	22.667	5.1429	0.	2.0506
547	22.222	4.7143	0.	1.9898
548	22.222	5.1429	5.e-002	1.9894
549	22.222	5.5714	0.	1.989
550	23.111	4.7143	0.	2.1122
551	23.111	5.1429	5.e-002	2.1119
552	23.556	5.1429	0.	2.1733
553	23.111	5.5714	0.	2.1116
554	1.3333	4.2857	0.	9.861e-003
555	0.88889	3.8571	0.	4.4837e-003
556	0.88889	4.2857	5.e-002	4.3361e-003
557	0.44444	4.2857	0.	1.102e-003
558	2.2222	4.2857	0.	2.7488e-002
559	1.7778	3.8571	0.	1.7998e-002
560	1.7778	4.2857	5.e-002	1.7556e-002
561	3.1111	4.2857	0.	5.3547e-002
562	2.6667	3.8571	0.	4.0184e-002
563	2.6667	4.2857	5.e-002	3.9446e-002
564	4.	4.2857	0.	8.7776e-002
565	3.5556	3.8571	0.	7.0582e-002
566	3.5556	4.2857	5.e-002	6.9626e-002
567	4.8889	4.2857	0.	0.12986
568	4.4444	3.8571	0.	0.10892
569	4.4444	4.2857	5.e-002	0.10783
570	5.7778	4.2857	0.	0.17948
571	5.3333	3.8571	0.	0.15488
572	5.3333	4.2857	5.e-002	0.15372
573	6.6667	4.2857	0.	0.23624
574	6.2222	3.8571	0.	0.20814
575	6.2222	4.2857	5.e-002	0.20696
576	7.5556	4.2857	0.	0.29979
577	7.1111	3.8571	0.	0.26834
578	7.1111	4.2857	5.e-002	0.26717
579	8.4444	4.2857	0.	0.36973
580	8.	3.8571	0.	0.33509
581	8.	4.2857	5.e-002	0.33396
582	9.3333	4.2857	0.	0.44567
583	8.8889	3.8571	0.	0.40803
584	8.8889	4.2857	5.e-002	0.40695
585	10.222	4.2857	0.	0.52721
586	9.7778	3.8571	0.	0.48677
587	9.7778	4.2857	5.e-002	0.48574
588	11.111	4.2857	0.	0.61398
589	10.667	3.8571	0.	0.57092
590	10.667	4.2857	5.e-002	0.56995
591	12.	4.2857	0.	0.70559
592	11.556	3.8571	0.	0.66009
593	11.556	4.2857	5.e-002	0.65918
594	12.889	4.2857	0.	0.80166
595	12.444	3.8571	0.	0.75391
596	12.444	4.2857	5.e-002	0.75307
597	13.778	4.2857	0.	0.90182
598	13.333	3.8571	0.	0.852
599	13.333	4.2857	5.e-002	0.85123
600	14.667	4.2857	0.	1.0057
601	14.222	3.8571	0.	0.954
602	14.222	4.2857	5.e-002	0.9533
603	15.556	4.2857	0.	1.1129
604	15.111	3.8571	0.	1.0595
605	15.111	4.2857	5.e-002	1.0589
606	16.444	4.2857	0.	1.2232
607	16.	3.8571	0.	1.1683
608	16.	4.2857	5.e-002	1.1677
609	17.333	4.2857	0.	1.3361
610	16.889	3.8571	0.	1.2798
611	16.889	4.2857	5.e-002	1.2793
612	18.222	4.2857	0.	1.4513
613	17.778	3.8571	0.	1.3939
614	17.778	4.2857	5.e-002	1.3934
615	19.111	4.2857	0.	1.5686
616	18.667	3.8571	0.	1.5101
617	18.667	4.2857	5.e-002	1.5097
618	20.	4.2857	0.	1.6875
619	19.556	3.8571	0.	1.6282
620	19.556	4.2857	5.e-002	1.6278
621	20.889	4.2857	0.	1.8078
622	20.444	3.8571	0.	1.7477
623	20.444	4.2857	5.e-002	1.7475
624	21.778	4.2857	0.	1.9291
625	21.333	3.8571	0.	1.8686
626	21.333	4.2857	5.e-002	1.8683
627	22.667	4.2857	0.	2.0512
628	22.222	3.8571	0.	1.9903
629	22.222	4.2857	5.e-002	1.9901
630	23.111	3.8571	0.	2.1127
631	23.111	4.2857	5.e-002	2.1125
632	23.556	4.2857	0.	2.1738
633	1.3333	3.4286	0.	1.0249e-002
634	0.88889	3.	0.	4.5723e-003
635	0.88889	3.4286	5.e-002	4.517e-003
636	0.44444	3.4286	0.	1.1521e-003
637	2.2222	3.4286	0.	2.837e-002
638	1.7778	3.	0.	1.8297e-002
639	1.7778	3.4286	5.e-002	1.8191e-002
640	3.1111	3.4286	0.	5.4852e-002
641	2.6667	3.	0.	4.0719e-002
642	2.6667	3.4286	5.e-002	4.0555e-002
643	4.	3.4286	0.	8.9367e-002
644	3.5556	3.	0.	7.13e-002
645	3.5556	3.4286	5.e-002	7.1091e-002
646	4.8889	3.4286	0.	0.13162
647	4.4444	3.	0.	0.10975
648	4.4444	3.4286	5.e-002	0.10951
649	5.7778	3.4286	0.	0.1813
650	5.3333	3.	0.	0.15578
651	5.3333	3.4286	5.e-002	0.15552
652	6.6667	3.4286	0.	0.23808
653	6.2222	3.	0.	0.20905
654	6.2222	3.4286	5.e-002	0.2088
655	7.5556	3.4286	0.	0.30159
656	7.1111	3.	0.	0.26924
657	7.1111	3.4286	5.e-002	0.26899
658	8.4444	3.4286	0.	0.37147
659	8.	3.	0.	0.33598
660	8.	3.4286	5.e-002	0.33573
661	9.3333	3.4286	0.	0.44732
662	8.8889	3.	0.	0.40888
663	8.8889	3.4286	5.e-002	0.40865
664	10.222	3.4286	0.	0.52878
665	9.7778	3.	0.	0.48758
666	9.7778	3.4286	5.e-002	0.48735
667	11.111	3.4286	0.	0.61545
668	10.667	3.	0.	0.57167
669	10.667	3.4286	5.e-002	0.57146
670	12.	3.4286	0.	0.70695
671	11.556	3.	0.	0.6608
672	11.556	3.4286	5.e-002	0.6606
673	12.889	3.4286	0.	0.80292
674	12.444	3.	0.	0.75457
675	12.444	3.4286	5.e-002	0.75438
676	13.778	3.4286	0.	0.90297
677	13.333	3.	0.	0.85261
678	13.333	3.4286	5.e-002	0.85243
679	14.667	3.4286	0.	1.0067
680	14.222	3.	0.	0.95455
681	14.222	3.4286	5.e-002	0.95439
682	15.556	3.4286	0.	1.1139
683	15.111	3.	0.	1.06
684	15.111	3.4286	5.e-002	1.0599
685	16.444	3.4286	0.	1.224
686	16.	3.	0.	1.1687
687	16.	3.4286	5.e-002	1.1686
688	17.333	3.4286	0.	1.3368
689	16.889	3.	0.	1.2802
690	16.889	3.4286	5.e-002	1.2801
691	18.222	3.4286	0.	1.452
692	17.778	3.	0.	1.3942
693	17.778	3.4286	5.e-002	1.3941
694	19.111	3.4286	0.	1.5691
695	18.667	3.	0.	1.5104
696	18.667	3.4286	5.e-002	1.5103
697	20.	3.4286	0.	1.688
698	19.556	3.	0.	1.6284
699	19.556	3.4286	5.e-002	1.6283
700	20.889	3.4286	0.	1.8082
701	20.444	3.	0.	1.748
702	20.444	3.4286	5.e-002	1.7479
703	21.778	3.4286	0.	1.9295
704	21.333	3.	0.	1.8687
705	21.333	3.4286	5.e-002	1.8687
706	22.667	3.4286	0.	2.0515
707	22.222	3.	0.	1.9904
708	22.222	3.4286	5.e-002	1.9904
709	23.111	3.	0.	2.1128
710	23.111	3.4286	5.e-002	2.1128
711	23.556	3.4286	0.	2.1741
712	1.3333	2.5714	0.	1.0249e-002
713	0.88889	2.1429	0.	4.4837e-003
714	0.88889	2.5714	5.e-002	4.517e-003
715	0.44444	2.5714	0.	1.1521e-003
716	2.2222	2.5714	0.	2.837e-002
717	1.7778	2.1429	0.	1.7998e-002
718	1.7778	2.5714	5.e-002	1.8191e-002
719	3.1111	2.5714	0.	5.4852e-002
720	2.6667	2.1429	0.	4.0184e-002
721	2.6667	2.5714	5.e-002	4.0555e-002
722	4.	2.5714	0.	8.9367e-002
723	3.5556	2.1429	0.	7.0582e-002
724	3.5556	2.5714	5.e-002	7.1091e-002
725	4.8889	2.5714	0.	0.13162
726	4.4444	2.1429	0.	0.10892
727	4.4444	2.5714	5.e-002	0.10951
728	5.7778	2.5714	0.	0.1813
729	5.3333	2.1429	0.	0.15488
730	5.3333	2.5714	5.e-002	0.15552
731	6.6667	2.5714	0.	0.23808
732	6.2222	2.1429	0.	0.20814
733	6.2222	2.5714	5.e-002	0.2088
734	7.5556	2.5714	0.	0.30159
735	7.1111	2.1429	0.	0.26834
736	7.1111	2.5714	5.e-002	0.26899
737	8.4444	2.5714	0.	0.37147
738	8.	2.1429	0.	0.33509
739	8.	2.5714	5.e-002	0.33573
740	9.3333	2.5714	0.	0.44732
741	8.8889	2.1429	0.	0.40803
742	8.8889	2.5714	5.e-002	0.40865
743	10.222	2.5714	0.	0.52878
744	9.7778	2.1429	0.	0.48677
745	9.7778	2.5714	5.e-002	0.48735
746	11.111	2.5714	0.	0.61545
747	10.667	2.1429	0.	0.57092
748	10.667	2.5714	5.e-002	0.57146
749	12.	2.5714	0.	0.70695
750	11.556	2.1429	0.	0.66009
751	11.556	2.5714	5.e-002	0.6606
752	12.889	2.5714	0.	0.80292
753	12.444	2.1429	0.	0.75391
754	12.444	2.5714	5.e-002	0.75438
755	13.778	2.5714	0.	0.90297
756	13.333	2.1429	0.	0.852
757	13.333	2.5714	5.e-002	0.85243
758	14.667	2.5714	0.	1.0067
759	14.222	2.1429	0.	0.954
760	14.222	2.5714	5.e-002	0.95439
761	15.556	2.5714	0.	1.1139
762	15.111	2.1429	0.	1.0595
763	15.111	2.5714	5.e-002	1.0599
764	16.444	2.5714	0.	1.224
765	16.	2.1429	0.	1.1683
766	16.	2.5714	5.e-002	1.1686
767	17.333	2.5714	0.	1.3368
768	16.889	2.1429	0.	1.2798
769	16.889	2.5714	5.e-002	1.2801
770	18.222	2.5714	0.	1.452
771	17.778	2.1429	0.	1.3939
772	17.778	2.5714	5.e-002	1.3941
773	19.111	2.5714	0.	1.5691
774	18.667	2.1429	0.	1.5101
775	18.667	2.5714	5.e-002	1.5103
776	20.	2.5714	0.	1.688
777	19.556	2.1429	0.	1.6282
778	19.556	2.5714	5.e-002	1.6283
779	20.889	2.5714	0.	1.8082
780	20.444	2.1429	0.	1.7477
781	20.444	2.5714	5.e-002	1.7479
782	21.778	2.5714	0.	1.9295
783	21.333	2.1429	0.	1.8686
784	21.333	2.5714	5.e-002	1.8687
785	22.667	2.5714	0.	2.0515
786	22.222	2.1429	0.	1.9903
787	22.222	2.5714	5.e-002	1.9904
788	23.111	2.1429	0.	2.1127
789	23.111	2.5714	5.e-002	2.1128
790	23.556	2.5714	0.	2.1741
791	1.3333	1.7143	0.	9.861e-003
792	0.88889	1.2857	0.	4.1753e-003
793	0.88889	1.7143	5.e-002	4.3361e-003
794	0.44444	1.7143	0.	1.102e-003
795	2.2222	1.7143	0.	2.7488e-002
796	1.7778	1.2857	0.	1.6954e-002
797	1.7778	1.7143	5.e-002	1.7556e-002
798	3.1111	1.7143	0.	5.3547e-002
799	2.6667	1.2857	0.	3.8426e-002
800	2.6667	1.7143	5.e-002	3.9446e-002
801	4.	1.7143	0.	8.7776e-002
802	3.5556	1.2857	0.	6.831e-002
803	3.5556	1.7143	5.e-002	6.9626e-002
804	4.8889	1.7143	0.	0.12986
805	4.4444	1.2857	0.	0.10634
806	4.4444	1.7143	5.e-002	0.10783
807	5.7778	1.7143	0.	0.17948
808	5.3333	1.2857	0.	0.15215
809	5.3333	1.7143	5.e-002	0.15372
810	6.6667	1.7143	0.	0.23624
811	6.2222	1.2857	0.	0.20536
812	6.2222	1.7143	5.e-002	0.20696
813	7.5556	1.7143	0.	0.29979
814	7.1111	1.2857	0.	0.26559
815	7.1111	1.7143	5.e-002	0.26717
816	8.4444	1.7143	0.	0.36973
817	8.	1.2857	0.	0.33243
818	8.	1.7143	5.e-002	0.33396
819	9.3333	1.7143	0.	0.44567
820	8.8889	1.2857	0.	0.40548
821	8.8889	1.7143	5.e-002	0.40695
822	10.222	1.7143	0.	0.52721
823	9.7778	1.2857	0.	0.48435
824	9.7778	1.7143	5.e-002	0.48574
825	11.111	1.7143	0.	0.61398
826	10.667	1.2857	0.	0.56864
827	10.667	1.7143	5.e-002	0.56995
828	12.	1.7143	0.	0.70559
829	11.556	1.2857	0.	0.65797
830	11.556	1.7143	5.e-002	0.65918
831	12.889	1.7143	0.	0.80166
832	12.444	1.2857	0.	0.75195
833	12.444	1.7143	5.e-002	0.75307
834	13.778	1.7143	0.	0.90182
835	13.333	1.2857	0.	0.8502
836	13.333	1.7143	5.e-002	0.85123
837	14.667	1.7143	0.	1.0057
838	14.222	1.2857	0.	0.95236
839	14.222	1.7143	5.e-002	0.9533
840	15.556	1.7143	0.	1.1129
841	15.111	1.2857	0.	1.0581
842	15.111	1.7143	5.e-002	1.0589
843	16.444	1.7143	0.	1.2232
844	16.	1.2857	0.	1.1669
845	16.	1.7143	5.e-002	1.1677
846	17.333	1.7143	0.	1.3361
847	16.889	1.2857	0.	1.2786
848	16.889	1.7143	5.e-002	1.2793
849	18.222	1.7143	0.	1.4513
850	17.778	1.2857	0.	1.3928
851	17.778	1.7143	5.e-002	1.3934
852	19.111	1.7143	0.	1.5686
853	18.667	1.2857	0.	1.5092
854	18.667	1.7143	5.e-002	1.5097
855	20.	1.7143	0.	1.6875
856	19.556	1.2857	0.	1.6274
857	19.556	1.7143	5.e-002	1.6278
858	20.889	1.7143	0.	1.8078
859	20.444	1.2857	0.	1.7471
860	20.444	1.7143	5.e-002	1.7475
861	21.778	1.7143	0.	1.9291
862	21.333	1.2857	0.	1.868
863	21.333	1.7143	5.e-002	1.8683
864	22.667	1.7143	0.	2.0512
865	22.222	1.2857	0.	1.9898
866	22.222	1.7143	5.e-002	1.9901
867	23.111	1.2857	0.	2.1122
868	23.111	1.7143	5.e-002	2.1125
869	23.556	1.7143	0.	2.1738
870	1.3333	0.85714	0.	8.8363e-003
871	0.88889	0.85714	5.e-002	3.8454e-003
872	0.44444	0.85714	0.	9.8708e-004
873	0.88889	0.42857	0.	3.3564e-003
874	2.2222	0.85714	0.	2.5399e-002
875	1.7778	0.85714	5.e-002	1.598e-002
876	1.7778	0.42857	0.	1.4661e-002
877	3.1111	0.85714	0.	5.0662e-002
878	2.6667	0.85714	5.e-002	3.6919e-002
879	2.6667	0.42857	0.	3.4975e-002
880	4.	0.85714	0.	8.4393e-002
881	3.5556	0.85714	5.e-002	6.6458e-002
882	3.5556	0.42857	0.	6.414e-002
883	4.8889	0.85714	0.	0.12622
884	4.4444	0.85714	5.e-002	0.10429
885	4.4444	0.42857	0.	0.10177
886	5.7778	0.85714	0.	0.17573
887	5.3333	0.85714	5.e-002	0.15001
888	5.3333	0.42857	0.	0.14741
889	6.6667	0.85714	0.	0.23251
890	6.2222	0.85714	5.e-002	0.20321
891	6.2222	0.42857	0.	0.20061
892	7.5556	0.85714	0.	0.29615
893	7.1111	0.85714	5.e-002	0.26347
894	7.1111	0.42857	0.	0.26093
895	8.4444	0.85714	0.	0.36623
896	8.	0.85714	5.e-002	0.33038
897	8.	0.42857	0.	0.32793
898	9.3333	0.85714	0.	0.44234
899	8.8889	0.85714	5.e-002	0.40353
900	8.8889	0.42857	0.	0.40119
901	10.222	0.85714	0.	0.52407
902	9.7778	0.85714	5.e-002	0.4825
903	9.7778	0.42857	0.	0.48029
904	11.111	0.85714	0.	0.61105
905	10.667	0.85714	5.e-002	0.56691
906	10.667	0.42857	0.	0.56484
907	12.	0.85714	0.	0.70287
908	11.556	0.85714	5.e-002	0.65635
909	11.556	0.42857	0.	0.65443
910	12.889	0.85714	0.	0.79915
911	12.444	0.85714	5.e-002	0.75045
912	12.444	0.42857	0.	0.74867
913	13.778	0.85714	0.	0.89952
914	13.333	0.85714	5.e-002	0.84883
915	13.333	0.42857	0.	0.8472
916	14.667	0.85714	0.	1.0036
917	14.222	0.85714	5.e-002	0.9511
918	14.222	0.42857	0.	0.94962
919	15.556	0.85714	0.	1.1111
920	15.111	0.85714	5.e-002	1.0569
921	15.111	0.42857	0.	1.0556
922	16.444	0.85714	0.	1.2215
923	16.	0.85714	5.e-002	1.1659
924	16.	0.42857	0.	1.1647
925	17.333	0.85714	0.	1.3346
926	16.889	0.85714	5.e-002	1.2777
927	16.889	0.42857	0.	1.2767
928	18.222	0.85714	0.	1.45
929	17.778	0.85714	5.e-002	1.392
930	17.778	0.42857	0.	1.3911
931	19.111	0.85714	0.	1.5675
932	18.667	0.85714	5.e-002	1.5085
933	18.667	0.42857	0.	1.5077
934	20.	0.85714	0.	1.6865
935	19.556	0.85714	5.e-002	1.6268
936	19.556	0.42857	0.	1.6261
937	20.889	0.85714	0.	1.807
938	20.444	0.85714	5.e-002	1.7466
939	20.444	0.42857	0.	1.746
940	21.778	0.85714	0.	1.9284
941	21.333	0.85714	5.e-002	1.8676
942	21.333	0.42857	0.	1.8671
943	22.667	0.85714	0.	2.0506
944	22.222	0.85714	5.e-002	1.9894
945	22.222	0.42857	0.	1.989
946	23.111	0.85714	5.e-002	2.1119
947	23.111	0.42857	0.	2.1116
948	23.556	0.85714	0.	2.1733
949	22.667	0.85714	0.1	2.0506
950	23.111	1.2857	0.1	2.1122
951	23.556	0.85714	0.1	2.1733
952	23.111	0.42857	0.1	2.1116
953	21.778	0.85714	0.1	1.9284
954	22.222	1.2857	0.1	1.9898
955	22.222	0.42857	0.1	1.989
956	20.889	0.85714	0.1	1.807
957	21.333	1.2857	0.1	1.868
958	21.333	0.42857	0.1	1.8671
959	20.	0.85714	0.1	1.6865
960	20.444	1.2857	0.1	1.7471
961	20.444	0.42857	0.1	1.746
962	19.111	0.85714	0.1	1.5675
963	19.556	1.2857	0.1	1.6274
964	19.556	0.42857	0.1	1.6261
965	18.222	0.85714	0.1	1.45
966	18.667	1.2857	0.1	1.5092
967	18.667	0.42857	0.1	1.5077
968	17.333	0.85714	0.1	1.3346
969	17.778	1.2857	0.1	1.3928
970	17.778	0.42857	0.1	1.3911
971	16.444	0.85714	0.1	1.2215
972	16.889	1.2857	0.1	1.2786
973	16.889	0.42857	0.1	1.2767
974	15.556	0.85714	0.1	1.1111
975	16.	1.2857	0.1	1.1669
976	16.	0.42857	0.1	1.1647
977	14.667	0.85714	0.1	1.0036
978	15.111	1.2857	0.1	1.0581
979	15.111	0.42857	0.1	1.0556
980	13.778	0.85714	0.1	0.89952
981	14.222	1.2857	0.1	0.95236
982	14.222	0.42857	0.1	0.94962
983	12.889	0.85714	0.1	0.79915
984	13.333	1.2857	0.1	0.8502
985	13.333	0.42857	0.1	0.8472
986	12.	0.85714	0.1	0.70287
987	12.444	1.2857	0.1	0.75195
988	12.444	0.42857	0.1	0.74867
989	11.111	0.85714	0.1	0.61105
990	11.556	1.2857	0.1	0.65797
991	11.556	0.42857	0.1	0.65443
992	10.222	0.85714	0.1	0.52407
993	10.667	1.2857	0.1	0.56864
994	10.667	0.42857	0.1	0.56484
995	9.3333	0.85714	0.1	0.44234
996	9.7778	1.2857	0.1	0.48435
997	9.7778	0.42857	0.1	0.48029
998	8.4444	0.85714	0.1	0.36623
999	8.8889	1.2857	0.1	0.40548
1000	8.8889	0.42857	0.1	0.40119
1001	7.5556	0.85714	0.1	0.29615
1002	8.	1.2857	0.1	0.33243
1003	8.	0.42857	0.1	0.32793
1004	6.6667	0.85714	0.1	0.23251
1005	7.1111	1.2857	0.1	0.26559
1006	7.1111	0.42857	0.1	0.26093
1007	5.7778	0.85714	0.1	0.17573
1008	6.2222	1.2857	0.1	0.20536
1009	6.2222	0.42857	0.1	0.20061
1010	4.8889	0.85714	0.1	0.12622
1011	5.3333	1.2857	0.1	0.15215
1012	5.3333	0.42857	0.1	0.14741
1013	4.	0.85714	0.1	8.4393e-002
1014	4.4444	1.2857	0.1	0.10634
1015	4.4444	0.42857	0.1	0.10177
1016	3.1111	0.85714	0.1	5.0662e-002
1017	3.5556	1.2857	0.1	6.831e-002
1018	3.5556	0.42857	0.1	6.414e-002
1019	2.2222	0.85714	0.1	2.5399e-002
1020	2.6667	1.2857	0.1	3.8426e-002
1021	2.6667	0.42857	0.1	3.4975e-002
1022	1.3333	0.85714	0.1	8.8363e-003
1023	1.7778	1.2857	0.1	1.6954e-002
1024	1.7778	0.42857	0.1	1.4661e-002
1025	0.88889	1.2857	0.1	4.1753e-003
1026	0.88889	0.42857	0.1	3.3564e-003
1027	0.44444	0.85714	0.1	9.8708e-004
1028	22.667	1.7143	0.1	2.0512
1029	23.111	2.1429	0.1	2.1127
1030	23.556	1.7143	0.1	2.1738
1031	21.778	1.7143	0.1	1.9291
1032	22.222	2.1429	0.1	1.9903
1033	20.889	1.7143	0.1	1.8078
1034	21.333	2.1429	0.1	1.8686
1035	20.	1.7143	0.1	1.6875
1036	20.444	2.1429	0.1	1.7477
1037	19.111	1.7143	0.1	1.5686
1038	19.556	2.1429	0.1	1.6282
1039	18.222	1.7143	0.1	1.4513
1040	18.667	2.1429	0.1	1.5101
1041	17.333	1.7143	0.1	1.3361
1042	17.778	2.1429	0.1	1.3939
1043	16.444	1.7143	0.1	1.2232
1044	16.889	2.1429	0.1	1.2798
1045	15.556	1.7143	0.1	1.1129
1046	16.	2.1429	0.1	1.1683
1047	14.667	1.7143	0.1	1.0057
1048	15.111	2.1429	0.1	1.0595
1049	13.778	1.7143	0.1	0.90182
1050	14.222	2.1429	0.1	0.954
1051	12.889	1.7143	0.1	0.80166
1052	13.333	2.1429	0.1	0.852
1053	12.	1.7143	0.1	0.70559
1054	12.444	2.1429	0.1	0.75391
1055	11.111	1.7143	0.1	0.61398
1056	11.556	2.1429	0.1	0.66009
1057	10.222	1.7143	0.1	0.52721
1058	10.667	2.1429	0.1	0.57092
1059	9.3333	1.7143	0.1	0.44567
1060	9.7778	2.1429	0.1	0.48677
1061	8.4444	1.7143	0.1	0.36973
1062	8.8889	2.1429	0.1	0.40803
1063	7.5556	1.7143	0.1	0.29979
1064	8.	2.1429	0.1	0.33509
1065	6.6667	1.7143	0.1	0.23624
1066	7.1111	2.1429	0.1	0.26834
1067	5.7778	1.7143	0.1	0.17948
1068	6.2222	2.1429	0.1	0.20814
1069	4.8889	1.7143	0.1	0.12986
1070	5.3333	2.1429	0.1	0.15488
1071	4.	1.7143	0.1	8.7776e-002
1072	4.4444	2.1429	0.1	0.10892
1073	3.1111	1.7143	0.1	5.3547e-002
1074	3.5556	2.1429	0.1	7.0582e-002
1075	2.2222	1.7143	0.1	2.7488e-002
1076	2.6667	2.1429	0.1	4.0184e-002
1077	1.3333	1.7143	0.1	9.861e-003
1078	1.7778	2.1429	0.1	1.7998e-002
1079	0.88889	2.1429	0.1	4.4837e-003
1080	0.44444	1.7143	0.1	1.102e-003
1081	22.667	2.5714	0.1	2.0515
1082	23.111	3.	0.1	2.1128
1083	23.556	2.5714	0.1	2.1741
1084	21.778	2.5714	0.1	1.9295
1085	22.222	3.	0.1	1.9904
1086	20.889	2.5714	0.1	1.8082
1087	21.333	3.	0.1	1.8687
1088	20.	2.5714	0.1	1.688
1089	20.444	3.	0.1	1.748
1090	19.111	2.5714	0.1	1.5691
1091	19.556	3.	0.1	1.6284
1092	18.222	2.5714	0.1	1.452
1093	18.667	3.	0.1	1.5104
1094	17.333	2.5714	0.1	1.3368
1095	17.778	3.	0.1	1.3942
1096	16.444	2.5714	0.1	1.224
1097	16.889	3.	0.1	1.2802
1098	15.556	2.5714	0.1	1.1139
1099	16.	3.	0.1	1.1687
1100	14.667	2.5714	0.1	1.0067
1101	15.111	3.	0.1	1.06
1102	13.778	2.5714	0.1	0.90297
1103	14.222	3.	0.1	0.95455
1104	12.889	2.5714	0.1	0.80292
1105	13.333	3.	0.1	0.85261
1106	12.	2.5714	0.1	0.70695
1107	12.444	3.	0.1	0.75457
1108	11.111	2.5714	0.1	0.61545
1109	11.556	3.	0.1	0.6608
1110	10.222	2.5714	0.1	0.52878
1111	10.667	3.	0.1	0.57167
1112	9.3333	2.5714	0.1	0.44732
1113	9.7778	3.	0.1	0.48758
1114	8.4444	2.5714	0.1	0.37147
1115	8.8889	3.	0.1	0.40888
1116	7.5556	2.5714	0.1	0.30159
1117	8.	3.	0.1	0.33598
1118	6.6667	2.5714	0.1	0.23808
1119	7.1111	3.	0.1	0.26924
1120	5.7778	2.5714	0.1	0.1813
1121	6.2222	3.	0.1	0.20905
1122	4.8889	2.5714	0.1	0.13162
1123	5.3333	3.	0.1	0.15578
1124	4.	2.5714	0.1	8.9367e-002
1125	4.4444	3.	0.1	0.10975
1126	3.1111	2.5714	0.1	5.4852e-002
1127	3.5556	3.	0.1	7.13e-002
1128	2.2222	2.5714	0.1	2.837e-002
1129	2.6667	3.	0.1	4.0719e-002
1130	1.3333	2.5714	0.1	1.0249e-002
1131	1.7778	3.	0.1	1.8297e-002
1132	0.88889	3.	0.1	4.5723e-003
1133	0.44444	2.5714	0.1	1.1521e-003
1134	22.667	3.4286	0.1	2.0515
1135	23.111	3.8571	0.1	2.1127
1136	23.556	3.4286	0.1	2.1741
1137	21.778	3.4286	0.1	1.9295
1138	22.222	3.8571	0.1	1.9903
1139	20.889	3.4286	0.1	1.8082
1140	21.333	3.8571	0.1	1.8686
1141	20.	3.4286	0.1	1.688
1142	20.444	3.8571	0.1	1.7477
1143	19.111	3.4286	0.1	1.5691
1144	19.556	3.8571	0.1	1.6282
1145	18.222	3.4286	0.1	1.452
1146	18.667	3.8571	0.1	1.5101
1147	17.333	3.4286	0.1	1.3368
1148	17.778	3.8571	0.1	1.3939
1149	16.444	3.4286	0.1	1.224
1150	16.889	3.8571	0.1	1.2798
1151	15.556	3.4286	0.1	1.1139
1152	16.	3.8571	0.1	1.1683
1153	14.667	3.4286	0.1	1.0067
1154	15.111	3.8571	0.1	1.0595
1155	13.778	3.4286	0.1	0.90297
1156	14.222	3.8571	0.1	0.954
1157	12.889	3.4286	0.1	0.80292
1158	13.333	3.8571	0.1	0.852
1159	12.	3.4286	0.1	0.70695
1160	12.444	3.8571	0.1	0.75391
1161	11.111	3.4286	0.1	0.61545
1162	11.556	3.8571	0.1	0.66009
1163	10.222	3.4286	0.1	0.52878
1164	10.667	3.8571	0.1	0.57092
1165	9.3333	3.4286	0.1	0.44732
1166	9.7778	3.8571	0.1	0.48677
1167	8.4444	3.4286	0.1	0.37147
1168	8.8889	3.8571	0.1	0.40803
1169	7.5556	3.4286	0.1	0.30159
1170	8.	3.8571	0.1	0.33509
1171	6.6667	3.4286	0.1	0.23808
1172	7.1111	3.8571	0.1	0.26834
1173	5.7778	3.4286	0.1	0.1813
1174	6.2222	3.8571	0.1	0.20814
1175	4.8889	3.4286	0.1	0.13162
1176	5.3333	3.8571	0.1	0.15488
1177	4.	3.4286	0.1	8.9367e-002
1178	4.4444	3.8571	0.1	0.10892
1179	3.1111	3.4286	0.1	5.4852e-002
1180	3.5556	3.8571	0.1	7.0582e-002
1181	2.2222	3.4286	0.1	2.837e-002
1182	2.6667	3.8571	0.1	4.0184e-002
1183	1.3333	3.4286	0.1	1.0249e-002
1184	1.7778	3.8571	0.1	1.7998e-002
1185	0.88889	3.8571	0.1	4.4837e-003
1186	0.44444	3.4286	0.1	1.1521e-003
1187	22.667	4.2857	0.1	2.0512
1188	23.111	4.7143	0.1	2.1122
1189	23.556	4.2857	0.1	2.1738
1190	21.778	4.2857	0.1	1.9291
1191	22.222	4.7143	0.1	1.9898
1192	20.889	4.2857	0.1	1.8078
1193	21.333	4.7143	0.1	1.868
1194	20.	4.2857	0.1	1.6875
1195	20.444	4.7143	0.1	1.7471
1196	19.111	4.2857	0.1	1.5686
1197	19.556	4.7143	0.1	1.6274
1198	18.222	4.2857	0.1	1.4513
1199	18.667	4.7143	0.1	1.5092
1200	17.333	4.2857	0.1	1.3361
1201	17.778	4.7143	0.1	1.3928
1202	16.444	4.2857	0.1	1.2232
1203	16.889	4.7143	0.1	1.2786
1204	15.556	4.2857	0.1	1.1129
1205	16.	4.7143	0.1	1.1669
1206	14.667	4.2857	0.1	1.0057
1207	15.111	4.7143	0.1	1.0581
1208	13.778	4.2857	0.1	0.90182
1209	14.222	4.7143	0.1	0.95236
1210	12.889	4.2857	0.1	0.80166
1211	13.333	4.7143	0.1	0.8502
1212	12.	4.2857	0.1	0.70559
1213	12.444	4.7143	0.1	0.75195
1214	11.111	4.2857	0.1	0.61398
1215	11.556	4.7143	0.1	0.65797
1216	10.222	4.2857	0.1	0.52721
1217	10.667	4.7143	0.1	0.56864
1218	9.3333	4.2857	0.1	0.44567
1219	9.7778	4.7143	0.1	0.48435
1220	8.4444	4.2857	0.1	0.36973
1221	8.8889	4.7143	0.1	0.40548
1222	7.5556	4.2857	0.1	0.29979
1223	8.	4.7143	0.1	0.33243
1224	6.6667	4.2857	0.1	0.23624
1225	7.1111	4.7143	0.1	0.26559
1226	5.7778	4.2857	0.1	0.17948
1227	6.2222	4.7143	0.1	0.20536
1228	4.8889	4.2857	0.1	0.12986
1229	5.3333	4.7143	0.1	0.15215
1230	4.	4.2857	0.1	8.7776e-002
1231	4.4444	4.7143	0.1	0.10634
1232	3.1111	4.2857	0.1	5.3547e-002
1233	3.5556	4.7143	0.1	6.831e-002
1234	2.2222	4.2857	0.1	2.7488e-002
1235	2.6667	4.7143	0.1	3.8426e-002
1236	1.3333	4.2857	0.1	9.861e-003
1237	1.7778	4.7143	0.1	1.6954e-002
1238	0.88889	4.7143	0.1	4.1753e-003
1239	0.44444	4.2857	0.1	1.102e-003
1240	22.667	5.1429	0.1	2.0506
1241	23.111	5.5714	0.1	2.1116
1242	23.556	5.1429	0.1	2.1733
1243	21.778	5.1429	0.1	1.9284
1244	22.222	5.5714	0.1	1.989
1245	20.889	5.1429	0.1	1.807
1246	21.333	5.5714	0.1	1.8671
1247	20.	5.1429	0.1	1.6865
1248	20.444	5.5714	0.1	1.746
1249	19.111	5.1429	0.1	1.5675
1250	19.556	5.5714	0.1	1.6261
1251	18.222	5.1429	0.1	1.45
1252	18.667	5.5714	0.1	1.5077
1253	17.333	5.1429	0.1	1.3346
1254	17.778	5.5714	0.1	1.3911
1255	16.444	5.1429	0.1	1.2215
1256	16.889	5.5714	0.1	1.2767
1257	15.556	5.1429	0.1	1.1111
1258	16.	5.5714	0.1	1.1647
1259	14.667	5.1429	0.1	1.0036
1260	15.111	5.5714	0.1	1.0556
1261	13.778	5.1429	0.1	0.89952
1262	14.222	5.5714	0.1	0.94962
1263	12.889	5.1429	0.1	0.79915
1264	13.333	5.5714	0.1	0.8472
1265	12.	5.1429	0.1	0.70287
1266	12.444	5.5714	0.1	0.74867
1267	11.111	5.1429	0.1	0.61105
1268	11.556	5.5714	0.1	0.65443
1269	10.222	5.1429	0.1	0.52407
1270	10.667	5.5714	0.1	0.56484
1271	9.3333	5.1429	0.1	0.44234
1272	9.7778	5.5714	0.1	0.48029
1273	8.4444	5.1429	0.1	0.36623
1274	8.8889	5.5714	0.1	0.40119
1275	7.5556	5.1429	0.1	0.29615
1276	8.	5.5714	0.1	0.32793
1277	6.6667	5.1429	0.1	0.23251
1278	7.1111	5.5714	0.1	0.26093
1279	5.7778	5.1429	0.1	0.17573
1280	6.2222	5.5714	0.1	0.20061
1281	4.8889	5.1429	0.1	0.12622
1282	5.3333	5.5714	0.1	0.14741
1283	4.	5.1429	0.1	8.4393e-002
1284	4.4444	5.5714	0.1	0.10177
1285	3.1111	5.1429	0.1	5.0662e-002
1286	3.5556	5.5714	0.1	6.414e-002
1287	2.2222	5.1429	0.1	2.5399e-002
1288	2.6667	5.5714	0.1	3.4975e-002
1289	1.3333	5.1429	0.1	8.8363e-003
1290	1.7778	5.5714	0.1	1.4661e-002
1291	0.88889	5.5714	0.1	3.3564e-003
1292	0.44444	5.1429	0.1	9.8708e-004
1293	1.3333	6.	0.1	6.4569e-003
1294	0.44444	6.	0.1	5.3471e-004
1295	0.88889	6.	5.e-002	2.4694e-003
1296	2.2222	6.	0.1	2.139e-002
1297	1.7778	6.	5.e-002	1.2695e-002
1298	3.1111	6.	0.1	4.5683e-002
1299	2.6667	6.	5.e-002	3.2357e-002
1300	4.	6.	0.1	7.8874e-002
1301	3.5556	6.	5.e-002	6.1165e-002
1302	4.8889	6.	0.1	0.12045
1303	4.4444	6.	5.e-002	9.8613e-002
1304	5.7778	6.	0.1	0.16991
1305	5.3333	6.	5.e-002	0.1442
1306	6.6667	6.	0.1	0.22679
1307	6.2222	6.	5.e-002	0.19742
1308	7.5556	6.	0.1	0.2906
1309	7.1111	6.	5.e-002	0.25782
1310	8.4444	6.	0.1	0.36092
1311	8.	6.	5.e-002	0.32495
1312	9.3333	6.	0.1	0.4373
1313	8.8889	6.	5.e-002	0.39835
1314	10.222	6.	0.1	0.51935
1315	9.7778	6.	5.e-002	0.47762
1316	11.111	6.	0.1	0.60663
1317	10.667	6.	5.e-002	0.56233
1318	12.	6.	0.1	0.69878
1319	11.556	6.	5.e-002	0.6521
1320	12.889	6.	0.1	0.79538
1321	12.444	6.	5.e-002	0.74652
1322	13.778	6.	0.1	0.89608
1323	13.333	6.	5.e-002	0.84522
1324	14.667	6.	0.1	1.0005
1325	14.222	6.	5.e-002	0.94782
1326	15.556	6.	0.1	1.1082
1327	15.111	6.	5.e-002	1.054
1328	16.444	6.	0.1	1.219
1329	16.	6.	5.e-002	1.1633
1330	17.333	6.	0.1	1.3324
1331	16.889	6.	5.e-002	1.2754
1332	18.222	6.	0.1	1.4481
1333	17.778	6.	5.e-002	1.39
1334	19.111	6.	0.1	1.5658
1335	18.667	6.	5.e-002	1.5067
1336	20.	6.	0.1	1.6852
1337	19.556	6.	5.e-002	1.6253
1338	20.889	6.	0.1	1.8058
1339	20.444	6.	5.e-002	1.7453
1340	21.778	6.	0.1	1.9275
1341	21.333	6.	5.e-002	1.8665
1342	22.667	6.	0.1	2.0498
1343	22.222	6.	5.e-002	1.9886
1344	23.556	6.	0.1	2.1726
1345	23.111	6.	5.e-002	2.1112
1346	24.	5.5714	0.1	2.2344
1347	24.	6.	5.e-002	2.234
1348	24.	4.7143	0.1	2.235
1349	24.	5.1429	5.e-002	2.2347
1350	24.	3.8571	0.1	2.2354
1351	24.	4.2857	5.e-002	2.2352
1352	24.	3.	0.1	2.2355
1353	24.	3.4286	5.e-002	2.2355
1354	24.	2.1429	0.1	2.2354
1355	24.	2.5714	5.e-002	2.2355
1356	24.	1.2857	0.1	2.235
1357	24.	1.7143	5.e-002	2.2352
1358	24.	0.42857	0.1	2.2344
1359	24.	0.85714	5.e-002	2.2347
1360	23.556	0.	0.1	2.1726
1361	24.	0.	5.e-002	2.234
1362	22.667	0.	0.1	2.0498
1363	23.111	0.	5.e-002	2.1112
1364	21.778	0.	0.1	1.9275
1365	22.222	0.	5.e-002	1.9886
1366	20.889	0.	0.1	1.8058
1367	21.333	0.	5.e-002	1.8665
1368	20.	0.	0.1	1.6852
1369	20.444	0.	5.e-002	1.7453
1370	19.111	0.	0.1	1.5658
1371	19.556	0.	5.e-002	1.6253
1372	18.222	0.	0.1	1.4481
1373	18.667	0.	5.e-002	1.5067
1374	17.333	0.	0.1	1.3324
1375	17.778	0.	5.e-002	1.39
1376	16.444	0.	0.1	1.219
1377	16.889	0.	5.e-002	1.2754
1378	15.556	0.	0.1	1.1082
1379	16.	0.	5.e-002	1.1633
1380	14.667	0.	0.1	1.0005
1381	15.111	0.	5.e-002	1.054
1382	13.778	0.	0.1	0.89608
1383	14.222	0.	5.e-002	0.94782
1384	12.889	0.	0.1	0.79538
1385	13.333	0.	5.e-002	0.84522
1386	12.	0.	0.1	0.69878
1387	12.444	0.	5.e-002	0.74652
1388	11.111	0.	0.1	0.60663
1389	11.556	0.	5.e-002	0.6521
1390	10.222	0.	0.1	0.51935
1391	10.667	0.	5.e-002	0.56233
1392	9.3333	0.	0.1	0.4373
1393	9.7778	0.	5.e-002	0.47762
1394	8.4444	0.	0.1	0.36092
1395	8.8889	0.	5.e-002	0.39835
1396	7.5556	0.	0.1	0.2906
1397	8.	0.	5.e-002	0.32495
1398	6.6667	0.	0.1	0.22679
1399	7.1111	0.	5.e-002	0.25782
1400	5.7778	0.	0.1	0.16991
1401	6.2222	0.	5.e-002	0.19742
1402	4.8889	0.	0.1	0.12045
1403	5.3333	0.	5.e-002	0.1442
1404	4.	0.	0.1	7.8874e-002
1405	4.4444	0.	5.e-002	9.8613e-002
1406	3.1111	0.	0.1	4.5683e-002
1407	3.5556	0.	5.e-002	6.1165e-002
1408	2.2222	0.	0.1	2.139e-002
1409	2.6667	0.	5.e-002	3.2357e-002
1410	1.3333	0.	0.1	6.4569e-003
1411	1.7778	0.	5.e-002	1.2695e-002
1412	0.44444	0.	0.1	5.3471e-004
1413	0.88889	0.	5.e-002	2.4694e-003
1414	3.7465e-015	0.42857	0.1	0.
1415	0.	0.	5.e-002	0.
1416	1.124e-014	1.2857	0.1	0.
1417	7.5944e-015	0.85714	5.e-002	0.
1418	1.8733e-014	2.1429	0.1	0.
1419	1.5189e-014	1.7143	5.e-002	0.
1420	2.6226e-014	3.	0.1	0.
1421	2.2783e-014	2.5714	5.e-002	0.
1422	3.3719e-014	3.8571	0.1	0.
1423	3.0378e-014	3.4286	5.e-002	0.
1424	4.1212e-014	4.7143	0.1	0.
1425	3.7972e-014	4.2857	5.e-002	0.
1426	4.8705e-014	5.5714	0.1	0.
1427	4.5567e-014	5.1429	5.e-002	0.
1428	5.2451e-014	6.	5.e-002	0.
1429	4.1212e-014	4.7143	0.	0.
1430	4.8705e-014	5.5714	0.	0.
1431	3.3719e-014	3.8571	0.	0.
1432	2.6226e-014	3.	0.	0.
1433	1.8733e-014	2.1429	0.	0.
1434	1.124e-014	1.2857	0.	0.
1435	3.7465e-015	0.42857	0.	0.
1436	0.44444	6.	0.	5.3471e-004
1437	0.44444	0.	0.	5.3471e-004
1438	1.3333	0.	0.	6.4569e-003
1439	2.2222	0.	0.	2.139e-002
1440	3.1111	0.	0.	4.5683e-002
1441	4.	0.	0.	7.8874e-002
1442	4.8889	0.	0.	0.12045
1443	5.7778	0.	0.	0.16991
1444	6.6667	0.	0.	0.22679
1445	7.5556	0.	0.	0.2906
1446	8.4444	0.	0.	0.36092
1447	9.3333	0.	0.	0.4373
1448	10.222	0.	0.	0.51935
1449	11.111	0.	0.	0.60663
1450	12.	0.	0.	0.69878
1451	12.889	0.	0.	0.79538
1452	13.778	0.	0.	0.89608
1453	14.667	0.	0.	1.0005
1454	15.556	0.	0.	1.1082
1455	16.444	0.	0.	1.219
1456	17.333	0.	0.	1.3324
1457	18.222	0.	0.	1.4481
1458	19.111	0.	0.	1.5658
1459	20.	0.	0.	1.6852
1460	20.889	0.	0.	1.8058
1461	21.778	0.	0.	1.9275
1462	22.667	0.	0.	2.0498
1463	23.556	0.	0.	2.1726
1464	24.	0.42857	0.	2.2344
1465	24.	1.2857	0.	2.235
1466	24.	2.1429	0.	2.2354
1467	24.	3.	0.	2.2355
1468	24.	3.8571	0.	2.2354
1469	24.	4.7143	0.	2.235
1470	24.	5.5714	0.	2.2344
1471	23.556	6.	0.	2.1726
1472	22.667	6.	0.	2.0498
1473	21.778	6.	0.	1.9275
1474	20.889	6.	0.	1.8058
1475	20.	6.	0.	1.6852
1476	19.111	6.	0.	1.5658
1477	18.222	6.	0.	1.4481
1478	17.333	6.	0.	1.3324
1479	16.444	6.	0.	1.219
1480	15.556	6.	0.	1.1082
1481	14.667	6.	0.	1.0005
1482	13.778	6.	0.	0.89608
1483	12.889	6.	0.	0.79538
1484	12.	6.	0.	0.69878
1485	11.111	6.	0.	0.60663
1486	10.222	6.	0.	0.51935
1487	9.3333	6.	0.	0.4373
1488	8.4444	6.	0.	0.36092
1489	7.5556	6.	0.	0.2906
1490	6.6667	6.	0.	0.22679
1491	5.7778	6.	0.	0.16991
1492	4.8889	6.	0.	0.12045
1493	4.	6.	0.	7.8874e-002
1494	3.1111	6.	0.	4.5683e-002
1495	2.2222	6.	0.	2.139e-002
1496	1.3333	6.	0.	6.4569e-003
