Node Number	X Location (in)	Y Location (in)	Z Location (in)	Equivalent (von-Mises) Stress (psi)
1	18.	0.	0.1	299.15
2	18.	0.	0.	318.58
3	0.	0.	0.1	2339.5
4	8.5272	1.3219e-030	0.1	1252.5
5	0.	0.	0.	2454.7
6	8.6615	1.3427e-030	0.	1053.9
7	18.167	0.	0.1	167.49
8	18.167	0.	0.	98.545
9	24.	0.	0.	34.426
10	24.	0.	0.1	34.593
11	18.	2.	0.1	4742.5
12	18.167	2.	0.1	4068.7
13	24.	6.	0.1	35.921
14	18.167	6.	0.1	79.706
15	18.167	4.	0.1	3560.
16	18.	4.	0.1	3598.8
17	18.	6.	0.1	278.95
18	3.937e-014	6.	0.1	6219.
19	8.8582	6.	0.1	595.82
20	18.	2.	0.	3913.6
21	3.937e-014	6.	0.	6715.2
22	18.	6.	0.	233.5
23	8.8624	6.	0.	1089.9
24	18.	4.	0.	4583.6
25	18.167	4.	0.	4087.4
26	18.167	6.	0.	136.19
27	24.	6.	0.	39.103
28	18.167	2.	0.	4013.7
29	13.5	0.	0.1	2098.6
30	13.5	0.	0.	2140.4
31	21.083	0.	0.	568.43
32	21.083	0.	0.1	599.08
33	18.	1.	0.1	1150.2
34	18.	1.5	0.1	1917.
35	18.167	1.	0.1	830.21
36	18.167	1.5	0.1	1162.2
37	24.	3.	0.1	251.5
38	21.083	6.	0.1	553.43
39	18.167	5.	0.1	801.56
40	18.167	4.5	0.1	1448.9
41	18.	5.	0.1	901.93
42	18.	4.5	0.1	1937.6
43	13.5	6.	0.1	2051.8
44	15.75	6.	0.1	1780.8
45	18.	1.	0.	1183.6
46	18.	1.5	0.	2126.3
47	13.5	6.	0.	2043.7
48	18.	5.	0.	1142.4
49	18.	4.5	0.	2129.5
50	18.167	5.	0.	754.27
51	18.167	4.5	0.	1621.7
52	21.083	6.	0.	562.24
53	24.	3.	0.	248.44
54	18.167	1.	0.	767.5
55	18.167	1.5	0.	1209.2
56	15.75	6.	0.	1814.9
57	4.5	0.	0.1	1545.4
58	2.4141	3.7422e-031	0.1	1754.8
59	4.5	0.	0.	1791.
60	2.25	0.	0.	2014.5
61	4.6832	6.	0.1	1161.6
62	2.1046	6.	0.1	1912.8
63	1.9685e-014	3.	0.1	3608.4
64	9.8425e-015	1.5	0.1	2872.7
65	2.9528e-014	4.5	0.1	4411.5
66	1.9685e-014	3.	0.	3154.2
67	9.8425e-015	1.5	0.	3181.4
68	2.9528e-014	4.5	0.	4835.7
69	4.6794	6.	0.	1988.3
70	2.25	6.	0.	1933.7
71	11.455	1.7758e-030	0.1	1417.
72	15.75	0.	0.1	1900.7
73	16.875	0.	0.1	1240.6
74	11.387	1.7652e-030	0.	1366.5
75	15.75	0.	0.	1833.4
76	16.875	0.	0.	1356.2
77	19.625	0.	0.	822.63
78	18.896	0.	0.	639.5
79	22.542	0.	0.	292.75
80	23.271	0.	0.	205.46
81	19.625	0.	0.1	836.33
82	18.896	0.	0.1	633.17
83	22.542	0.	0.1	300.23
84	23.271	0.	0.1	181.86
85	18.	0.5	0.1	631.55
86	18.	0.25	0.1	457.88
87	18.	1.25	0.1	1455.1
88	18.	1.75	0.1	2575.8
89	18.167	0.5	0.1	462.63
90	18.167	0.25	0.1	338.02
91	18.167	1.75	0.1	1819.3
92	18.167	1.25	0.1	1143.6
93	24.	1.5	0.1	200.24
94	24.	0.75	0.1	140.18
95	24.	4.5	0.1	201.51
96	24.	5.25	0.1	138.55
97	22.542	6.	0.1	363.97
98	23.271	6.	0.1	204.68
99	19.625	6.	0.1	683.64
100	18.896	6.	0.1	558.83
101	18.167	5.5	0.1	373.63
102	18.167	5.75	0.1	220.13
103	18.167	4.25	0.1	2563.5
104	18.167	4.75	0.1	1008.3
105	18.	5.5	0.1	775.66
106	18.	5.75	0.1	490.66
107	18.	4.75	0.1	1506.
108	18.	4.25	0.1	2219.3
109	11.556	6.	0.1	1781.8
110	16.875	6.	0.1	1270.1
111	17.438	6.	0.1	771.
112	14.625	6.	0.1	2001.
113	18.	0.5	0.	630.86
114	18.	0.25	0.	465.16
115	18.	1.75	0.	2313.4
116	18.	1.25	0.	1479.9
117	11.34	6.	0.	1429.4
118	18.	5.5	0.	829.24
119	18.	5.75	0.	446.18
120	18.	4.25	0.	2426.5
121	18.	4.75	0.	1743.9
122	18.167	5.5	0.	358.94
123	18.167	5.75	0.	253.29
124	18.167	4.75	0.	980.02
125	18.167	4.25	0.	2267.5
126	22.542	6.	0.	364.31
127	23.271	6.	0.	176.9
128	19.625	6.	0.	691.6
129	18.896	6.	0.	576.55
130	24.	1.5	0.	194.26
131	24.	0.75	0.	136.69
132	24.	4.5	0.	202.48
133	24.	5.25	0.	144.08
134	18.167	0.5	0.	469.92
135	18.167	0.25	0.	259.24
136	18.167	1.25	0.	1087.9
137	18.167	1.75	0.	1692.9
138	16.875	6.	0.	1312.3
139	17.438	6.	0.	700.14
140	14.625	6.	0.	2019.
141	6.75	0.	0.1	1217.1
142	1.125	0.	0.1	2629.
143	0.5625	0.	0.1	3264.3
144	3.375	0.	0.1	1722.8
145	6.75	0.	0.	1358.
146	1.125	0.	0.	2754.2
147	0.5625	0.	0.	3495.7
148	3.0209	4.683e-031	0.	1589.3
149	3.375	6.	0.1	1573.7
150	1.125	6.	0.1	4360.7
151	0.5625	6.	0.1	5229.4
152	1.4764e-014	2.25	0.1	2859.9
153	4.9213e-015	0.75	0.1	2520.3
154	2.4606e-015	0.375	0.1	2123.2
155	3.4449e-014	5.25	0.1	5237.4
156	3.6909e-014	5.625	0.1	6958.
157	2.4606e-014	3.75	0.1	4281.5
158	1.4764e-014	2.25	0.	3221.5
159	4.9213e-015	0.75	0.	2968.4
160	2.4606e-015	0.375	0.	2428.7
161	3.4449e-014	5.25	0.	4820.1
162	3.6909e-014	5.625	0.	6483.1
163	2.4606e-014	3.75	0.	3130.2
164	3.1504	6.	0.	1560.5
165	1.125	6.	0.	3568.5
166	0.5625	6.	0.	3738.9
167	9.6479	1.4956e-030	0.1	595.77
168	12.544	1.9446e-030	0.1	1996.4
169	14.625	0.	0.1	2065.8
170	16.313	0.	0.1	1642.9
171	17.438	0.	0.1	1075.8
172	17.719	0.	0.1	657.03
173	10.133	1.5708e-030	0.	468.84
174	12.375	0.	0.	1557.3
175	14.625	0.	0.	2033.3
176	16.313	0.	0.	1645.6
177	17.438	0.	0.	997.6
178	17.719	0.	0.	535.84
179	20.354	0.	0.	696.37
180	18.531	0.	0.	400.79
181	18.349	0.	0.	241.54
182	19.26	0.	0.	786.04
183	21.813	0.	0.	432.29
184	22.906	0.	0.	251.49
185	23.635	0.	0.	110.66
186	23.818	0.	0.	83.755
187	20.354	0.	0.1	729.17
188	18.531	0.	0.1	373.44
189	18.349	0.	0.1	254.84
190	19.26	0.	0.1	740.61
191	21.813	0.	0.1	422.54
192	22.906	0.	0.1	263.44
193	23.635	0.	0.1	104.56
194	23.818	0.	0.1	69.508
195	18.	0.75	0.1	908.42
196	18.167	0.75	0.1	583.32
197	24.	2.25	0.1	238.32
198	24.	0.375	0.1	99.189
199	24.	0.1875	0.1	74.786
200	24.	1.125	0.1	166.92
201	24.	3.75	0.1	218.05
202	24.	4.875	0.1	168.87
203	24.	5.625	0.1	100.25
204	24.	5.8125	0.1	71.883
205	21.813	6.	0.1	455.57
206	23.635	6.	0.1	121.39
207	23.818	6.	0.1	78.189
208	22.906	6.	0.1	259.78
209	20.354	6.	0.1	638.08
210	19.26	6.	0.1	598.89
211	18.531	6.	0.1	375.84
212	18.349	6.	0.1	180.56
213	18.167	5.25	0.1	545.44
214	18.	5.25	0.1	859.99
215	12.375	6.	0.1	1855.7
216	10.58	6.	0.1	931.74
217	16.313	6.	0.1	1467.7
218	17.719	6.	0.1	464.74
219	17.156	6.	0.1	1092.5
220	15.188	6.	0.1	1930.2
221	14.063	6.	0.1	2196.
222	18.	0.75	0.	920.04
223	12.375	6.	0.	1895.4
224	10.612	6.	0.	1172.9
225	18.	5.25	0.	852.87
226	18.167	5.25	0.	500.31
227	21.813	6.	0.	457.93
228	23.635	6.	0.	97.768
229	23.818	6.	0.	75.172
230	22.906	6.	0.	250.67
231	20.354	6.	0.	647.84
232	19.26	6.	0.	630.43
233	18.531	6.	0.	454.52
234	18.349	6.	0.	229.51
235	24.	2.25	0.	219.85
236	24.	0.375	0.	99.45
237	24.	0.1875	0.	55.927
238	24.	1.125	0.	164.67
239	24.	3.75	0.	232.28
240	24.	4.875	0.	181.4
241	24.	5.625	0.	101.74
242	24.	5.8125	0.	70.653
243	18.167	0.75	0.	590.19
244	16.313	6.	0.	1582.8
245	17.719	6.	0.	463.68
246	17.156	6.	0.	1118.5
247	15.188	6.	0.	1921.4
248	14.063	6.	0.	2157.3
249	16.545	4.2139	0.	1700.
250	19.697	2.0878	0.	990.81
251	18.083	3.	0.	2489.6
252	21.705	3.0325	0.	506.07
253	19.99	3.4375	0.	922.27
254	17.297	3.	0.	1890.2
255	16.917	1.8283	0.	1676.5
256	19.382	3.875	0.	1094.2
257	14.919	3.8349	0.	1994.3
258	18.522	2.6717	0.	2066.8
259	19.243	4.7258	0.	871.35
260	10.506	3.134	0.	952.74
261	22.1	4.0953	0.	398.81
262	3.3855	3.0242	0.	1520.
263	19.012	1.4987	0.	955.04
264	18.824	3.5299	0.	1731.4
265	17.384	4.4565	0.	1744.1
266	22.079	1.1135	0.	415.75
267	17.265	5.3557	0.	1132.1
268	18.107	3.5629	0.	3105.6
269	18.103	2.4591	0.	2699.1
270	21.041	1.7227	0.	679.66
271	12.875	3.3889	0.	1944.9
272	20.679	5.1	0.	666.02
273	17.271	3.8681	0.	1927.7
274	17.665	2.5299	0.	2410.8
275	16.071	5.065	0.	1732.4
276	19.117	0.65848	0.	776.56
277	23.453	5.4375	0.	168.26
278	23.453	0.5625	0.	169.31
279	17.484	1.5	0.	1790.1
280	16.812	0.74566	0.	1402.2
281	19.299	3.2185	0.	1273.7
282	18.625	4.1554	0.	1737.2
283	19.868	1.1341	0.	895.8
284	15.873	1.5139	0.	1769.
285	14.563	4.8889	0.	2050.9
286	14.548	1.095	0.	1978.2
287	18.69	2.1116	0.	1364.3
288	21.01	3.8924	0.	625.54
289	1.2088	2.1006	0.	3012.7
290	1.0662	4.1476	0.	3536.1
291	20.521	2.721	0.	806.22
292	17.742	3.705	0.	2665.3
293	16.368	2.6124	0.	1787.7
294	18.611	5.06	0.	678.24
295	23.076	3.4206	0.	278.53
296	12.625	1.6944	0.	2083.9
297	17.566	2.	0.	2056.4
298	19.101	2.6275	0.	1441.9
299	18.45	3.7188	0.	2392.9
300	14.645	2.6395	0.	1948.1
301	17.545	0.85205	0.	960.19
302	16.85	3.433	0.	1840.6
303	16.759	4.8558	0.	1523.7
304	18.408	3.2188	0.	2392.3
305	22.967	4.9648	0.	301.98
306	18.564	5.5738	0.	485.85
307	23.19	1.1348	0.	248.61
308	17.699	4.8037	0.	1659.6
309	18.531	1.25	0.	1032.4
310	13.3	4.8685	0.	1959.2
311	22.451	2.1719	0.	327.4
312	11.846	4.8284	0.	1661.8
313	6.2478	3.3214	0.	1423.5
314	18.622	0.625	0.	550.92
315	20.023	4.3592	0.	798.01
316	17.69	3.	0.	2526.1
317	17.729	5.6894	0.	691.74
318	15.55	4.4341	0.	1869.2
319	15.296	5.3861	0.	1920.4
320	17.454	3.3999	0.	1871.2
321	15.816	3.4522	0.	1835.2
322	21.735	5.1415	0.	497.45
323	16.523	5.5	0.	1438.1
324	19.763	2.7975	0.	958.03
325	2.5313	4.875	0.	1056.1
326	2.5313	1.125	0.	1792.7
327	8.8594	2.25	0.	438.11
328	20.536	0.61719	0.	716.14
329	21.32	0.75679	0.	548.38
330	18.562	4.6383	0.	1032.
331	19.291	5.4687	0.	668.08
332	17.648	4.	0.	2207.3
333	17.18	2.4198	0.	1862.6
334	18.81	3.051	0.	1687.5
335	19.869	5.2756	0.	715.45
336	16.56	4.2353	0.1	1682.4
337	19.85	2.048	0.1	853.54
338	18.083	3.	0.1	2445.6
339	21.705	3.0354	0.1	473.3
340	19.99	3.4375	0.1	947.2
341	16.907	1.8739	0.1	1743.2
342	19.382	3.875	0.1	1080.4
343	14.92	3.8358	0.1	1979.1
344	19.111	2.3333	0.1	1188.5
345	19.243	4.7257	0.1	885.93
346	10.507	3.1578	0.1	1367.4
347	22.099	4.0954	0.1	429.62
348	3.5527	2.5752	0.1	1754.7
349	18.982	1.5867	0.1	1075.
350	18.849	3.5059	0.1	1472.1
351	17.405	4.507	0.1	1582.8
352	22.081	1.1136	0.1	362.25
353	17.292	5.4064	0.1	1065.3
354	18.064	3.5625	0.1	2921.8
355	18.046	2.3937	0.1	3276.2
356	21.058	1.7264	0.1	579.44
357	12.875	3.3889	0.1	1960.2
358	20.679	5.1	0.1	619.21
359	17.248	4.0096	0.1	1860.1
360	16.074	5.0692	0.1	1664.3
361	18.525	2.6322	0.1	2040.2
362	19.129	0.67087	0.1	815.21
363	23.453	5.4375	0.1	168.68
364	23.453	0.5625	0.1	163.68
365	17.547	1.4511	0.1	1707.6
366	16.811	0.75087	0.1	1520.9
367	18.635	4.1493	0.1	1532.7
368	19.875	1.1295	0.1	850.49
369	15.869	1.5221	0.1	1777.1
370	14.563	4.8889	0.1	2048.7
371	14.548	1.095	0.1	1992.9
372	17.607	2.1039	0.1	2296.3
373	21.01	3.8924	0.1	676.56
374	1.2106	2.0882	0.1	3059.5
375	1.228	3.7585	0.1	2365.9
376	20.53	2.8196	0.1	759.14
377	16.41	2.6801	0.1	1850.8
378	18.611	5.06	0.1	771.68
379	18.547	2.0997	0.1	2161.6
380	18.922	2.8854	0.1	1537.2
381	23.076	3.4206	0.1	263.99
382	17.669	3.75	0.1	2152.8
383	19.569	2.7775	0.1	1119.3
384	17.607	3.2567	0.1	2346.7
385	17.608	2.724	0.1	2452.5
386	12.625	1.6944	0.1	1936.9
387	18.425	3.6863	0.1	2365.3
388	14.644	2.6404	0.1	1965.2
389	17.545	0.85233	0.1	1093.
390	16.945	3.5	0.1	1810.1
391	16.771	4.9436	0.1	1483.2
392	18.471	3.2081	0.1	2047.4
393	22.967	4.9648	0.1	238.06
394	18.564	5.5738	0.1	407.36
395	23.218	1.2461	0.1	223.82
396	17.744	4.8552	0.1	1380.1
397	13.3	4.8685	0.1	2020.9
398	18.531	1.25	0.1	1042.5
399	22.451	2.1719	0.1	333.3
400	11.846	4.8284	0.1	1626.8
401	6.2263	3.2132	0.1	1384.
402	18.622	0.625	0.1	586.56
403	20.023	4.3592	0.1	803.84
404	17.741	5.6511	0.1	703.61
405	15.554	4.4377	0.1	1848.1
406	15.296	5.3867	0.1	1889.7
407	15.839	3.5549	0.1	1817.1
408	21.735	5.1415	0.1	452.34
409	16.523	5.5	0.1	1422.7
410	19.291	3.2618	0.1	1189.
411	2.6483	4.9388	0.1	2140.5
412	2.5313	1.125	0.1	1810.4
413	8.5324	2.1927	0.1	1151.3
414	20.536	0.61719	0.1	712.6
415	21.323	0.75651	0.1	497.81
416	18.603	4.6421	0.1	1007.2
417	19.291	5.4687	0.1	667.97
418	17.133	2.5	0.1	1839.2
419	19.869	5.2756	0.1	740.36
420	1.1554	5.1758	0.1	3520.8
421	23.939	6.25e-002	5.0001e-002	25.884
422	19.237	0.20205	4.9722e-002	67.519
423	21.406	0.25222	5.e-002	16.43
424	5.0342	1.5843	0.	1726.3
425	6.4989	1.6607	0.1	1320.4
426	8.7569	3.8734	0.	676.93
427	5.2717	1.7509	0.1	1833.2
428	18.	0.	5.e-002	74.185
429	18.	0.125	0.1	360.91
430	17.859	0.	0.1	468.72
431	17.859	0.	5.e-002	133.23
432	18.	0.125	5.e-002	188.48
433	18.	0.125	0.	375.32
434	17.859	0.	0.	408.95
435	0.	0.	5.e-002	1118.8
436	0.28125	0.	0.1	2664.8
437	1.2303e-015	0.1875	0.1	2159.
438	8.5943	1.3323e-030	5.e-002	200.92
439	7.6386	6.6093e-031	0.1	1219.5
440	9.0875	1.4087e-030	0.1	895.29
441	8.5298	1.0963	0.1	1184.9
442	0.28125	0.	5.e-002	780.7
443	0.28125	0.	0.	2921.7
444	1.2303e-015	0.1875	5.e-002	561.17
445	1.2303e-015	0.1875	0.	2390.9
446	7.7058	0.	5.e-002	161.69
447	7.7058	6.7134e-031	0.	1194.2
448	9.1547	1.4191e-030	5.e-002	286.85
449	9.3972	1.4567e-030	0.	723.13
450	8.7604	1.125	0.	718.74
451	8.5969	1.0963	5.e-002	106.42
452	18.167	0.	5.e-002	66.297
453	18.167	0.125	0.1	241.59
454	18.167	0.125	5.e-002	96.747
455	18.258	0.	5.e-002	58.644
456	18.258	0.	0.1	192.58
457	18.167	0.125	0.	177.71
458	18.258	0.	0.	154.89
459	24.	0.	5.e-002	23.333
460	23.909	0.	0.	56.97
461	23.909	0.	5.e-002	25.323
462	24.	9.375e-002	0.	42.531
463	23.97	3.125e-002	2.5001e-002	23.913
464	23.909	0.	0.1	46.647
465	24.	9.375e-002	0.1	51.312
466	24.	9.375e-002	5.e-002	22.597
467	23.97	3.125e-002	7.5001e-002	25.739
468	18.083	2.	0.1	4124.2
469	18.	2.	5.e-002	530.78
470	18.083	2.	5.e-002	1410.8
471	18.	1.875	0.1	3482.
472	18.023	2.1969	0.1	3987.1
473	17.803	2.052	0.1	3509.
474	18.167	2.	5.e-002	888.33
475	18.167	1.875	0.1	2864.
476	18.167	1.875	5.e-002	1294.9
477	18.106	2.1969	0.1	3551.8
478	18.357	2.0498	0.1	3064.3
479	24.	6.	5.e-002	23.276
480	24.	5.9063	0.1	53.198
481	23.909	6.	0.1	53.743
482	23.909	6.	5.e-002	27.552
483	18.167	6.	5.e-002	55.495
484	18.167	5.875	0.1	149.08
485	18.258	6.	0.1	124.11
486	18.083	4.	0.1	3293.1
487	18.167	4.	5.e-002	604.76
488	18.167	4.125	0.1	2844.2
489	18.137	3.7815	5.e-002	843.5
490	18.396	4.0777	5.e-002	1042.7
491	18.308	3.8594	5.e-002	628.91
492	18.115	3.7813	0.1	3107.4
493	18.401	4.0747	0.1	2525.9
494	18.296	3.8431	0.1	2927.7
495	18.	4.	5.e-002	841.15
496	18.083	4.	5.e-002	1530.7
497	18.	4.125	0.1	2807.1
498	18.	4.125	5.e-002	1059.1
499	18.054	3.7815	5.e-002	630.52
500	17.871	3.8525	5.e-002	498.3
501	17.824	4.	5.e-002	840.53
502	18.032	3.7813	0.1	3233.2
503	17.624	4.0048	0.1	2712.9
504	17.835	3.875	0.1	2858.3
505	18.	6.	5.e-002	74.599
506	18.	5.875	0.1	357.61
507	18.	5.875	5.e-002	196.15
508	17.859	6.	0.1	347.77
509	3.937e-014	6.	5.e-002	2696.
510	0.28125	6.	0.1	5230.1
511	3.814e-014	5.8125	0.1	6539.7
512	3.814e-014	5.8125	5.e-002	3366.4
513	8.8603	6.	4.9e-002	524.6
514	6.7707	6.	0.1	829.92
515	6.7688	6.	5.e-002	947.03
516	9.7191	6.	0.1	709.93
517	9.6823	4.567	5.e-002	394.5
518	7.553	4.6233	5.e-002	600.68
519	9.6826	4.5606	0.1	878.66
520	7.5422	4.6066	0.1	894.54
521	8.6914	4.0875	0.1	779.46
522	8.823	4.922	7.1965e-002	227.94
523	18.083	2.	0.	3721.4
524	18.	1.875	5.e-002	1130.4
525	18.	1.875	0.	2947.7
526	18.052	2.2295	0.	3242.1
527	17.833	2.2649	0.	3148.2
528	17.783	2.	0.	2966.4
529	18.023	2.1969	5.e-002	693.51
530	17.803	2.052	5.e-002	815.73
531	0.28125	6.	5.e-002	1054.4
532	3.814e-014	5.8125	0.	6482.7
533	0.28125	6.	0.	5088.8
534	18.	5.875	0.	325.47
535	17.859	6.	5.e-002	125.15
536	17.859	6.	0.	344.05
537	6.7709	6.	0.	1537.8
538	9.7361	6.	5.0634e-002	327.41
539	9.7373	6.	0.	1106.3
540	9.7503	4.5642	0.	1007.7
541	7.565	4.6291	0.	1246.2
542	8.8249	4.9218	0.	732.11
543	18.083	4.	0.	3971.
544	18.	4.125	0.	3263.7
545	18.054	3.7815	0.	3787.2
546	17.871	3.8525	0.	3599.
547	17.824	4.	0.	3355.6
548	18.167	4.125	5.e-002	1357.6
549	18.167	4.125	0.	3001.2
550	18.137	3.7815	0.	3484.2
551	18.396	4.0777	0.	2866.3
552	18.308	3.8594	0.	3223.3
553	18.167	5.875	5.e-002	80.411
554	18.167	5.875	0.	180.89
555	18.258	6.	5.e-002	43.911
556	18.258	6.	0.	176.53
557	24.	5.9063	5.e-002	30.268
558	23.909	6.	0.	53.168
559	24.	5.9063	0.	53.318
560	18.167	1.875	0.	2759.6
561	18.135	2.2295	0.	3284.
562	18.428	2.0558	0.	2661.
563	18.106	2.1969	5.e-002	929.45
564	18.357	2.0498	5.e-002	992.95
565	13.5	0.	5.e-002	64.376
566	13.022	9.7228e-031	0.1	2045.7
567	14.063	0.	0.1	2078.6
568	14.063	0.	5.e-002	158.93
569	13.063	0.84722	5.e-002	148.06
570	14.024	0.54749	0.1	2043.
571	13.063	0.84722	0.1	2016.6
572	13.022	9.7228e-031	5.e-002	129.83
573	12.938	0.	0.	1839.5
574	14.063	0.	0.	2083.2
575	14.024	0.54748	0.	2055.4
576	13.063	0.84722	0.	2104.7
577	14.024	0.54749	5.e-002	134.41
578	21.083	0.	5.e-002	40.994
579	20.719	0.	0.	631.66
580	21.448	0.	0.	498.63
581	21.448	0.	5.e-002	78.352
582	20.81	0.30859	0.	641.84
583	21.202	0.37839	0.	557.91
584	21.245	0.12611	2.5e-002	285.69
585	20.719	0.	5.e-002	66.053
586	20.719	0.	0.1	663.63
587	21.448	0.	0.1	509.66
588	20.81	0.30859	5.e-002	61.678
589	21.202	0.37839	5.e-002	33.899
590	20.81	0.30859	0.1	655.49
591	21.203	0.37826	0.1	548.
592	21.245	0.12611	7.5e-002	297.38
593	18.	1.	5.e-002	464.39
594	18.	1.125	0.1	1282.5
595	18.	1.125	5.e-002	356.76
596	18.	0.875	0.1	1011.5
597	18.	0.875	5.e-002	386.5
598	17.773	0.92616	0.1	1074.8
599	18.	1.5	5.e-002	853.87
600	18.	1.375	0.1	1656.7
601	18.	1.625	0.1	2195.3
602	18.	1.375	5.e-002	479.36
603	17.773	1.4756	0.1	1709.4
604	18.167	1.	5.e-002	91.429
605	18.167	1.125	0.1	947.64
606	18.167	0.875	0.1	674.29
607	18.349	1.125	5.e-002	249.14
608	18.349	1.125	0.1	905.09
609	18.395	0.8125	0.1	690.72
610	18.167	1.5	5.e-002	372.19
611	18.167	1.625	0.1	1432.9
612	18.167	1.375	0.1	1118.1
613	18.167	1.625	5.e-002	423.54
614	18.349	1.375	5.e-002	113.16
615	18.574	1.5434	0.1	1090.2
616	18.349	1.375	0.1	1090.2
617	24.	3.	5.e-002	24.365
618	24.	2.625	0.1	243.92
619	24.	3.375	0.1	233.38
620	24.	3.375	5.e-002	36.728
621	23.538	3.2103	5.e-002	34.316
622	23.538	3.2103	0.1	256.09
623	23.225	2.5859	0.1	288.26
624	21.083	6.	5.e-002	10.593
625	21.448	6.	0.1	503.77
626	20.719	6.	0.1	595.
627	21.448	6.	5.e-002	55.641
628	21.409	5.5708	5.e-002	32.491
629	20.881	5.55	0.1	586.21
630	21.409	5.5708	0.1	502.61
631	18.167	5.	5.e-002	228.33
632	18.167	4.875	0.1	896.82
633	18.167	4.875	5.e-002	274.06
634	18.167	5.125	0.1	648.43
635	18.167	5.125	5.e-002	224.59
636	18.389	5.03	5.e-002	183.81
637	18.389	5.03	0.1	752.18
638	18.167	4.5	5.e-002	177.71
639	18.167	4.375	0.1	1949.9
640	18.167	4.625	0.1	1219.2
641	18.167	4.625	5.e-002	324.64
642	18.396	4.3277	5.e-002	299.09
643	18.365	4.5691	5.e-002	221.17
644	18.401	4.3247	0.1	1435.9
645	18.385	4.571	0.1	1216.5
646	18.	5.	5.e-002	206.21
647	18.	4.875	0.1	1179.6
648	18.	5.125	0.1	863.12
649	17.872	4.9276	0.1	1112.9
650	18.	4.5	5.e-002	556.75
651	18.	4.625	0.1	1672.3
652	18.	4.375	0.1	2032.1
653	18.	4.625	5.e-002	653.14
654	17.849	4.6518	5.e-002	268.03
655	17.703	4.5035	0.1	1692.
656	17.872	4.6776	0.1	1626.9
657	13.5	6.	5.e-002	115.34
658	12.938	6.	0.1	1953.1
659	13.781	6.	0.1	2123.6
660	13.4	5.4342	0.1	2035.2
661	15.75	6.	5.e-002	26.137
662	16.031	6.	0.1	1623.4
663	15.469	6.	0.1	1855.3
664	16.031	6.	5.e-002	104.67
665	15.469	6.	5.e-002	81.293
666	15.91	5.5325	5.e-002	38.175
667	15.912	5.5346	0.1	1722.1
668	15.523	5.6933	0.1	1835.
669	18.	1.125	0.	1305.1
670	18.	0.875	0.	1033.9
671	17.773	0.92602	0.	1023.
672	17.773	0.92616	5.e-002	273.28
673	18.	1.625	5.e-002	747.9
674	18.	1.625	0.	2160.3
675	18.	1.375	0.	1770.7
676	17.742	1.5	0.	1816.5
677	17.773	1.4756	5.e-002	538.12
678	12.938	6.	5.e-002	121.61
679	13.781	6.	5.e-002	117.35
680	12.938	6.	0.	1968.2
681	13.781	6.	0.	2098.9
682	13.4	5.4342	0.	2000.1
683	13.4	5.4342	5.e-002	98.618
684	18.	4.875	5.e-002	505.77
685	18.	4.875	0.	1410.9
686	18.	5.125	5.e-002	262.72
687	18.	5.125	0.	985.85
688	17.849	4.9018	0.	1379.4
689	17.872	4.9276	5.e-002	169.94
690	18.	4.375	5.e-002	540.89
691	18.	4.375	0.	2208.8
692	18.	4.625	0.	1893.5
693	17.692	4.4783	0.	1842.1
694	17.849	4.6518	0.	1838.3
695	17.703	4.5035	5.e-002	521.33
696	18.167	4.875	0.	863.43
697	18.167	5.125	0.	623.03
698	18.389	5.03	0.	682.85
699	18.167	4.375	5.e-002	817.32
700	18.167	4.625	0.	1293.3
701	18.167	4.375	0.	1934.9
702	18.396	4.3277	0.	1629.2
703	18.365	4.5691	0.	1315.
704	20.719	6.	5.e-002	45.476
705	21.448	6.	0.	509.15
706	20.719	6.	0.	604.17
707	20.881	5.55	0.	613.87
708	21.409	5.5708	0.	529.49
709	20.881	5.55	5.e-002	32.48
710	24.	2.625	5.e-002	19.418
711	24.	2.625	0.	233.63
712	24.	3.375	0.	238.86
713	23.538	3.2103	0.	261.18
714	23.225	2.5859	0.	283.71
715	18.167	1.125	5.e-002	341.11
716	18.167	1.125	0.	922.42
717	18.167	0.875	5.e-002	219.8
718	18.167	0.875	0.	672.43
719	18.349	1.125	0.	867.81
720	18.395	0.8125	0.	640.
721	18.395	0.8125	5.e-002	164.5
722	18.167	1.375	5.e-002	459.27
723	18.167	1.375	0.	1122.7
724	18.167	1.625	0.	1329.8
725	18.349	1.375	0.	1056.
726	16.031	6.	0.	1698.3
727	15.469	6.	0.	1868.
728	15.91	5.5325	0.	1773.2
729	15.523	5.6931	0.	1867.4
730	15.523	5.6933	5.e-002	41.769
731	4.5	0.	5.e-002	202.57
732	5.625	0.	0.1	1374.2
733	3.9375	0.	0.1	1620.7
734	5.625	0.	5.e-002	127.02
735	4.0264	1.2876	0.1	1641.8
736	4.7671	0.79214	5.e-002	153.01
737	5.5225	0.81829	0.1	1412.6
738	4.8859	0.87547	0.1	1680.9
739	2.332	1.8711e-031	5.e-002	150.76
740	1.7695	1.8711e-031	0.1	2187.3
741	2.8945	1.8711e-031	0.1	1736.5
742	2.7175	4.2126e-031	5.e-002	181.79
743	2.4727	0.5625	5.e-002	57.357
744	2.4727	0.5625	0.1	1776.8
745	3.9375	0.	5.e-002	70.672
746	5.625	0.	0.	1567.8
747	3.7605	2.3415e-031	0.	1684.5
748	3.5343	0.55864	0.	1790.5
749	4.0264	1.2876	5.e-002	121.16
750	4.7671	0.79214	0.	1757.2
751	5.5224	0.81822	5.e-002	268.47
752	1.6875	0.	5.e-002	326.11
753	1.6875	0.	0.	2374.9
754	2.6355	2.3415e-031	0.	1793.
755	2.3906	0.5625	0.	1900.8
756	4.6813	6.	5.e-002	736.66
757	4.0291	6.	0.1	1187.9
758	4.065	4.4548	4.8836e-002	334.27
759	5.4655	4.6607	5.e-002	385.26
760	4.1179	4.2876	0.1	1394.5
761	5.4547	4.6066	0.1	1234.9
762	3.6779	5.4407	0.1	1555.8
763	2.1773	6.	5.e-002	588.7
764	2.7398	6.	0.1	1562.8
765	1.6148	6.	0.1	3032.7
766	1.6148	6.	5.e-002	1060.1
767	2.3765	5.4694	0.1	1935.6
768	1.63	5.5879	0.1	2659.1
769	1.9685e-014	3.	5.e-002	908.76
770	1.7224e-014	2.625	0.1	3212.7
771	2.2146e-014	3.375	0.1	3933.
772	1.7224e-014	2.625	5.e-002	546.45
773	0.6044	2.5503	5.e-002	543.93
774	0.60532	2.5441	0.1	3266.7
775	0.61402	3.3792	0.1	2853.
776	9.8425e-015	1.5	5.e-002	663.13
777	1.2303e-014	1.875	0.1	2856.3
778	7.3819e-015	1.125	0.1	2675.6
779	7.3819e-015	1.125	5.e-002	524.7
780	0.60532	1.7941	0.1	2872.8
781	2.9528e-014	4.5	5.e-002	241.43
782	3.1988e-014	4.875	0.1	4423.2
783	2.7067e-014	4.125	0.1	4342.4
784	2.7067e-014	4.125	5.e-002	967.05
785	0.53309	4.3238	5.e-002	688.18
786	0.61402	4.1292	0.1	3273.6
787	0.57771	4.8379	0.1	3953.7
788	2.2146e-014	3.375	5.e-002	951.71
789	1.7224e-014	2.625	0.	3134.3
790	2.2146e-014	3.375	0.	3134.6
791	0.6044	2.5503	0.	3010.5
792	0.53309	3.5738	0.	3288.1
793	0.61402	3.3792	5.e-002	481.21
794	1.2303e-014	1.875	5.e-002	471.28
795	1.2303e-014	1.875	0.	3195.4
796	7.3819e-015	1.125	0.	3064.2
797	0.6044	1.8003	0.	3049.
798	0.60532	1.7941	5.e-002	333.09
799	3.1988e-014	4.875	5.e-002	2127.4
800	3.1988e-014	4.875	0.	4789.7
801	2.7067e-014	4.125	0.	3896.
802	0.53309	4.3238	0.	4137.4
803	0.57771	4.8379	5.e-002	714.6
804	4.0154	6.	3.7365e-002	300.79
805	3.9149	6.	0.	1641.5
806	4.0325	4.5121	0.	1703.3
807	5.4636	4.6607	0.	1685.
808	3.6053	5.4375	0.	1399.
809	3.6428	5.4786	5.0799e-002	284.79
810	2.8125	6.	5.e-002	359.78
811	2.7002	6.	0.	1661.6
812	1.6875	6.	0.	2736.3
813	2.3906	5.4375	0.	1395.7
814	2.4492	5.4694	5.e-002	214.51
815	1.7027	5.5879	5.e-002	927.55
816	11.421	0.	4.8792e-002	116.87
817	10.552	1.6357e-030	0.1	984.58
818	12.	1.8602e-030	0.1	1703.4
819	10.794	0.	6.3261e-002	519.95
820	11.915	8.8789e-031	5.e-002	191.25
821	10.981	1.567	5.e-002	250.99
822	12.04	0.84722	5.e-002	349.47
823	10.981	1.58	0.1	1389.
824	12.04	0.84722	0.1	1676.
825	15.75	0.	5.e-002	40.581
826	15.188	0.	0.1	1980.4
827	16.031	0.	0.1	1770.4
828	15.188	0.	5.e-002	130.54
829	15.812	0.75695	5.e-002	83.187
830	15.149	0.54748	5.e-002	84.684
831	15.809	0.76104	0.1	1837.8
832	15.149	0.54749	0.1	1944.8
833	16.875	0.	5.e-002	101.93
834	16.594	0.	0.1	1436.2
835	17.156	0.	0.1	1150.7
836	17.156	0.	5.e-002	160.26
837	16.844	0.37283	5.e-002	119.69
838	16.843	0.37543	0.1	1376.9
839	10.76	1.668e-030	0.	892.96
840	11.881	8.8259e-031	0.	1449.8
841	10.958	1.6956	0.	1158.5
842	12.006	0.84722	0.	1717.9
843	16.031	0.	5.e-002	107.32
844	15.188	0.	0.	1928.8
845	16.031	0.	0.	1738.7
846	15.812	0.75695	0.	1800.9
847	15.149	0.54748	0.	1903.9
848	16.594	0.	5.e-002	154.91
849	16.594	0.	0.	1499.3
850	17.156	0.	0.	1170.3
851	16.844	0.37283	0.	1377.1
852	19.625	0.	5.e-002	31.245
853	19.99	0.	0.	759.04
854	19.443	0.	0.	804.28
855	19.99	0.	5.e-002	68.11
856	19.371	0.32924	0.	796.6
857	19.747	0.56706	0.	858.92
858	20.081	0.30859	0.	768.56
859	19.377	0.33544	5.e-002	56.463
860	19.75	0.56474	5.e-002	37.289
861	20.081	0.30859	5.e-002	67.462
862	19.431	0.10103	2.4861e-002	410.46
863	18.896	0.	5.e-002	27.001
864	18.714	0.	0.	513.78
865	19.078	0.	0.	710.89
866	19.078	0.	5.e-002	67.934
867	19.007	0.32924	0.	707.83
868	18.759	0.3125	0.	579.27
869	19.066	0.10103	2.4861e-002	318.97
870	22.542	0.	5.e-002	19.255
871	22.177	0.	0.	358.99
872	22.724	0.	0.	271.5
873	22.177	0.	5.e-002	70.403
874	22.311	0.55677	0.	353.54
875	22.866	0.56742	0.	269.79
876	22.311	0.55679	5.e-002	38.589
877	23.271	0.	5.e-002	27.23
878	23.089	0.	0.	227.2
879	23.453	0.	0.	157.
880	23.089	0.	5.e-002	51.513
881	23.362	0.28125	0.	184.99
882	23.362	0.28125	5.e-002	35.446
883	19.443	0.	5.e-002	43.169
884	19.99	0.	0.1	782.34
885	19.443	0.	0.1	788.12
886	19.377	0.33544	0.1	822.74
887	19.75	0.56474	0.1	842.78
888	20.081	0.30859	0.1	773.52
889	19.431	0.10103	7.4861e-002	419.79
890	18.714	0.	5.e-002	135.89
891	18.714	0.	0.1	500.51
892	19.078	0.	0.1	684.81
893	19.007	0.32924	5.e-002	74.637
894	18.759	0.3125	5.e-002	126.3
895	19.013	0.33544	0.1	723.59
896	18.759	0.3125	0.1	593.37
897	19.066	0.10103	7.4861e-002	318.91
898	22.724	0.	5.e-002	26.789
899	22.177	0.	0.1	360.67
900	22.724	0.	0.1	280.17
901	22.866	0.56742	5.e-002	35.579
902	22.311	0.55679	0.1	330.9
903	22.88	0.62307	0.1	259.74
904	23.453	0.	5.e-002	38.547
905	23.089	0.	0.1	222.2
906	23.453	0.	0.1	142.84
907	23.362	0.28125	0.1	170.93
908	18.	0.375	0.1	526.16
909	18.	0.5	5.e-002	49.705
910	18.	0.375	5.e-002	166.56
911	17.859	0.25	0.1	632.54
912	17.859	0.25	5.e-002	99.031
913	18.	0.625	0.1	752.62
914	18.	0.625	5.e-002	195.26
915	17.773	0.67602	5.e-002	208.15
916	17.773	0.67616	0.1	854.93
917	18.	0.25	5.e-002	232.26
918	17.859	0.125	0.1	540.24
919	17.859	0.125	5.e-002	112.75
920	18.	1.25	5.e-002	111.04
921	17.773	1.3506	0.1	1537.9
922	17.773	1.0512	0.1	1261.
923	18.	1.75	5.e-002	448.91
924	17.783	1.875	5.e-002	533.12
925	17.773	1.6006	0.1	2121.5
926	17.803	1.927	0.1	2350.
927	18.167	0.375	0.1	389.31
928	18.167	0.5	5.e-002	83.896
929	18.167	0.625	0.1	516.45
930	18.395	0.5625	0.1	510.61
931	18.167	0.375	5.e-002	86.113
932	18.167	0.25	5.e-002	52.824
933	18.349	0.125	5.e-002	77.737
934	18.349	0.125	0.1	346.77
935	18.258	0.125	0.1	285.48
936	18.395	0.4375	5.e-002	117.51
937	18.395	0.4375	0.1	458.67
938	18.167	1.75	5.e-002	233.25
939	18.574	1.6684	0.1	1384.1
940	18.357	1.9248	0.1	1940.3
941	18.167	1.25	5.e-002	448.27
942	18.349	1.25	5.e-002	263.38
943	18.349	1.25	0.1	1045.9
944	24.	1.5	5.e-002	42.226
945	24.	1.875	0.1	215.15
946	24.	1.3125	0.1	181.95
947	24.	1.875	5.e-002	38.71
948	23.609	1.3731	0.1	207.02
949	24.	0.75	5.e-002	37.672
950	24.	0.5625	0.1	117.92
951	24.	0.9375	0.1	152.34
952	24.	0.9375	5.e-002	29.657
953	23.727	0.65625	0.1	147.13
954	24.	4.5	5.e-002	6.8388
955	24.	4.125	0.1	208.99
956	24.	4.6875	0.1	184.95
957	24.	4.6875	5.e-002	15.785
958	23.538	3.9603	0.1	231.48
959	23.484	4.7324	0.1	218.01
960	24.	5.25	5.e-002	40.155
961	24.	5.0625	0.1	151.82
962	24.	5.4375	0.1	116.82
963	24.	5.4375	5.e-002	30.672
964	23.727	5.3438	5.e-002	35.116
965	23.727	5.3438	0.1	149.44
966	22.542	6.	5.e-002	12.945
967	22.177	6.	0.1	409.28
968	22.724	6.	0.1	311.15
969	22.177	6.	5.e-002	51.527
970	22.754	5.4824	5.e-002	37.882
971	22.754	5.4824	0.1	299.58
972	22.138	5.5708	0.1	408.01
973	23.271	6.	5.e-002	27.845
974	23.453	6.	0.1	162.28
975	23.089	6.	0.1	231.59
976	23.089	6.	5.e-002	35.291
977	23.362	5.7188	5.e-002	31.82
978	23.362	5.7188	0.1	185.26
979	19.625	6.	5.e-002	31.465
980	19.99	6.	0.1	660.07
981	19.443	6.	0.1	640.79
982	19.99	6.	5.e-002	44.799
983	19.443	6.	5.e-002	38.647
984	19.747	5.6378	5.e-002	30.968
985	19.458	5.7344	0.1	673.49
986	19.747	5.6378	0.1	711.39
987	18.896	6.	5.e-002	54.692
988	19.078	6.	0.1	577.49
989	18.714	6.	0.1	466.44
990	18.714	6.	5.e-002	59.952
991	18.73	5.7869	5.e-002	83.893
992	18.73	5.7869	0.1	467.56
993	19.093	5.7344	0.1	612.41
994	18.167	5.625	0.1	294.82
995	18.167	5.5	5.e-002	129.42
996	18.167	5.375	0.1	437.59
997	18.167	5.375	5.e-002	141.68
998	18.365	5.5369	0.1	371.74
999	18.167	5.625	5.e-002	112.18
1000	18.167	5.75	5.e-002	19.624
1001	18.258	5.875	0.1	190.19
1002	18.258	5.875	5.e-002	60.795
1003	18.365	5.6619	0.1	306.77
1004	18.167	4.25	5.e-002	972.18
1005	18.396	4.2027	5.e-002	572.4
1006	18.401	4.1997	0.1	1923.4
1007	18.167	4.75	5.e-002	168.5
1008	18.365	4.6941	5.e-002	161.43
1009	18.389	4.905	0.1	872.02
1010	18.385	4.696	0.1	976.48
1011	18.	5.625	0.1	604.49
1012	18.	5.5	5.e-002	321.63
1013	18.	5.625	5.e-002	313.3
1014	18.	5.375	0.1	799.92
1015	17.864	5.5947	5.e-002	166.87
1016	17.871	5.5755	0.1	688.25
1017	18.	5.75	5.e-002	87.121
1018	17.859	5.875	0.1	455.79
1019	17.864	5.7197	5.e-002	173.9
1020	17.871	5.7005	0.1	583.64
1021	18.	4.75	5.e-002	812.79
1022	17.872	4.8026	0.1	1316.7
1023	18.	4.25	5.e-002	710.08
1024	17.692	4.3533	5.e-002	359.17
1025	17.824	4.125	5.e-002	330.3
1026	17.703	4.3785	0.1	1886.8
1027	17.624	4.1298	0.1	2004.
1028	11.448	6.	5.e-002	183.34
1029	11.966	6.	0.1	1814.1
1030	11.068	6.	0.1	1350.
1031	11.966	6.	5.e-002	137.21
1032	11.084	6.	5.e-002	319.15
1033	11.701	5.4142	5.e-002	169.74
1034	11.701	5.4142	0.1	1694.6
1035	16.875	6.	5.e-002	53.467
1036	16.594	6.	0.1	1367.3
1037	17.016	6.	0.1	1178.6
1038	17.016	6.	5.e-002	107.12
1039	17.084	5.7032	0.1	1157.5
1040	16.699	5.75	0.1	1345.8
1041	17.438	6.	5.e-002	62.153
1042	17.578	6.	0.1	614.98
1043	17.297	6.	0.1	927.83
1044	17.297	6.	5.e-002	185.59
1045	17.365	5.7032	0.1	915.37
1046	17.589	5.8255	0.1	725.77
1047	14.625	6.	5.e-002	13.627
1048	14.906	6.	0.1	1965.5
1049	14.344	6.	0.1	2097.6
1050	14.906	6.	5.e-002	56.977
1051	14.344	6.	5.e-002	90.077
1052	14.96	5.6931	5.e-002	44.31
1053	14.594	5.4444	0.1	2023.5
1054	14.961	5.6933	0.1	1945.2
1055	18.	0.375	0.	531.45
1056	17.859	0.25	0.	570.97
1057	18.	0.625	0.	761.35
1058	17.773	0.67602	0.	777.48
1059	17.859	0.125	0.	470.2
1060	17.742	1.625	0.	2007.7
1061	17.783	1.875	0.	2093.1
1062	17.773	1.6006	5.e-002	411.07
1063	17.742	1.375	0.	1567.1
1064	17.773	1.051	0.	1205.
1065	17.773	1.3506	5.e-002	350.07
1066	17.773	1.0512	5.e-002	245.35
1067	11.858	6.	0.	1658.4
1068	10.976	6.	0.	1299.1
1069	11.593	5.4142	0.	1539.1
1070	18.	5.625	0.	632.97
1071	18.	5.375	5.e-002	218.41
1072	18.	5.375	0.	821.16
1073	17.632	5.4278	0.	949.53
1074	17.864	5.5947	0.	730.28
1075	17.859	5.875	5.e-002	150.58
1076	17.859	5.875	0.	423.91
1077	17.864	5.7197	0.	532.67
1078	17.692	4.3533	0.	1999.2
1079	17.824	4.125	0.	2239.5
1080	17.849	4.7768	0.	1578.8
1081	17.872	4.8026	5.e-002	370.49
1082	18.167	5.625	0.	292.53
1083	18.167	5.375	0.	427.62
1084	18.365	5.5369	0.	398.95
1085	18.365	5.5369	5.e-002	101.7
1086	18.258	5.875	0.	233.49
1087	18.365	5.6619	0.	357.7
1088	18.365	5.6619	5.e-002	98.381
1089	18.389	4.905	0.	802.95
1090	18.365	4.6941	0.	979.5
1091	18.389	4.905	5.e-002	216.56
1092	18.396	4.2027	0.	1904.8
1093	22.724	6.	5.e-002	53.874
1094	22.177	6.	0.	409.62
1095	22.724	6.	0.	306.91
1096	22.754	5.4824	0.	332.01
1097	22.138	5.5708	0.	430.44
1098	22.138	5.5708	5.e-002	48.727
1099	23.453	6.	5.e-002	31.454
1100	23.453	6.	0.	136.94
1101	23.089	6.	0.	213.64
1102	23.362	5.7188	0.	170.83
1103	19.99	6.	0.	669.17
1104	19.443	6.	0.	660.54
1105	19.458	5.7344	0.	678.3
1106	19.747	5.6378	0.	703.3
1107	19.458	5.7344	5.e-002	45.366
1108	19.078	6.	5.e-002	42.355
1109	19.078	6.	0.	602.36
1110	18.714	6.	0.	510.03
1111	18.73	5.7869	0.	523.64
1112	19.093	5.7344	0.	621.51
1113	19.093	5.7344	5.e-002	51.507
1114	24.	1.3125	5.e-002	25.416
1115	24.	1.875	0.	205.83
1116	24.	1.3125	0.	178.65
1117	23.595	1.3174	0.	218.7
1118	23.609	1.3731	5.e-002	30.088
1119	24.	0.5625	5.e-002	28.992
1120	24.	0.5625	0.	115.56
1121	24.	0.9375	0.	148.89
1122	23.727	0.65625	0.	149.95
1123	23.727	0.65625	5.e-002	32.839
1124	24.	4.125	5.e-002	23.509
1125	24.	4.125	0.	216.32
1126	24.	4.6875	0.	191.78
1127	23.538	3.9603	0.	239.11
1128	23.484	4.7324	0.	248.93
1129	23.538	3.9603	5.e-002	36.543
1130	23.484	4.7324	5.e-002	30.585
1131	24.	5.0625	5.e-002	33.615
1132	24.	5.0625	0.	160.29
1133	24.	5.4375	0.	120.75
1134	23.727	5.3438	0.	149.95
1135	18.167	0.375	0.	361.05
1136	18.167	0.625	5.e-002	165.03
1137	18.167	0.625	0.	523.07
1138	18.395	0.5625	0.	500.47
1139	18.395	0.5625	5.e-002	114.09
1140	18.349	0.125	0.	323.45
1141	18.258	0.125	0.	228.
1142	18.258	0.125	5.e-002	65.743
1143	18.395	0.4375	0.	398.47
1144	18.349	1.25	0.	995.1
1145	18.428	1.9308	0.	1482.5
1146	18.349	1.5	0.	1345.1
1147	18.574	1.6684	5.e-002	443.2
1148	18.357	1.9248	5.e-002	416.79
1149	16.594	6.	5.e-002	89.09
1150	16.594	6.	0.	1446.6
1151	17.016	6.	0.	1211.8
1152	17.07	5.6778	0.	1202.4
1153	16.699	5.75	0.	1375.
1154	17.084	5.7032	5.e-002	188.69
1155	16.699	5.75	5.e-002	61.743
1156	17.578	6.	5.e-002	127.02
1157	17.578	6.	0.	579.68
1158	17.297	6.	0.	905.49
1159	17.351	5.6778	0.	914.67
1160	17.583	5.8447	0.	671.49
1161	17.365	5.7032	5.e-002	190.49
1162	17.589	5.8255	5.e-002	104.85
1163	14.906	6.	0.	1969.8
1164	14.344	6.	0.	2087.8
1165	14.594	5.4444	0.	2033.7
1166	14.96	5.6931	0.	1969.6
1167	14.594	5.4444	5.e-002	71.991
1168	6.75	0.	5.e-002	138.61
1169	7.6412	1.0963	0.1	1182.4
1170	6.6244	0.83036	0.1	1259.1
1171	0.84375	0.	0.1	2934.1
1172	1.125	0.	5.e-002	253.5
1173	0.5625	0.375	0.1	2534.3
1174	0.5625	0.375	5.e-002	272.99
1175	1.8281	0.5625	5.e-002	441.99
1176	1.1678	1.0441	0.1	2832.5
1177	1.8281	0.5625	0.1	2213.5
1178	0.84375	0.	5.e-002	371.28
1179	0.5625	0.	5.e-002	425.03
1180	0.28125	0.375	0.1	2859.5
1181	0.28125	0.1875	0.1	2658.1
1182	0.28125	0.375	5.e-002	284.59
1183	0.28125	0.1875	5.e-002	479.08
1184	3.198	2.3415e-031	5.e-002	198.21
1185	2.9531	0.5625	5.e-002	111.87
1186	3.4639	1.2876	0.1	1731.9
1187	2.9531	0.5625	0.1	1758.8
1188	6.4989	1.6607	0.	1387.
1189	7.8047	1.125	0.	880.66
1190	7.6412	1.0963	5.e-002	156.46
1191	5.8921	0.79214	0.	1537.1
1192	6.6244	0.83036	5.e-002	232.45
1193	0.84375	0.	0.	3100.6
1194	0.5625	0.375	0.	2843.
1195	1.1669	1.0503	0.	2875.
1196	1.8281	0.5625	0.	2265.9
1197	1.1678	1.0441	5.e-002	441.66
1198	0.28125	0.375	0.	3219.3
1199	0.28125	0.1875	0.	2942.3
1200	2.7761	0.5625	0.	1683.4
1201	3.2627	6.	5.e-002	711.81
1202	3.0117	5.4694	0.1	1820.
1203	0.84375	6.	0.1	4765.2
1204	1.125	6.	5.e-002	497.31
1205	1.1402	5.5879	0.1	3912.4
1206	0.28125	5.8125	0.1	5298.8
1207	0.28125	5.625	5.e-002	560.98
1208	0.28125	5.8125	5.e-002	1125.6
1209	0.84375	6.	5.e-002	986.47
1210	0.5625	6.	5.e-002	1123.6
1211	0.85896	5.5879	0.1	4360.4
1212	1.4764e-014	2.25	5.e-002	396.95
1213	0.60532	2.1691	0.1	2902.3
1214	3.6909e-015	0.5625	0.1	2316.3
1215	4.9213e-015	0.75	5.e-002	390.1
1216	3.6909e-015	0.5625	5.e-002	214.51
1217	0.60532	1.4191	0.1	2744.9
1218	2.4606e-015	0.375	5.e-002	252.11
1219	3.5679e-014	5.4375	0.1	6072.1
1220	3.4449e-014	5.25	5.e-002	2533.5
1221	0.57771	5.2129	0.1	3921.
1222	3.5679e-014	5.4375	5.e-002	3503.8
1223	3.6909e-014	5.625	5.e-002	4160.5
1224	0.57771	5.4004	0.1	4555.2
1225	2.4606e-014	3.75	5.e-002	824.01
1226	0.53309	3.9488	5.e-002	662.35
1227	0.61402	3.7542	0.1	3225.9
1228	0.6044	2.1753	0.	3072.1
1229	0.60532	2.1691	5.e-002	418.73
1230	3.6909e-015	0.5625	0.	2697.
1231	0.6044	1.4253	0.	2976.8
1232	0.60532	1.4191	5.e-002	238.63
1233	3.5679e-014	5.4375	0.	5636.5
1234	0.5625	5.625	0.	4112.6
1235	0.28125	5.625	0.	4179.6
1236	0.53309	4.6988	0.	4045.5
1237	0.57771	5.2129	5.e-002	819.88
1238	0.28125	5.8125	0.	4933.5
1239	0.53309	3.9488	0.	3286.8
1240	2.8408	5.4375	0.	1291.7
1241	2.8993	5.4694	5.e-002	587.06
1242	0.84375	6.	0.	3604.
1243	1.0956	5.0738	0.	3536.7
1244	1.8281	5.4375	0.	2206.1
1245	1.1402	5.5879	5.e-002	316.32
1246	9.8904	0.	5.4953e-002	203.61
1247	10.077	1.567	5.e-002	284.22
1248	9.2536	1.125	5.e-002	182.15
1249	10.077	1.5789	0.1	965.33
1250	9.0612	1.0288	0.1	854.74
1251	12.46	9.7228e-031	5.e-002	346.14
1252	12.585	0.84722	5.e-002	101.18
1253	12.585	0.84722	0.1	1965.6
1254	14.625	0.	5.e-002	112.08
1255	14.587	0.54749	0.1	2026.2
1256	16.313	0.	5.e-002	19.733
1257	16.562	0.37283	5.e-002	163.94
1258	16.093	0.75695	5.e-002	81.756
1259	16.562	0.37543	0.1	1580.4
1260	16.091	0.76104	0.1	1708.2
1261	17.578	0.	0.1	850.53
1262	17.438	0.	5.e-002	62.816
1263	17.125	0.37283	5.e-002	183.4
1264	17.491	0.42602	5.e-002	202.36
1265	17.124	0.37543	0.1	1293.6
1266	17.491	0.42616	0.1	1058.9
1267	17.578	0.	5.e-002	224.42
1268	17.719	0.	5.e-002	84.362
1269	17.632	0.42602	5.e-002	167.56
1270	17.632	0.42616	0.1	870.88
1271	10.292	1.5591	0.	693.31
1272	9.4962	1.125	0.	443.98
1273	12.5	0.84722	0.	1793.3
1274	14.587	0.54748	0.	2001.8
1275	14.587	0.54749	5.e-002	115.17
1276	16.562	0.37283	0.	1519.3
1277	16.093	0.75695	0.	1706.6
1278	17.578	0.	0.	751.59
1279	17.125	0.37283	0.	1197.9
1280	17.491	0.42602	0.	962.58
1281	17.632	0.42602	0.	747.48
1282	20.354	0.	5.e-002	60.029
1283	20.445	0.30859	0.	705.31
1284	18.44	0.	0.	309.03
1285	18.531	0.	5.e-002	39.835
1286	18.44	0.	5.e-002	79.777
1287	18.577	0.3125	0.	472.5
1288	18.577	0.3125	5.e-002	110.98
1289	18.349	0.	5.e-002	77.652
1290	19.26	0.	5.e-002	43.497
1291	19.189	0.32924	0.	778.73
1292	19.249	0.10103	2.4861e-002	392.31
1293	21.813	0.	5.e-002	48.657
1294	21.946	0.55677	0.	421.71
1295	21.566	0.37839	0.	488.58
1296	21.947	0.55679	5.e-002	56.929
1297	21.568	0.37826	5.e-002	48.333
1298	21.609	0.12611	2.5e-002	217.21
1299	22.906	0.	5.e-002	23.423
1300	23.18	0.28125	0.	208.7
1301	23.048	0.56742	0.	248.36
1302	23.18	0.28125	5.e-002	50.446
1303	23.727	0.	0.	95.427
1304	23.635	0.	5.e-002	10.557
1305	23.818	0.1875	5.e-002	18.918
1306	23.818	9.375e-002	5.e-002	27.594
1307	23.818	0.1875	0.	104.02
1308	23.818	9.375e-002	0.	80.163
1309	23.544	0.28125	0.	139.63
1310	23.544	0.28125	5.e-002	28.263
1311	23.727	0.	5.e-002	25.696
1312	23.818	0.	5.e-002	29.439
1313	23.909	9.375e-002	5.e-002	23.186
1314	23.909	9.375e-002	0.	63.801
1315	23.878	3.125e-002	2.5001e-002	42.499
1316	20.445	0.30859	5.e-002	37.565
1317	20.445	0.30859	0.1	719.48
1318	18.44	0.	0.1	310.38
1319	18.577	0.3125	0.1	475.62
1320	19.195	0.33544	0.1	776.2
1321	19.249	0.10103	7.4861e-002	371.84
1322	21.947	0.55679	0.1	391.21
1323	21.568	0.37826	0.1	459.16
1324	21.609	0.12611	7.5e-002	209.93
1325	23.048	0.56742	5.e-002	36.382
1326	23.18	0.28125	0.1	211.16
1327	23.062	0.62307	0.1	240.05
1328	23.727	0.	0.1	85.809
1329	23.818	0.1875	0.1	100.13
1330	23.818	9.375e-002	0.1	86.272
1331	23.544	0.28125	0.1	132.73
1332	23.909	9.375e-002	0.1	66.167
1333	23.878	3.125e-002	7.5001e-002	41.896
1334	18.	0.75	5.e-002	233.6
1335	17.773	0.80116	0.1	969.39
1336	18.167	0.75	5.e-002	216.55
1337	18.395	0.6875	0.1	559.66
1338	24.	2.25	5.e-002	16.109
1339	23.538	2.8353	5.e-002	31.215
1340	23.225	2.2109	5.e-002	55.284
1341	23.609	1.7481	0.1	230.98
1342	23.225	2.2109	0.1	283.5
1343	24.	0.28125	0.1	84.754
1344	24.	0.375	5.e-002	9.4251
1345	23.727	0.46875	0.1	130.36
1346	24.	0.28125	5.e-002	18.982
1347	24.	0.1875	5.e-002	25.464
1348	23.97	0.125	7.5001e-002	42.198
1349	24.	1.125	5.e-002	19.746
1350	23.727	0.84375	0.1	162.71
1351	23.609	1.1856	0.1	193.72
1352	24.	3.75	5.e-002	44.419
1353	23.538	3.5853	0.1	238.38
1354	24.	4.875	5.e-002	18.216
1355	23.727	5.1563	5.e-002	23.523
1356	23.727	5.1563	0.1	166.86
1357	23.484	4.9199	0.1	200.82
1358	24.	5.7188	0.1	84.111
1359	23.818	5.8125	0.1	109.93
1360	23.818	5.8125	5.e-002	13.89
1361	24.	5.625	5.e-002	13.334
1362	24.	5.7188	5.e-002	22.365
1363	23.727	5.5313	5.e-002	35.222
1364	23.727	5.5313	0.1	134.11
1365	23.818	5.9063	0.1	94.52
1366	23.909	5.9063	0.1	70.452
1367	23.818	5.9063	5.e-002	22.325
1368	23.909	5.9063	5.e-002	17.791
1369	24.	5.8125	5.e-002	24.102
1370	21.813	6.	5.e-002	43.857
1371	21.774	5.5708	0.1	452.95
1372	23.727	6.	0.1	98.298
1373	23.635	6.	5.e-002	13.502
1374	23.544	5.7188	5.e-002	25.939
1375	23.544	5.7188	0.1	144.79
1376	23.727	6.	5.e-002	21.563
1377	23.818	6.	5.e-002	26.85
1378	22.906	6.	5.e-002	24.662
1379	23.18	5.7188	5.e-002	49.913
1380	22.937	5.4824	5.e-002	32.981
1381	23.18	5.7188	0.1	213.34
1382	22.937	5.4824	0.1	248.01
1383	20.354	6.	5.e-002	27.366
1384	20.517	5.55	5.e-002	31.03
1385	20.112	5.6378	5.e-002	49.384
1386	20.517	5.55	0.1	627.79
1387	20.112	5.6378	0.1	688.76
1388	19.26	6.	5.e-002	17.433
1389	19.276	5.7344	0.1	632.58
1390	18.44	6.	0.1	274.14
1391	18.531	6.	5.e-002	53.686
1392	18.44	6.	5.e-002	91.126
1393	18.548	5.7869	0.1	383.34
1394	18.349	6.	5.e-002	26.947
1395	18.456	5.7869	0.1	291.43
1396	18.167	5.25	5.e-002	37.429
1397	18.389	5.155	5.e-002	156.59
1398	18.389	5.155	0.1	644.39
1399	18.365	5.4119	0.1	462.96
1400	18.	5.25	5.e-002	165.4
1401	17.632	5.3028	5.e-002	257.24
1402	17.864	5.4697	5.e-002	89.541
1403	17.646	5.3282	0.1	931.17
1404	17.872	5.0526	0.1	1092.3
1405	17.871	5.4505	0.1	770.55
1406	12.375	6.	5.e-002	34.613
1407	12.837	5.4342	5.e-002	72.671
1408	12.11	5.4142	5.e-002	113.13
1409	12.837	5.4342	0.1	1937.7
1410	12.11	5.4142	0.1	1737.
1411	10.596	6.	5.e-002	200.27
1412	10.568	4.5813	4.6404e-002	184.57
1413	11.213	5.4142	5.e-002	384.53
1414	10.544	4.5789	0.1	1126.7
1415	11.213	5.4142	0.1	1265.
1416	16.313	6.	5.e-002	64.344
1417	16.418	5.75	5.e-002	54.822
1418	16.193	5.5346	0.1	1565.6
1419	16.418	5.75	0.1	1444.
1420	17.719	6.	5.e-002	19.175
1421	17.724	5.8447	5.e-002	161.5
1422	17.73	5.8255	0.1	581.19
1423	17.156	6.	5.e-002	61.607
1424	17.224	5.7032	0.1	1076.4
1425	15.188	6.	5.e-002	35.628
1426	15.242	5.6933	0.1	1909.8
1427	14.063	6.	5.e-002	31.052
1428	14.312	5.4444	0.1	2122.
1429	13.681	5.4342	0.1	2107.8
1430	17.773	0.80102	0.	911.39
1431	17.773	0.80116	5.e-002	211.28
1432	12.837	5.4342	0.	1926.5
1433	12.11	5.4142	0.	1776.6
1434	10.569	4.5721	0.	1056.5
1435	11.229	5.4142	0.	1408.8
1436	17.632	5.3028	0.	965.61
1437	17.849	5.0268	0.	1240.3
1438	17.872	5.0526	5.e-002	284.05
1439	18.389	5.155	0.	572.05
1440	18.365	5.4119	0.	465.3
1441	18.365	5.4119	5.e-002	116.36
1442	21.774	5.5708	0.	476.52
1443	21.774	5.5708	5.e-002	25.291
1444	23.727	6.	0.	85.072
1445	23.818	5.8125	0.	97.952
1446	23.818	5.9063	0.	81.304
1447	23.544	5.7188	0.	132.33
1448	23.909	5.9063	0.	68.515
1449	23.18	5.7188	0.	207.54
1450	22.937	5.4824	0.	275.72
1451	20.517	5.55	0.	656.28
1452	20.112	5.6378	0.	681.25
1453	19.276	5.7344	0.	648.68
1454	19.276	5.7344	5.e-002	34.109
1455	18.44	6.	0.	336.09
1456	18.548	5.7869	0.	466.13
1457	18.548	5.7869	5.e-002	104.28
1458	18.456	5.7869	0.	355.01
1459	18.456	5.7869	5.e-002	95.355
1460	23.595	1.6924	0.	233.02
1461	23.225	2.2109	0.	270.31
1462	23.609	1.7481	5.e-002	13.261
1463	24.	0.28125	0.	75.034
1464	23.727	0.46875	0.	133.99
1465	23.727	0.46875	5.e-002	33.682
1466	23.97	0.125	2.5001e-002	33.549
1467	23.727	0.84375	0.	165.92
1468	23.595	1.1299	0.	205.16
1469	23.727	0.84375	5.e-002	18.966
1470	23.609	1.1856	5.e-002	33.304
1471	23.538	3.5853	0.	251.9
1472	23.538	3.5853	5.e-002	38.474
1473	23.727	5.1563	0.	173.78
1474	23.484	4.9199	0.	238.82
1475	23.484	4.9199	5.e-002	37.146
1476	24.	5.7188	0.	84.762
1477	23.727	5.5313	0.	133.22
1478	18.395	0.6875	0.	546.47
1479	18.395	0.6875	5.e-002	138.81
1480	16.192	5.5325	0.	1657.3
1481	16.418	5.75	0.	1509.1
1482	16.193	5.5346	5.e-002	53.854
1483	17.724	5.8447	0.	563.72
1484	17.211	5.6778	0.	1117.3
1485	17.224	5.7032	5.e-002	102.31
1486	15.242	5.6931	0.	1920.6
1487	15.242	5.6933	5.e-002	28.711
1488	14.312	5.4444	0.	2103.7
1489	13.681	5.4342	0.	2057.5
1490	14.312	5.4444	5.e-002	65.637
1491	13.681	5.4342	5.e-002	86.413
1492	16.965	4.3352	0.	1697.7
1493	16.908	4.041	0.	1810.9
1494	16.308	4.6394	0.	1716.
1495	16.698	3.8234	0.	1768.1
1496	16.652	4.5348	0.	1606.8
1497	16.048	4.324	0.	1781.6
1498	16.181	3.833	0.	1761.6
1499	16.553	4.2246	5.e-002	71.342
1500	16.897	4.1118	5.e-002	231.6
1501	16.745	3.8569	5.e-002	94.225
1502	16.05	4.3258	5.e-002	106.5
1503	16.192	3.8844	5.e-002	131.54
1504	19.355	1.7932	0.	966.61
1505	20.369	1.9053	0.	833.89
1506	19.783	1.611	0.	941.37
1507	19.194	2.0997	0.	1159.9
1508	20.109	2.4044	0.	897.52
1509	19.399	2.3577	0.	1216.2
1510	19.73	2.4427	0.	972.53
1511	19.773	2.0679	5.e-002	88.587
1512	19.404	2.2106	5.e-002	120.42
1513	19.34	1.8373	5.e-002	170.24
1514	19.786	1.6086	5.e-002	85.044
1515	19.633	2.4327	5.e-002	89.442
1516	18.303	2.8359	0.	2273.9
1517	18.095	3.2815	0.	2794.3
1518	18.093	2.7295	0.	2590.2
1519	17.874	2.7649	0.	2443.2
1520	18.246	3.1094	0.	2437.9
1521	17.887	3.	0.	2504.
1522	18.083	3.	5.e-002	52.635
1523	17.845	3.1284	5.e-002	113.58
1524	17.846	2.862	5.e-002	87.399
1525	21.902	3.5639	0.	451.98
1526	21.373	2.3776	0.	592.81
1527	21.358	3.4625	0.	565.68
1528	21.113	2.8768	0.	655.08
1529	22.39	3.2266	0.	388.2
1530	22.078	2.6022	0.	414.63
1531	21.705	3.034	5.e-002	21.82
1532	21.381	2.3795	5.e-002	38.797
1533	21.118	2.926	5.e-002	128.78
1534	22.078	2.6022	5.e-002	94.95
1535	19.686	3.6563	0.	1003.6
1536	19.644	3.328	0.	1097.7
1537	20.5	3.665	0.	773.25
1538	20.255	3.0793	0.	861.83
1539	20.006	3.8983	0.	858.71
1540	19.876	3.1175	0.	937.81
1541	19.99	3.4375	5.e-002	36.354
1542	19.686	3.6563	5.e-002	111.8
1543	20.5	3.665	5.e-002	127.69
1544	20.26	3.1285	5.e-002	93.95
1545	20.006	3.8983	5.e-002	67.394
1546	19.64	3.3497	5.e-002	139.17
1547	17.481	2.7649	0.	2147.
1548	16.833	2.8062	0.	1837.
1549	17.074	3.2165	0.	1863.6
1550	17.493	3.	0.	2203.1
1551	17.375	3.2	0.	1870.4
1552	17.238	2.7099	0.	1873.4
1553	16.853	2.84	5.e-002	75.487
1554	17.452	3.1284	5.e-002	260.58
1555	17.453	2.862	5.e-002	285.14
1556	17.121	3.25	5.e-002	100.87
1557	17.215	2.75	5.e-002	85.289
1558	17.201	1.6641	0.	1707.4
1559	16.865	1.287	0.	1538.3
1560	16.395	1.6711	0.	1719.2
1561	16.643	2.2203	0.	1724.3
1562	17.242	1.9141	0.	1857.4
1563	17.049	2.124	0.	1766.8
1564	16.912	1.8511	5.e-002	85.245
1565	17.232	1.6397	5.e-002	367.5
1566	16.864	1.2896	5.e-002	88.948
1567	16.393	1.6752	5.e-002	145.61
1568	19.312	4.3004	0.	976.46
1569	19.103	3.7024	0.	1411.7
1570	19.341	3.5467	0.	1179.7
1571	19.004	4.0152	0.	1355.9
1572	19.703	4.1171	0.	944.82
1573	19.382	3.875	5.e-002	20.599
1574	19.312	4.3004	5.e-002	118.62
1575	19.116	3.6904	5.e-002	195.01
1576	19.008	4.0122	5.e-002	305.84
1577	19.703	4.1171	5.e-002	158.78
1578	19.336	3.5684	5.e-002	103.1
1579	13.897	3.6119	0.	1968.8
1580	14.741	4.3619	0.	2021.7
1581	14.782	3.2372	0.	1969.4
1582	15.235	4.1345	0.	1930.8
1583	15.367	3.6436	0.	1914.
1584	14.92	3.8353	5.e-002	14.485
1585	14.741	4.3619	5.e-002	69.405
1586	18.312	2.5654	0.	2378.8
1587	18.606	2.3917	0.	1687.8
1588	18.811	2.6496	0.	1742.8
1589	18.465	2.9452	0.	2218.1
1590	18.666	2.8614	0.	1863.7
1591	18.303	2.8359	5.e-002	241.19
1592	18.524	2.6519	5.e-002	197.66
1593	18.722	2.7786	5.e-002	300.78
1594	18.496	2.9399	5.e-002	232.82
1595	18.934	4.4406	0.	1283.4
1596	18.927	4.8929	0.	751.37
1597	19.633	4.5425	0.	823.83
1598	18.903	4.682	0.	918.53
1599	19.267	5.0973	0.	769.02
1600	19.556	5.0007	0.	787.72
1601	19.243	4.7258	5.e-002	63.917
1602	18.939	4.4376	5.e-002	346.63
1603	18.927	4.8929	5.e-002	200.03
1604	18.923	4.6839	5.e-002	184.31
1605	19.267	5.0973	5.e-002	108.55
1606	19.556	5.0007	5.e-002	124.
1607	11.691	3.2614	0.	1443.6
1608	11.566	2.4142	0.	1511.3
1609	11.176	3.9812	0.	1293.6
1610	9.6829	2.692	0.	683.73
1611	10.507	3.1459	4.8974e-002	239.89
1612	11.176	3.9812	5.e-002	356.96
1613	9.5006	2.6524	5.2745e-002	156.13
1614	9.6316	3.5037	0.	703.95
1615	21.555	3.9939	0.	511.5
1616	22.588	3.758	0.	336.63
1617	22.533	4.5301	0.	350.07
1618	21.917	4.6184	0.	447.64
1619	21.902	3.5654	5.e-002	38.581
1620	22.1	4.0954	5.e-002	18.074
1621	22.588	3.758	5.e-002	76.881
1622	2.2972	2.5624	0.	2261.4
1623	2.2259	3.5859	0.	2515.7
1624	4.8382	3.1381	0.	1462.6
1625	2.9584	3.9496	0.	1229.5
1626	2.9584	2.0746	0.	1649.3
1627	3.4691	2.7997	5.e-002	248.63
1628	2.3068	3.3913	5.e-002	652.17
1629	3.0041	3.9871	4.4522e-002	420.41
1630	4.2099	2.3042	0.	1617.9
1631	19.065	1.0786	0.	863.68
1632	19.44	1.3164	0.	921.98
1633	18.851	1.8051	0.	1152.
1634	18.772	1.3743	0.	961.53
1635	18.997	1.5427	5.e-002	111.67
1636	19.071	1.0848	5.e-002	84.936
1637	19.443	1.3141	5.e-002	92.542
1638	19.062	3.3742	0.	1492.8
1639	18.725	3.8427	0.	1669.4
1640	18.637	3.6243	0.	2057.5
1641	18.616	3.3743	0.	2048.1
1642	18.817	3.2904	0.	1699.6
1643	18.837	3.5179	5.e-002	148.97
1644	18.729	3.8396	5.e-002	270.79
1645	18.624	3.6081	5.e-002	326.44
1646	18.647	3.369	5.e-002	266.87
1647	17.324	4.9061	0.	1434.5
1648	17.327	4.1623	0.	1823.4
1649	17.072	4.6561	0.	1626.6
1650	17.541	4.6301	0.	1655.9
1651	17.516	4.2283	0.	1963.5
1652	16.972	4.3459	5.e-002	229.95
1653	17.395	4.4818	5.e-002	149.3
1654	17.316	4.2331	5.e-002	163.31
1655	21.56	1.4181	0.	546.45
1656	22.635	1.1242	0.	330.34
1657	22.265	1.6427	0.	370.83
1658	21.7	0.93516	0.	481.39
1659	22.08	1.1136	5.e-002	31.785
1660	21.569	1.42	5.e-002	88.814
1661	21.701	0.93503	5.e-002	48.081
1662	17.012	5.1057	0.	1313.2
1663	17.482	5.0797	0.	1368.6
1664	17.497	5.5225	0.	892.29
1665	16.894	5.4278	0.	1266.6
1666	17.335	4.9314	5.e-002	226.75
1667	17.279	5.381	5.e-002	91.18
1668	17.018	5.1496	5.e-002	260.25
1669	17.505	5.1054	5.e-002	336.56
1670	17.924	3.634	0.	2858.6
1671	18.278	3.6408	0.	2703.7
1672	18.258	3.3908	0.	2747.
1673	17.899	3.2815	0.	2806.1
1674	18.095	3.2815	5.e-002	347.63
1675	18.085	3.5627	5.e-002	166.58
1676	17.857	3.4098	5.e-002	419.02
1677	18.266	3.6246	5.e-002	500.16
1678	17.884	2.4945	0.	2533.6
1679	18.397	2.2853	0.	2004.4
1680	18.093	2.7295	5.e-002	199.72
1681	18.074	2.4264	5.e-002	324.35
1682	18.314	2.5456	5.e-002	350.04
1683	18.325	2.2794	5.e-002	719.72
1684	17.856	2.5915	5.e-002	246.53
1685	20.455	1.4284	0.	785.41
1686	20.781	2.2219	0.	741.66
1687	21.746	1.9473	0.	501.09
1688	20.789	1.17	0.	696.78
1689	21.18	1.2398	0.	613.6
1690	20.445	1.8854	5.e-002	93.609
1691	21.05	1.7246	5.e-002	50.843
1692	20.458	1.4261	5.e-002	95.347
1693	20.789	1.17	5.e-002	37.276
1694	13.719	4.1389	0.	1995.
1695	12.75	2.5417	0.	2007.2
1696	13.76	3.0142	0.	1946.
1697	13.087	4.1287	0.	1949.5
1698	12.36	4.1087	0.	1797.2
1699	13.898	3.6123	5.e-002	53.92
1700	11.691	3.2733	5.e-002	303.26
1701	12.875	3.3889	5.e-002	57.488
1702	13.719	4.1389	5.e-002	122.27
1703	13.759	3.0147	5.e-002	35.873
1704	13.087	4.1287	5.e-002	103.
1705	12.36	4.1087	5.e-002	202.03
1706	20.845	4.4962	0.	644.34
1707	20.351	4.7296	0.	731.81
1708	21.207	5.1208	0.	581.05
1709	20.274	5.1878	0.	689.53
1710	20.679	5.1	5.e-002	29.921
1711	20.351	4.7296	5.e-002	70.24
1712	20.274	5.1878	5.e-002	52.011
1713	17.506	3.7865	0.	2292.9
1714	17.06	3.6505	0.	1873.5
1715	17.362	3.634	0.	1885.6
1716	17.46	3.934	0.	2038.5
1717	17.259	3.9388	5.e-002	164.02
1718	17.47	3.809	5.e-002	211.28
1719	17.108	3.684	5.e-002	188.54
1720	17.616	2.2649	0.	2208.8
1721	17.678	2.7649	0.	2454.8
1722	17.422	2.4748	0.	2135.7
1723	17.855	2.4618	5.e-002	500.61
1724	17.636	2.3169	5.e-002	244.83
1725	17.637	2.6269	5.e-002	155.45
1726	17.399	2.5149	5.e-002	305.47
1727	16.415	4.9604	0.	1623.8
1728	15.81	4.7496	0.	1798.1
1729	15.683	5.2255	0.	1825.8
1730	16.297	5.2825	0.	1582.9
1731	16.315	4.6501	5.e-002	63.861
1732	16.072	5.0671	5.e-002	51.888
1733	16.421	5.0043	5.e-002	164.92
1734	15.812	4.7513	5.e-002	90.076
1735	15.683	5.2258	5.e-002	90.583
1736	19.493	0.8963	0.	831.24
1737	18.824	0.95424	0.	883.3
1738	18.87	0.64174	0.	648.78
1739	19.123	0.66468	5.e-002	27.164
1740	18.87	0.64174	5.e-002	185.49
1741	19.177	0.43027	2.4861e-002	387.34
1742	23.21	5.2012	0.	233.97
1743	23.453	5.4375	5.e-002	4.7768
1744	23.21	5.2012	5.e-002	36.119
1745	23.322	0.84867	0.	208.68
1746	23.453	0.5625	5.e-002	3.3188
1747	17.148	1.1228	0.	1579.2
1748	17.525	1.75	0.	1901.6
1749	17.515	1.176	0.	1363.
1750	17.515	1.4756	5.e-002	241.97
1751	16.343	1.1298	0.	1578.4
1752	17.179	0.79885	0.	1150.6
1753	17.179	1.0984	5.e-002	318.23
1754	16.811	0.74826	5.e-002	75.908
1755	17.179	0.79899	5.e-002	366.91
1756	19.2	2.923	0.	1347.5
1757	19.531	3.008	0.	1111.2
1758	19.054	3.1347	0.	1479.
1759	19.074	3.3622	5.e-002	150.67
1760	19.111	3.0519	5.e-002	164.58
1761	19.434	2.998	5.e-002	107.18
1762	19.295	3.2402	5.e-002	68.158
1763	18.537	3.9371	0.	2006.5
1764	18.594	4.3968	0.	1376.
1765	18.63	4.1524	5.e-002	331.17
1766	18.614	4.3987	5.e-002	374.35
1767	20.202	0.87565	0.	805.27
1768	19.499	0.9025	5.e-002	86.698
1769	19.872	1.1318	5.e-002	35.8
1770	15.211	1.3044	0.	1871.
1771	16.121	2.0631	0.	1777.4
1772	15.259	2.0767	0.	1853.4
1773	16.342	1.1324	5.e-002	167.1
1774	15.871	1.518	5.e-002	28.466
1775	15.211	1.3044	5.e-002	157.05
1776	13.931	4.8787	0.	2004.8
1777	15.056	4.6615	0.	1960.
1778	14.929	5.1375	0.	1984.5
1779	14.563	4.8889	5.e-002	19.145
1780	13.587	1.3947	0.	2020.3
1781	14.597	1.8672	0.	1959.3
1782	14.548	1.095	5.e-002	48.874
1783	18.896	2.3696	0.	1382.3
1784	18.611	1.6808	0.	1171.3
1785	18.901	2.2225	5.e-002	183.49
1786	18.836	1.8492	5.e-002	148.83
1787	18.608	2.3719	5.e-002	419.63
1788	18.619	2.1056	5.e-002	493.41
1789	20.766	3.3067	0.	714.57
1790	20.517	4.1258	0.	709.43
1791	21.373	4.517	0.	561.06
1792	21.358	3.4639	5.e-002	78.491
1793	21.555	3.9939	5.e-002	100.3
1794	20.845	4.4962	5.e-002	29.97
1795	21.01	3.8924	5.e-002	25.705
1796	20.77	3.356	5.e-002	71.693
1797	20.517	4.1258	5.e-002	99.493
1798	21.373	4.517	5.e-002	90.687
1799	1.1375	3.1241	0.	3263.5
1800	1.87	1.6128	0.	2396.7
1801	2.3807	2.3379	5.e-002	693.47
1802	1.2097	2.0944	5.e-002	342.42
1803	1.2184	2.9296	5.e-002	720.27
1804	1.7987	4.5113	0.	2222.5
1805	1.1471	3.953	5.e-002	780.81
1806	1.8573	4.5432	5.e-002	750.75
1807	1.1108	4.6617	5.e-002	591.03
1808	20.142	2.7593	0.	881.61
1809	20.185	2.3845	5.e-002	68.221
1810	20.79	2.2237	5.e-002	121.71
1811	20.526	2.7703	5.e-002	32.092
1812	17.716	3.3525	0.	2571.6
1813	17.598	3.5525	0.	2261.5
1814	17.695	3.8525	0.	2406.4
1815	17.903	3.6338	5.e-002	294.3
1816	17.706	3.7275	5.e-002	305.39
1817	17.674	3.4809	5.e-002	254.06
1818	15.507	2.6259	0.	1865.4
1819	16.609	3.0227	0.	1810.9
1820	16.092	3.0323	0.	1809.3
1821	16.774	2.5161	0.	1822.2
1822	16.638	2.2431	5.e-002	113.99
1823	16.119	2.0672	5.e-002	36.099
1824	16.389	2.6462	5.e-002	42.951
1825	15.506	2.6264	5.e-002	143.79
1826	16.751	2.5562	5.e-002	88.599
1827	18.587	5.3169	0.	575.99
1828	18.587	4.8491	0.	854.6
1829	18.951	5.2644	0.	645.45
1830	18.611	5.06	5.e-002	81.832
1831	18.587	5.3169	5.e-002	146.1
1832	18.951	5.2644	5.e-002	192.1
1833	23.021	4.1927	0.	289.32
1834	22.763	2.7963	0.	302.38
1835	22.39	3.228	5.e-002	107.85
1836	23.076	3.4206	5.e-002	15.302
1837	22.763	2.7963	5.e-002	34.985
1838	13.635	2.167	0.	2008.5
1839	11.566	2.4261	5.e-002	366.39
1840	12.75	2.5417	5.e-002	170.92
1841	13.587	1.3947	5.e-002	199.82
1842	12.625	1.6944	5.e-002	118.14
1843	13.634	2.1674	5.e-002	175.99
1844	17.373	2.2099	0.	1936.6
1845	17.237	1.937	5.e-002	292.12
1846	17.556	1.7256	5.e-002	365.77
1847	17.587	2.052	5.e-002	247.44
1848	19.432	2.7125	0.	1196.7
1849	18.955	2.8393	0.	1549.2
1850	19.106	2.4804	5.e-002	155.69
1851	18.813	2.6298	5.e-002	313.32
1852	19.011	2.7565	5.e-002	129.66
1853	19.335	2.7025	5.e-002	182.
1854	18.429	3.4688	0.	2358.9
1855	18.542	3.934	5.e-002	483.5
1856	18.437	3.7025	5.e-002	185.33
1857	15.23	3.0458	0.	1890.6
1858	14.783	3.2376	5.e-002	83.728
1859	15.257	2.0808	5.e-002	140.36
1860	14.597	1.8672	5.e-002	116.64
1861	14.645	2.6399	5.e-002	23.277
1862	17.546	1.1516	5.e-002	386.51
1863	17.545	0.85219	5.e-002	100.76
1864	17.152	3.4164	0.	1844.5
1865	16.333	3.4426	0.	1836.2
1866	16.63	3.0565	5.e-002	83.888
1867	16.898	3.4665	5.e-002	46.665
1868	16.345	3.4939	5.e-002	57.511
1869	16.641	5.1779	0.	1480.4
1870	16.66	4.5455	5.e-002	102.39
1871	17.082	4.6814	5.e-002	243.97
1872	16.765	4.8997	5.e-002	44.437
1873	18.609	3.1349	0.	2039.5
1874	18.246	3.1094	5.e-002	133.49
1875	18.236	3.3906	5.e-002	322.85
1876	18.416	3.4525	5.e-002	247.44
1877	18.439	3.2134	5.e-002	184.46
1878	22.351	5.0532	0.	398.98
1879	22.533	4.5301	5.e-002	67.633
1880	23.021	4.1927	5.e-002	30.205
1881	22.967	4.9648	5.e-002	35.618
1882	22.351	5.0532	5.e-002	77.385
1883	18.927	5.5213	0.	570.41
1884	18.564	5.5738	5.e-002	64.807
1885	18.927	5.5213	5.e-002	125.72
1886	22.82	1.6534	0.	287.5
1887	22.636	1.1242	5.e-002	62.398
1888	23.322	0.84867	5.e-002	43.368
1889	23.204	1.1905	5.e-002	16.288
1890	17.552	4.6554	5.e-002	308.1
1891	17.721	4.8294	5.e-002	313.54
1892	18.577	0.9375	0.	790.87
1893	18.757	1.4184	5.e-002	222.23
1894	18.83	0.96044	5.e-002	238.29
1895	18.531	1.25	5.e-002	144.65
1896	18.577	0.9375	5.e-002	238.91
1897	12.573	4.8485	0.	1808.4
1898	13.931	4.8787	5.e-002	50.22
1899	13.3	4.8685	5.e-002	41.317
1900	12.573	4.8485	5.e-002	197.67
1901	22.266	1.6427	5.e-002	20.647
1902	21.754	1.9492	5.e-002	133.66
1903	22.834	1.709	5.e-002	58.577
1904	22.451	2.1719	5.e-002	8.3479
1905	11.846	4.8284	5.e-002	127.36
1906	7.5536	2.7857	0.	916.61
1907	4.9002	2.9483	5.e-002	184.33
1908	6.237	3.2673	5.e-002	71.867
1909	7.4058	2.7418	3.6885e-002	164.87
1910	5.641	2.4529	0.	1573.5
1911	6.3669	2.4755	5.e-002	184.59
1912	7.5023	3.5974	0.	937.46
1913	18.622	0.625	5.e-002	47.107
1914	19.946	4.8174	0.	755.9
1915	19.633	4.5424	5.e-002	100.9
1916	20.023	4.3592	5.e-002	17.106
1917	19.946	4.8174	5.e-002	41.644
1918	17.572	3.2	0.	2183.7
1919	17.649	3.1284	5.e-002	215.9
1920	17.649	2.862	5.e-002	151.35
1921	17.511	5.5479	5.e-002	279.9
1922	17.735	5.6702	5.e-002	122.72
1923	15.423	4.9101	0.	1893.8
1924	15.683	3.9432	0.	1851.2
1925	15.235	4.135	5.e-002	86.92
1926	15.056	4.6615	5.e-002	89.864
1927	15.552	4.4359	5.e-002	31.883
1928	15.695	3.9945	5.e-002	47.003
1929	14.929	5.1375	5.e-002	91.169
1930	15.425	4.9119	5.e-002	48.575
1931	15.296	5.3864	5.e-002	20.609
1932	17.562	3.575	5.e-002	227.18
1933	17.53	3.3283	5.e-002	270.41
1934	17.2	3.45	5.e-002	176.1
1935	15.368	3.644	5.e-002	92.18
1936	16.113	3.0661	5.e-002	69.856
1937	15.23	3.0463	5.e-002	93.335
1938	15.827	3.5035	5.e-002	35.237
1939	21.917	4.6185	5.e-002	39.228
1940	21.207	5.1208	5.e-002	62.394
1941	21.735	5.1415	5.e-002	24.115
1942	16.908	5.4532	5.e-002	233.44
1943	16.299	5.2846	5.e-002	132.31
1944	16.647	5.2218	5.e-002	47.222
1945	16.523	5.5	5.e-002	23.283
1946	19.806	2.4228	5.e-002	90.261
1947	19.876	3.1175	5.e-002	46.65
1948	20.146	2.8085	5.e-002	103.19
1949	19.666	2.7875	5.e-002	95.3
1950	19.527	3.0297	5.e-002	140.35
1951	2.5898	4.9069	5.e-002	718.84
1952	1.8433	5.0254	5.e-002	1446.3
1953	3.042	1.8501	5.e-002	117.99
1954	1.8709	1.6066	5.e-002	689.38
1955	2.5313	1.125	5.e-002	107.32
1956	3.7827	1.3546	0.	1759.1
1957	8.6959	2.2213	5.e-002	390.26
1958	7.6791	1.9554	2.565e-002	473.12
1959	8.8081	3.0617	0.	512.95
1960	20.928	0.68699	0.	631.95
1961	20.206	0.87333	5.e-002	68.308
1962	20.536	0.61719	5.e-002	10.625
1963	21.189	1.2416	5.e-002	27.387
1964	20.928	0.68699	5.e-002	82.951
1965	21.321	0.75665	5.e-002	25.769
1966	21.363	0.5045	2.5e-002	276.22
1967	18.587	4.8491	5.e-002	149.2
1968	18.583	4.6402	5.e-002	96.003
1969	19.58	5.3722	0.	689.38
1970	19.291	5.4687	5.e-002	9.9347
1971	17.448	4.0048	5.e-002	260.11
1972	17.659	3.875	5.e-002	269.04
1973	17.043	2.1469	5.e-002	87.171
1974	17.393	2.2619	5.e-002	280.31
1975	17.156	2.4599	5.e-002	99.901
1976	18.829	3.2785	5.e-002	161.04
1977	18.866	2.9682	5.e-002	131.9
1978	18.64	3.1296	5.e-002	187.09
1979	19.58	5.3722	5.e-002	62.22
1980	19.869	5.2756	5.e-002	18.965
1981	16.983	4.3711	0.1	1603.4
1982	16.904	4.1224	0.1	1765.1
1983	16.317	4.6522	0.1	1672.6
1984	16.753	3.8676	0.1	1742.
1985	16.666	4.5894	0.1	1581.8
1986	16.057	4.3365	0.1	1760.9
1987	16.2	3.8951	0.1	1741.3
1988	19.48	2.1907	0.1	1016.2
1989	19.416	1.8174	0.1	945.83
1990	20.454	1.8872	0.1	716.09
1991	19.862	1.5888	0.1	850.4
1992	20.19	2.4338	0.1	804.64
1993	19.709	2.4128	0.1	984.62
1994	18.074	3.2813	0.1	2681.8
1995	18.065	2.6969	0.1	2857.9
1996	18.304	2.8161	0.1	2231.6
1997	17.845	3.1284	0.1	2394.5
1998	17.846	2.862	0.1	2446.1
1999	18.277	3.1041	0.1	2243.2
2000	21.902	3.5654	0.1	451.42
2001	21.381	2.3809	0.1	526.09
2002	21.358	3.4639	0.1	574.57
2003	21.118	2.9275	0.1	615.1
2004	22.39	3.228	0.1	365.77
2005	22.078	2.6037	0.1	402.35
2006	19.686	3.6563	0.1	1008.7
2007	20.5	3.665	0.1	811.04
2008	20.26	3.1285	0.1	852.7
2009	19.779	3.1075	0.1	1032.8
2010	20.006	3.8983	0.1	873.91
2011	19.64	3.3497	0.1	1067.3
2012	17.227	1.6625	0.1	1676.
2013	16.859	1.3124	0.1	1630.7
2014	16.388	1.698	0.1	1758.1
2015	17.257	1.9889	0.1	2015.7
2016	16.658	2.277	0.1	1791.7
2017	17.02	2.187	0.1	1788.1
2018	19.312	4.3004	0.1	980.47
2019	19.116	3.6904	0.1	1275.5
2020	19.008	4.0122	0.1	1285.5
2021	19.703	4.1171	0.1	940.84
2022	19.336	3.5684	0.1	1132.1
2023	13.898	3.6123	0.1	1968.7
2024	14.741	4.3623	0.1	2012.6
2025	14.782	3.2381	0.1	1970.9
2026	15.237	4.1367	0.1	1911.1
2027	15.38	3.6953	0.1	1896.7
2028	19.046	1.96	0.1	1124.8
2029	18.818	2.4827	0.1	1610.1
2030	18.829	2.2165	0.1	1640.
2031	19.016	2.6094	0.1	1354.1
2032	19.34	2.5554	0.1	1145.9
2033	18.939	4.4375	0.1	1202.7
2034	18.927	4.8929	0.1	795.69
2035	19.633	4.5424	0.1	838.29
2036	18.923	4.6839	0.1	917.64
2037	19.267	5.0972	0.1	776.28
2038	19.556	5.0007	0.1	810.94
2039	11.691	3.2733	0.1	1662.2
2040	11.566	2.4261	0.1	1648.2
2041	11.176	3.9931	0.1	1489.4
2042	9.5331	2.6741	0.1	1252.8
2043	21.555	3.9939	0.1	552.64
2044	22.588	3.758	0.1	344.14
2045	22.533	4.5301	0.1	332.25
2046	21.917	4.6185	0.1	440.43
2047	2.3817	2.3317	0.1	2392.
2048	2.3904	3.1669	0.1	2012.7
2049	4.8895	2.8942	0.1	1562.6
2050	3.1005	3.757	0.1	1940.9
2051	3.042	1.8501	0.1	1779.9
2052	4.2934	2.0798	5.e-002	124.51
2053	4.4122	2.1631	0.1	1791.8
2054	19.056	1.1288	0.1	943.88
2055	19.428	1.3581	0.1	953.2
2056	18.764	1.8432	0.1	1599.6
2057	18.757	1.4184	0.1	1030.4
2058	18.742	3.8276	0.1	1478.5
2059	18.886	3.1957	0.1	1490.5
2060	18.637	3.5961	0.1	1917.2
2061	18.66	3.357	0.1	1754.1
2062	19.07	3.3839	0.1	1325.
2063	17.349	4.9567	0.1	1319.4
2064	17.327	4.2583	0.1	1705.8
2065	17.088	4.7253	0.1	1514.6
2066	17.575	4.6811	0.1	1437.1
2067	21.57	1.42	0.1	469.39
2068	22.65	1.1799	0.1	290.75
2069	22.266	1.6427	0.1	347.68
2070	21.702	0.93504	0.1	428.87
2071	17.032	5.175	0.1	1268.1
2072	17.518	5.1308	0.1	1164.9
2073	17.517	5.5287	0.1	873.25
2074	16.908	5.4532	0.1	1236.2
2075	17.867	3.6563	0.1	2520.3
2076	17.835	3.4096	0.1	2632.9
2077	18.244	3.6244	0.1	2608.1
2078	18.267	3.3853	0.1	2477.3
2079	18.286	2.5129	0.1	2650.8
2080	17.826	2.2488	0.1	2739.8
2081	18.296	2.2467	0.1	2590.4
2082	17.827	2.5589	0.1	2860.3
2083	20.467	1.428	0.1	713.79
2084	20.794	2.273	0.1	668.68
2085	21.754	1.9492	0.1	454.59
2086	20.797	1.1718	0.1	645.19
2087	21.19	1.2415	0.1	537.98
2088	13.719	4.1389	0.1	2000.5
2089	12.75	2.5417	0.1	1941.
2090	13.759	3.0147	0.1	1961.3
2091	13.087	4.1287	0.1	1987.3
2092	12.36	4.1087	0.1	1789.1
2093	20.845	4.4962	0.1	647.06
2094	20.351	4.7296	0.1	711.08
2095	21.207	5.1208	0.1	535.48
2096	20.274	5.1878	0.1	677.98
2097	17.459	3.8798	0.1	2004.
2098	17.097	3.7548	0.1	1815.3
2099	16.422	5.0064	0.1	1570.5
2100	15.814	4.7534	0.1	1754.2
2101	15.685	5.228	0.1	1776.2
2102	16.299	5.2846	0.1	1541.9
2103	18.536	2.3659	0.1	2025.9
2104	18.724	2.7588	0.1	1782.7
2105	18.498	2.9201	0.1	2024.4
2106	19.502	0.90018	0.1	828.17
2107	18.83	0.96044	0.1	899.46
2108	18.876	0.64794	0.1	678.2
2109	19.183	0.43646	7.4861e-002	411.2
2110	23.21	5.2012	0.1	203.08
2111	23.336	0.90432	0.1	193.45
2112	17.179	1.101	0.1	1580.5
2113	17.577	1.7775	0.1	1970.7
2114	17.546	1.1517	0.1	1393.9
2115	16.34	1.1365	0.1	1643.5
2116	17.178	0.8016	0.1	1251.2
2117	18.53	3.9178	0.1	1926.7
2118	18.619	4.3957	0.1	1252.9
2119	20.206	0.87333	0.1	781.41
2120	15.209	1.3085	0.1	1882.6
2121	16.139	2.1011	0.1	1812.9
2122	15.256	2.0813	0.1	1866.6
2123	13.931	4.8787	0.1	2034.7
2124	15.058	4.6633	0.1	1948.1
2125	14.929	5.1378	0.1	1967.7
2126	13.587	1.3947	0.1	1961.8
2127	14.596	1.8677	0.1	1974.8
2128	17.607	2.414	0.1	2350.
2129	17.37	2.302	0.1	2054.3
2130	20.77	3.356	0.1	717.33
2131	20.517	4.1258	0.1	738.73
2132	21.373	4.517	0.1	563.72
2133	1.2193	2.9234	0.1	2671.3
2134	1.8709	1.6066	0.1	2427.4
2135	1.9382	4.3487	0.1	2193.3
2136	1.1917	4.4672	0.1	2790.5
2137	20.05	2.7985	0.1	939.02
2138	15.527	2.6602	0.1	1904.8
2139	16.678	3.09	0.1	1826.9
2140	16.124	3.1175	0.1	1832.3
2141	16.771	2.59	0.1	1842.5
2142	18.587	5.3169	0.1	588.84
2143	18.607	4.851	0.1	883.73
2144	18.951	5.2644	0.1	693.53
2145	19.245	2.8315	0.1	1326.8
2146	18.696	3.0468	0.1	1787.6
2147	19.106	3.0736	0.1	1360.3
2148	23.021	4.1927	0.1	250.87
2149	22.763	2.7963	0.1	297.82
2150	17.638	3.5034	0.1	2238.
2151	17.307	3.625	0.1	1966.7
2152	19.43	3.0197	0.1	1151.6
2153	17.608	2.9904	0.1	2394.
2154	17.276	3.3784	0.1	2076.6
2155	17.277	3.112	0.1	2128.8
2156	17.371	2.612	0.1	2143.7
2157	13.634	2.1674	0.1	1946.1
2158	18.448	3.4472	0.1	2194.2
2159	15.241	3.0977	0.1	1888.6
2160	16.392	3.5274	0.1	1811.6
2161	17.039	3.	0.1	1819.6
2162	16.647	5.2218	0.1	1452.6
2163	22.351	5.0532	0.1	343.81
2164	18.927	5.5213	0.1	520.69
2165	22.834	1.709	0.1	276.74
2166	12.573	4.8485	0.1	1821.
2167	18.577	0.9375	0.1	813.74
2168	7.3793	2.7029	0.1	1267.1
2169	5.6302	2.3987	5.e-002	178.77
2170	6.3626	2.4369	0.1	1342.4
2171	5.749	2.4821	0.1	1605.1
2172	19.946	4.8174	0.1	770.96
2173	15.425	4.9122	0.1	1868.3
2174	15.696	3.9963	0.1	1831.8
2175	1.9019	5.0573	0.1	2774.3
2176	7.5156	1.9267	0.1	1227.
2177	8.6446	3.033	5.e-002	468.8
2178	20.93	0.68685	0.1	605.12
2179	21.364	0.50437	7.5e-002	247.23
2180	19.58	5.3722	0.1	701.05
2181	5.7665	1.6225	5.e-002	252.94
2182	5.1529	1.6676	5.e-002	84.91
2183	5.8853	1.7058	0.1	1570.4
