Node Number	X Location (in)	Y Location (in)	Z Location (in)	Total Deformation (in)
1	2.7706	3.2418	0.	9.3172e-003
2	2.2117	3.1411	0.	5.2096e-003
3	4.6381	3.7818	0.	3.0534e-002
4	2.6486	2.3459	0.	7.7307e-003
5	1.6728	5.0893	0.	2.3535e-003
6	3.3569	5.447	0.	1.3952e-002
7	0.99181	0.81629	0.	4.3721e-004
8	3.433	0.75732	0.	1.2402e-002
9	0.9194	4.8278	0.	7.5219e-004
10	4.4873	0.85126	0.	2.582e-002
11	5.5554	0.99419	0.	4.1792e-002
12	6.6406	1.1138	0.	6.0251e-002
13	7.7822	1.1855	0.	8.1776e-002
14	8.9518	1.2203	0.	0.10583
15	10.167	1.2264	0.	0.1327
16	11.338	1.2307	0.	0.16016
17	12.494	1.2433	0.	0.18855
18	13.648	1.2307	0.	0.21794
19	14.799	1.2332	0.	0.24807
20	15.955	1.2259	0.	0.27901
21	17.106	1.2332	0.	0.31035
22	18.26	1.2267	0.	0.34213
23	19.4	1.2177	0.	0.3738
24	20.548	1.2068	0.	0.40585
25	21.689	1.1982	0.	0.43782
26	22.844	1.1923	0.	0.47024
27	22.776	2.4051	0.	0.46899
28	22.747	3.6497	0.	0.46884
29	22.772	4.8175	0.	0.47011
30	21.597	4.8222	0.	0.43713
31	20.432	4.8189	0.	0.40448
32	19.255	4.8093	0.	0.37161
33	18.061	4.8126	0.	0.33848
34	16.861	4.818	0.	0.30549
35	15.664	4.8183	0.	0.27303
36	14.471	4.8159	0.	0.24127
37	13.266	4.8104	0.	0.20995
38	12.064	4.8181	0.	0.17971
39	10.822	4.8359	0.	0.14973
40	9.576	4.8001	0.	0.12125
41	8.2231	4.7867	0.	9.2477e-002
42	6.5501	4.6272	0.	6.0682e-002
43	5.3008	5.0065	0.	4.0017e-002
44	4.3683	5.3086	0.	2.6568e-002
45	5.4627	3.1079	0.	4.2382e-002
46	4.025	1.6856	0.	2.1022e-002
47	4.9918	1.9583	0.	3.4377e-002
48	6.1235	2.2067	0.	5.2521e-002
49	8.6404	2.4326	0.	0.1005
50	9.8951	2.4376	0.	0.1277
51	11.119	2.4438	0.	0.15601
52	12.316	2.4428	0.	0.18514
53	13.5	2.438	0.	0.21507
54	14.674	2.4282	0.	0.24566
55	15.848	2.4354	0.	0.27696
56	17.019	2.4309	0.	0.30874
57	18.195	2.4353	0.	0.3411
58	19.375	2.4376	0.	0.37383
59	20.518	2.4133	0.	0.4057
60	21.67	2.3943	0.	0.43796
61	20.468	3.6229	0.	0.40495
62	19.321	3.6216	0.	0.37293
63	18.129	3.6343	0.	0.33989
64	16.932	3.6334	0.	0.30698
65	15.747	3.6347	0.	0.27486
66	14.561	3.6297	0.	0.24329
67	13.364	3.6255	0.	0.2122
68	10.959	3.6392	0.	0.15283
69	9.6841	3.6286	0.	0.1236
70	8.3699	3.5982	0.	9.5501e-002
71	6.9921	3.638	0.	6.8685e-002
72	12.168	3.6411	0.	0.18208
73	21.611	3.6223	0.	0.43696
74	3.0408	5.0341	0.	1.0908e-002
75	3.3141	4.7073	0.	1.4105e-002
76	4.0914	4.3135	0.	2.3384e-002
77	1.1269	1.3595	0.	6.3763e-004
78	1.9542	4.5084	0.	3.5409e-003
79	1.9505	3.7965	0.	3.7339e-003
80	2.8441	1.066	0.	6.6476e-003
81	2.8525	1.3538	0.	7.4358e-003
82	3.3187	1.5123	0.	1.2571e-002
83	7.3707	2.3717	0.	7.513e-002
84	2.1082	3.9585	0.	4.4087e-003
85	2.1077	4.3363	0.	4.1992e-003
86	3.7275	2.6686	0.	1.859e-002
87	3.7275	2.6686	0.1	1.859e-002
88	2.1077	4.3363	0.1	4.1992e-003
89	2.1082	3.9585	0.1	4.4087e-003
90	7.3707	2.3717	0.1	7.513e-002
91	3.3187	1.5123	0.1	1.2571e-002
92	2.8525	1.3538	0.1	7.4358e-003
93	2.8441	1.066	0.1	6.6476e-003
94	1.9505	3.7965	0.1	3.7339e-003
95	1.9542	4.5084	0.1	3.5409e-003
96	1.1269	1.3595	0.1	6.3763e-004
97	4.0914	4.3135	0.1	2.3384e-002
98	3.3141	4.7073	0.1	1.4105e-002
99	3.0408	5.0341	0.1	1.0908e-002
100	21.611	3.6223	0.1	0.43696
101	12.168	3.6411	0.1	0.18208
102	6.9921	3.638	0.1	6.8685e-002
103	8.3699	3.5982	0.1	9.5501e-002
104	9.6841	3.6286	0.1	0.1236
105	10.959	3.6392	0.1	0.15283
106	13.364	3.6255	0.1	0.2122
107	14.561	3.6297	0.1	0.24329
108	15.747	3.6347	0.1	0.27486
109	16.932	3.6334	0.1	0.30698
110	18.129	3.6343	0.1	0.33989
111	19.321	3.6216	0.1	0.37293
112	20.468	3.6229	0.1	0.40495
113	21.67	2.3943	0.1	0.43796
114	20.518	2.4133	0.1	0.4057
115	19.375	2.4376	0.1	0.37383
116	18.195	2.4353	0.1	0.3411
117	17.019	2.4309	0.1	0.30874
118	15.848	2.4354	0.1	0.27696
119	14.674	2.4282	0.1	0.24566
120	13.5	2.438	0.1	0.21507
121	12.316	2.4428	0.1	0.18514
122	11.119	2.4438	0.1	0.15601
123	9.8951	2.4376	0.1	0.1277
124	8.6404	2.4326	0.1	0.1005
125	6.1235	2.2067	0.1	5.2521e-002
126	4.9918	1.9583	0.1	3.4377e-002
127	4.025	1.6856	0.1	2.1022e-002
128	5.4627	3.1079	0.1	4.2382e-002
129	4.3683	5.3086	0.1	2.6568e-002
130	5.3008	5.0065	0.1	4.0017e-002
131	6.5501	4.6272	0.1	6.0682e-002
132	8.2231	4.7867	0.1	9.2477e-002
133	9.576	4.8001	0.1	0.12125
134	10.822	4.8359	0.1	0.14973
135	12.064	4.8181	0.1	0.17971
136	13.266	4.8104	0.1	0.20995
137	14.471	4.8159	0.1	0.24127
138	15.664	4.8183	0.1	0.27303
139	16.861	4.818	0.1	0.30549
140	18.061	4.8126	0.1	0.33848
141	19.255	4.8093	0.1	0.37161
142	20.432	4.8189	0.1	0.40448
143	21.597	4.8222	0.1	0.43713
144	22.772	4.8175	0.1	0.47011
145	22.747	3.6497	0.1	0.46884
146	22.776	2.4051	0.1	0.46899
147	22.844	1.1923	0.1	0.47024
148	21.689	1.1982	0.1	0.43782
149	20.548	1.2068	0.1	0.40585
150	19.4	1.2177	0.1	0.3738
151	18.26	1.2267	0.1	0.34213
152	17.106	1.2332	0.1	0.31035
153	15.955	1.2259	0.1	0.27901
154	14.799	1.2332	0.1	0.24807
155	13.648	1.2307	0.1	0.21794
156	12.494	1.2433	0.1	0.18855
157	11.338	1.2307	0.1	0.16016
158	10.167	1.2264	0.1	0.1327
159	8.9518	1.2203	0.1	0.10583
160	7.7822	1.1855	0.1	8.1776e-002
161	6.6406	1.1138	0.1	6.0251e-002
162	5.5554	0.99419	0.1	4.1792e-002
163	4.4873	0.85126	0.1	2.582e-002
164	0.9194	4.8278	0.1	7.5219e-004
165	3.433	0.75732	0.1	1.2402e-002
166	0.99181	0.81629	0.1	4.3721e-004
167	3.3569	5.447	0.1	1.3952e-002
168	1.6728	5.0893	0.1	2.3535e-003
169	2.6486	2.3459	0.1	7.7307e-003
170	4.6381	3.7818	0.1	3.0534e-002
171	2.2117	3.1411	0.1	5.2096e-003
172	2.7706	3.2418	0.1	9.3172e-003
173	1.12	4.2461e-031	0.	3.6898e-004
174	2.24	0.	0.	1.7038e-003
175	0.	0.	0.	0.
176	3.5432	0.	0.	1.1967e-002
177	4.6796	0.	0.	2.68e-002
178	5.8161	0.	0.	4.4151e-002
179	6.9526	0.	0.	6.3962e-002
180	8.0891	0.	0.	8.596e-002
181	9.2256	0.	0.	0.10989
182	10.362	0.	0.	0.13548
183	11.499	0.	0.	0.16248
184	12.635	0.	0.	0.19067
185	13.772	0.	0.	0.21984
186	14.908	0.	0.	0.2498
187	16.045	0.	0.	0.28038
188	17.181	0.	0.	0.31144
189	18.318	0.	0.	0.34284
190	19.454	0.	0.	0.37449
191	20.591	0.	0.	0.40629
192	21.727	0.	0.	0.43817
193	22.864	0.	0.	0.47009
194	2.4067	0.	0.	1.1807e-003
195	24.	0.	0.	0.50201
196	1.68	6.	0.	1.7878e-003
197	1.12	6.	0.	7.7676e-004
198	2.24	6.	0.	3.0714e-003
199	3.937e-014	6.	0.	0.
200	4.1961e-014	4.8	0.	0.
201	3.1471e-014	3.6	0.	0.
202	2.0981e-014	2.4	0.	0.
203	1.049e-014	1.2	0.	0.
204	24.	1.2	0.	0.5027
205	24.	2.4	0.	0.50336
206	24.	3.6	0.	0.50398
207	24.	4.8	0.	0.50458
208	24.	6.	0.	0.50515
209	22.8	6.	0.	0.47145
210	21.601	6.	0.	0.43776
211	20.401	6.	0.	0.40411
212	19.201	6.	0.	0.37057
213	18.002	6.	0.	0.33722
214	16.802	6.	0.	0.30417
215	15.603	6.	0.	0.27156
216	14.403	6.	0.	0.23953
217	13.203	6.	0.	0.20828
218	12.004	6.	0.	0.17801
219	10.804	6.	0.	0.14895
220	9.6044	6.	0.	0.12136
221	8.4048	6.	0.	9.5539e-002
222	7.2052	6.	0.	7.1819e-002
223	6.0056	6.	0.	5.0499e-002
224	4.8059	6.	0.	3.1957e-002
225	3.6063	6.	0.	1.6247e-002
226	2.4067	6.	0.	2.7025e-003
227	2.24	4.5	0.	4.5281e-003
228	2.24	5.	0.	3.9915e-003
229	2.24	5.5	0.	3.4922e-003
230	2.24	4.	0.	5.0538e-003
231	2.4067	5.5	0.	3.5378e-003
232	2.4067	5.	0.	4.4355e-003
233	2.4067	4.5	0.	5.4104e-003
234	2.4067	4.	0.	6.1381e-003
235	2.24	1.5	0.	3.1941e-003
236	2.24	1.	0.	2.618e-003
237	2.24	0.5	0.	2.1173e-003
238	2.24	2.	0.	4.1435e-003
239	2.4067	0.5	0.	6.9333e-004
240	2.4067	1.	0.	2.0075e-003
241	2.4067	1.5	0.	3.6194e-003
242	2.4067	2.	0.	5.1594e-003
243	2.4067	0.5	0.1	6.9333e-004
244	2.4067	1.	0.1	2.0075e-003
245	2.4067	1.5	0.1	3.6194e-003
246	2.4067	2.	0.1	5.1594e-003
247	2.24	2.	0.1	4.1435e-003
248	2.24	1.5	0.1	3.1941e-003
249	2.24	1.	0.1	2.618e-003
250	2.24	0.5	0.1	2.1173e-003
251	2.4067	5.5	0.1	3.5378e-003
252	2.4067	5.	0.1	4.4355e-003
253	2.4067	4.5	0.1	5.4104e-003
254	2.4067	4.	0.1	6.1381e-003
255	2.24	4.	0.1	5.0538e-003
256	2.24	4.5	0.1	4.5281e-003
257	2.24	5.	0.1	3.9915e-003
258	2.24	5.5	0.1	3.4922e-003
259	2.4067	6.	0.1	2.7025e-003
260	3.6063	6.	0.1	1.6247e-002
261	4.8059	6.	0.1	3.1957e-002
262	6.0056	6.	0.1	5.0499e-002
263	7.2052	6.	0.1	7.1819e-002
264	8.4048	6.	0.1	9.5539e-002
265	9.6044	6.	0.1	0.12136
266	10.804	6.	0.1	0.14895
267	12.004	6.	0.1	0.17801
268	13.203	6.	0.1	0.20828
269	14.403	6.	0.1	0.23953
270	15.603	6.	0.1	0.27156
271	16.802	6.	0.1	0.30417
272	18.002	6.	0.1	0.33722
273	19.201	6.	0.1	0.37057
274	20.401	6.	0.1	0.40411
275	21.601	6.	0.1	0.43776
276	22.8	6.	0.1	0.47145
277	24.	6.	0.1	0.50515
278	24.	4.8	0.1	0.50458
279	24.	3.6	0.1	0.50398
280	24.	2.4	0.1	0.50336
281	24.	1.2	0.1	0.5027
282	1.049e-014	1.2	0.1	0.
283	2.0981e-014	2.4	0.1	0.
284	3.1471e-014	3.6	0.1	0.
285	4.1961e-014	4.8	0.1	0.
286	3.937e-014	6.	0.1	0.
287	1.12	6.	0.1	7.7676e-004
288	1.68	6.	0.1	1.7878e-003
289	2.24	6.	0.1	3.0714e-003
290	24.	0.	0.1	0.50201
291	22.864	0.	0.1	0.47009
292	21.727	0.	0.1	0.43817
293	20.591	0.	0.1	0.40629
294	19.454	0.	0.1	0.37449
295	18.318	0.	0.1	0.34284
296	17.181	0.	0.1	0.31144
297	16.045	0.	0.1	0.28038
298	14.908	0.	0.1	0.2498
299	13.772	0.	0.1	0.21984
300	12.635	0.	0.1	0.19067
301	11.499	0.	0.1	0.16248
302	10.362	0.	0.1	0.13548
303	9.2256	0.	0.1	0.10989
304	8.0891	0.	0.1	8.596e-002
305	6.9526	0.	0.1	6.3962e-002
306	5.8161	0.	0.1	4.4151e-002
307	4.6796	0.	0.1	2.68e-002
308	3.5432	0.	0.1	1.1967e-002
309	2.4067	0.	0.1	1.1807e-003
310	2.24	0.	0.1	1.7038e-003
311	1.12	4.2461e-031	0.1	3.6898e-004
312	0.	0.	0.1	0.
313	2.4911	3.1915	0.	7.0673e-003
314	3.7044	3.5118	0.	1.8743e-002
315	3.249	2.9552	0.	1.3681e-002
316	2.7706	3.2418	5.e-002	9.3056e-003
317	2.5886	3.6209	0.	7.7762e-003
318	2.4301	2.7435	0.	6.5011e-003
319	2.0811	3.4688	0.	4.4486e-003
320	2.2117	3.1411	5.e-002	5.1986e-003
321	2.2259	3.5705	0.	5.1944e-003
322	2.2259	2.5705	0.	5.0289e-003
323	5.5941	4.2045	0.	4.4747e-002
324	5.0504	3.4449	0.	3.6301e-002
325	4.3648	4.0477	0.	2.6904e-002
326	4.6381	3.7818	5.e-002	3.0525e-002
327	3.3368	2.0158	0.	1.3628e-002
328	3.188	2.5073	0.	1.2756e-002
329	2.6486	2.3459	5.e-002	7.7189e-003
330	2.5276	2.173	0.	6.4676e-003
331	1.2961	4.9586	0.	1.5035e-003
332	1.8135	4.7988	0.	2.9321e-003
333	1.6728	5.0893	5.e-002	2.3494e-003
334	1.6764	5.5447	0.	2.0752e-003
335	1.9564	5.2947	0.	2.9464e-003
336	3.8626	5.3778	0.	2.0033e-002
337	3.1988	5.2406	0.	1.241e-002
338	3.3569	5.447	5.e-002	1.3939e-002
339	3.4816	5.7235	0.	1.5097e-002
340	2.8818	5.4735	0.	8.643e-003
341	1.0594	1.0879	0.	5.3135e-004
342	0.99181	0.81629	5.e-002	4.3397e-004
343	1.0559	0.40814	0.	4.2926e-004
344	0.4959	1.0081	0.	1.0477e-004
345	1.6159	0.65814	0.	1.1542e-003
346	3.9601	0.80429	0.	1.8832e-002
347	3.1385	0.91164	0.	9.429e-003
348	3.3758	1.1348	0.	1.2509e-002
349	3.433	0.75732	5.e-002	1.2388e-002
350	3.4881	0.37866	0.	1.2217e-002
351	2.9198	0.62866	0.	6.3481e-003
352	1.435	4.3122	0.	2.0189e-003
353	0.9194	4.8278	5.e-002	7.462e-004
354	1.0197	5.4139	0.	8.3523e-004
355	0.4597	4.8139	0.	2.1619e-004
356	5.0214	0.92273	0.	3.3512e-002
357	4.2561	1.2684	0.	2.3399e-002
358	4.4873	0.85126	5.e-002	2.581e-002
359	4.5835	0.42563	0.	2.6358e-002
360	6.098	1.054	0.	5.0752e-002
361	5.2736	1.4763	0.	3.8079e-002
362	5.5554	0.99419	5.e-002	4.1784e-002
363	5.6858	0.49709	0.	4.3031e-002
364	7.2114	1.1497	0.	7.075e-002
365	6.3821	1.6603	0.	5.6408e-002
366	6.6406	1.1138	5.e-002	6.0243e-002
367	6.7966	0.55692	0.	6.2167e-002
368	8.367	1.2029	0.	9.3557e-002
369	7.5765	1.7786	0.	7.8494e-002
370	7.7822	1.1855	5.e-002	8.177e-002
371	7.9357	0.59274	0.	8.3927e-002
372	9.5594	1.2233	0.	0.11904
373	8.7961	1.8265	0.	0.10322
374	8.9518	1.2203	5.e-002	0.10582
375	9.0887	0.61014	0.	0.10792
376	10.752	1.2285	0.	0.14625
377	10.031	1.832	0.	0.13025
378	10.167	1.2264	5.e-002	0.13269
379	10.265	0.61321	0.	0.13415
380	11.916	1.237	0.	0.17421
381	11.228	1.8372	0.	0.15813
382	11.338	1.2307	5.e-002	0.16015
383	11.418	0.61533	0.	0.16137
384	13.071	1.237	0.	0.20313
385	12.405	1.843	0.	0.18689
386	12.494	1.2433	5.e-002	0.18854
387	12.564	0.62164	0.	0.18966
388	14.224	1.232	0.	0.23291
389	13.574	1.8344	0.	0.21654
390	13.648	1.2307	5.e-002	0.21793
391	13.71	0.61536	0.	0.21893
392	15.377	1.2296	0.	0.26347
393	14.737	1.8307	0.	0.24689
394	14.799	1.2332	5.e-002	0.24807
395	14.853	0.61661	0.	0.24896
396	16.531	1.2295	0.	0.29463
397	15.901	1.8307	0.	0.27801
398	15.955	1.2259	5.e-002	0.27901
399	16.	0.61295	0.	0.27972
400	17.683	1.2299	0.	0.3262
401	17.062	1.832	0.	0.30957
402	17.106	1.2332	5.e-002	0.31035
403	17.144	0.61659	0.	0.31091
404	18.83	1.2222	0.	0.35794
405	18.228	1.831	0.	0.34163
406	18.26	1.2267	5.e-002	0.34212
407	18.289	0.61333	0.	0.3425
408	19.974	1.2123	0.	0.38981
409	19.388	1.8277	0.	0.37382
410	19.4	1.2177	5.e-002	0.3738
411	19.427	0.60887	0.	0.37415
412	21.119	1.2025	0.	0.42183
413	20.533	1.8101	0.	0.40578
414	20.548	1.2068	5.e-002	0.40585
415	20.569	0.6034	0.	0.40607
416	22.267	1.1952	0.	0.45403
417	21.68	1.7963	0.	0.43789
418	21.689	1.1982	5.e-002	0.43782
419	21.708	0.59911	0.	0.438
420	22.81	1.7987	0.	0.46962
421	22.844	1.1923	5.e-002	0.47024
422	22.854	0.59614	0.	0.47016
423	23.422	1.1961	0.	0.48647
424	22.762	3.0274	0.	0.46892
425	22.223	2.3997	0.	0.45347
426	22.776	2.4051	5.e-002	0.46899
427	23.388	2.4025	0.	0.48617
428	22.76	4.2336	0.	0.46948
429	22.179	3.636	0.	0.45289
430	22.747	3.6497	5.e-002	0.46883
431	23.374	3.6248	0.	0.48641
432	22.185	4.8199	0.	0.45361
433	22.772	4.8175	5.e-002	0.4701
434	23.386	4.8087	0.	0.48734
435	22.786	5.4087	0.	0.47078
436	21.014	4.8205	0.	0.42079
437	21.604	4.2223	0.	0.43705
438	21.597	4.8222	5.e-002	0.43712
439	21.599	5.4111	0.	0.43744
440	19.843	4.8141	0.	0.38803
441	20.45	4.2209	0.	0.40472
442	20.432	4.8189	5.e-002	0.40447
443	20.416	5.4094	0.	0.4043
444	18.658	4.8109	0.	0.35502
445	19.288	4.2155	0.	0.37228
446	19.255	4.8093	5.e-002	0.37161
447	19.228	5.4047	0.	0.3711
448	17.461	4.8153	0.	0.32194
449	18.095	4.2234	0.	0.3392
450	18.061	4.8126	5.e-002	0.33848
451	18.031	5.4063	0.	0.33787
452	16.262	4.8182	0.	0.2892
453	16.896	4.2257	0.	0.30626
454	16.861	4.818	5.e-002	0.30549
455	16.831	5.409	0.	0.30485
456	15.068	4.8171	0.	0.25706
457	15.705	4.2265	0.	0.27397
458	15.664	4.8183	5.e-002	0.27302
459	15.633	5.4092	0.	0.27232
460	13.869	4.8132	0.	0.2255
461	14.516	4.2228	0.	0.24231
462	14.471	4.8159	5.e-002	0.24127
463	14.437	5.408	0.	0.24043
464	12.665	4.8142	0.	0.19469
465	13.315	4.2179	0.	0.21111
466	13.266	4.8104	5.e-002	0.20994
467	13.235	5.4052	0.	0.20916
468	11.443	4.827	0.	0.16454
469	12.116	4.2296	0.	0.18095
470	12.064	4.8181	5.e-002	0.17971
471	12.034	5.409	0.	0.17891
472	10.199	4.818	0.	0.13527
473	10.89	4.2375	0.	0.15134
474	10.822	4.8359	5.e-002	0.14973
475	10.813	5.4179	0.	0.1494
476	8.8996	4.7934	0.	0.10656
477	9.6301	4.2143	0.	0.12249
478	9.576	4.8001	5.e-002	0.12125
479	9.5902	5.4	0.	0.12138
480	7.3866	4.7069	0.	7.6022e-002
481	8.2965	4.1924	0.	9.4066e-002
482	8.2231	4.7867	5.e-002	9.2471e-002
483	8.314	5.3934	0.	9.4084e-002
484	5.9254	4.8169	0.	4.9981e-002
485	6.7711	4.1326	0.	6.4699e-002
486	6.5501	4.6272	5.e-002	6.0675e-002
487	6.8776	5.3136	0.	6.6285e-002
488	4.8346	5.1576	0.	3.3089e-002
489	4.6961	4.66	0.	3.1358e-002
490	5.3008	5.0065	5.e-002	4.0009e-002
491	5.6532	5.5033	0.	4.5207e-002
492	3.8412	5.0079	0.	2.0051e-002
493	4.3683	5.3086	5.e-002	2.6559e-002
494	4.5871	5.6543	0.	2.9252e-002
495	5.7931	2.6573	0.	4.7396e-002
496	6.2274	3.373	0.	5.5051e-002
497	4.5951	2.8883	0.	2.9572e-002
498	5.4627	3.1079	5.e-002	4.2374e-002
499	4.5084	1.822	0.	2.7464e-002
500	3.6718	1.5989	0.	1.6669e-002
501	4.025	1.6856	5.e-002	2.1012e-002
502	5.5576	2.0825	0.	4.3121e-002
503	4.3596	2.3135	0.	2.5997e-002
504	4.9918	1.9583	5.e-002	3.4368e-002
505	6.7471	2.2892	0.	6.352e-002
506	6.1235	2.2067	5.e-002	5.2513e-002
507	9.2677	2.4351	0.	0.11385
508	8.5051	3.0154	0.	9.8067e-002
509	8.0056	2.4022	0.	8.7519e-002
510	8.6404	2.4326	5.e-002	0.10049
511	10.507	2.4407	0.	0.14166
512	9.7896	3.0331	0.	0.12571
513	9.8951	2.4376	5.e-002	0.1277
514	11.718	2.4433	0.	0.17042
515	11.039	3.0415	0.	0.15448
516	11.119	2.4438	5.e-002	0.15601
517	12.908	2.4404	0.	0.19998
518	12.242	3.0419	0.	0.18366
519	12.316	2.4428	5.e-002	0.18514
520	14.087	2.4331	0.	0.23026
521	13.432	3.0318	0.	0.21367
522	13.5	2.438	5.e-002	0.21506
523	15.261	2.4318	0.	0.26123
524	14.617	3.029	0.	0.2445
525	14.674	2.4282	5.e-002	0.24565
526	16.433	2.4332	0.	0.29279
527	15.797	3.0351	0.	0.27594
528	15.848	2.4354	5.e-002	0.27696
529	17.607	2.4331	0.	0.32488
530	16.975	3.0321	0.	0.30789
531	17.019	2.4309	5.e-002	0.30874
532	18.785	2.4365	0.	0.35743
533	18.162	3.0348	0.	0.34051
534	18.195	2.4353	5.e-002	0.34109
535	19.946	2.4255	0.	0.38975
536	19.348	3.0296	0.	0.37339
537	19.375	2.4376	5.e-002	0.37382
538	21.094	2.4038	0.	0.42182
539	20.493	3.0181	0.	0.40534
540	20.518	2.4133	5.e-002	0.4057
541	21.641	3.0083	0.	0.43746
542	21.67	2.3943	5.e-002	0.43795
543	19.895	3.6222	0.	0.38892
544	21.04	3.6226	0.	0.42094
545	20.468	3.6229	5.e-002	0.40495
546	18.725	3.628	0.	0.35638
547	19.321	3.6216	5.e-002	0.37293
548	17.53	3.6338	0.	0.32339
549	18.129	3.6343	5.e-002	0.33989
550	16.339	3.634	0.	0.29086
551	16.932	3.6334	5.e-002	0.30698
552	15.154	3.6322	0.	0.25899
553	15.747	3.6347	5.e-002	0.27485
554	13.963	3.6276	0.	0.22763
555	14.561	3.6297	5.e-002	0.24328
556	12.766	3.6333	0.	0.19701
557	13.364	3.6255	5.e-002	0.21219
558	10.321	3.6339	0.	0.13799
559	11.564	3.6401	0.	0.16729
560	10.959	3.6392	5.e-002	0.15283
561	9.027	3.6134	0.	0.10927
562	9.6841	3.6286	5.e-002	0.12359
563	7.681	3.6181	0.	8.1735e-002
564	8.3699	3.5982	5.e-002	9.5495e-002
565	7.1814	3.0049	0.	7.1991e-002
566	6.9921	3.638	5.e-002	6.8678e-002
567	12.168	3.6411	5.e-002	0.18208
568	21.611	3.6223	5.e-002	0.43695
569	3.1774	4.8707	0.	1.2535e-002
570	3.0408	5.0341	5.e-002	1.0894e-002
571	2.7237	5.0171	0.	7.6256e-003
572	3.7028	4.5104	0.	1.862e-002
573	3.3141	4.7073	5.e-002	1.4093e-002
574	2.8604	4.6037	0.	9.5117e-003
575	4.0914	4.3135	5.e-002	2.3374e-002
576	3.2491	4.1568	0.	1.3731e-002
577	1.1269	1.3595	5.e-002	6.332e-004
578	0.56346	1.8798	0.	1.8562e-004
579	1.6835	1.1798	0.	1.5084e-003
580	1.9524	4.1524	0.	3.7179e-003
581	2.031	4.4223	0.	3.8617e-003
582	1.9542	4.5084	5.e-002	3.5373e-003
583	2.0971	4.7542	0.	3.8122e-003
584	2.0294	3.8775	0.	4.0606e-003
585	1.9505	3.7965	5.e-002	3.7268e-003
586	0.97527	3.6983	0.	9.1675e-004
587	2.8483	1.2099	0.	7.0477e-003
588	2.8441	1.066	5.e-002	6.6258e-003
589	2.6254	1.033	0.	4.3117e-003
590	3.0856	1.4331	0.	9.973e-003
591	2.8525	1.3538	5.e-002	7.4172e-003
592	2.6296	1.4269	0.	5.474e-003
593	3.3187	1.5123	5.e-002	1.2558e-002
594	2.8627	1.7562	0.	8.4747e-003
595	7.3707	2.3717	5.e-002	7.5123e-002
596	2.108	4.1474	0.	4.3233e-003
597	2.1082	3.9585	5.e-002	4.3993e-003
598	2.1741	3.9792	0.	4.7118e-003
599	2.1077	4.3363	5.e-002	4.1947e-003
600	2.1739	4.4182	0.	4.3807e-003
601	3.7275	2.6686	5.e-002	1.858e-002
602	4.3596	2.3135	0.1	2.5997e-002
603	4.5951	2.8883	0.1	2.9572e-002
604	3.188	2.5073	0.1	1.2756e-002
605	3.249	2.9552	0.1	1.3681e-002
606	2.108	4.1474	0.1	4.3233e-003
607	2.031	4.4223	0.1	3.8617e-003
608	2.1739	4.4182	0.1	4.3807e-003
609	2.0294	3.8775	0.1	4.0606e-003
610	2.1741	3.9792	0.1	4.7118e-003
611	7.1814	3.0049	0.1	7.1991e-002
612	8.0056	2.4022	0.1	8.7519e-002
613	6.7471	2.2892	0.1	6.352e-002
614	7.5765	1.7786	0.1	7.8494e-002
615	3.0856	1.4331	0.1	9.973e-003
616	3.6718	1.5989	0.1	1.6669e-002
617	3.3758	1.1348	0.1	1.2509e-002
618	2.8627	1.7562	0.1	8.4747e-003
619	2.8483	1.2099	0.1	7.0477e-003
620	2.6296	1.4269	0.1	5.474e-003
621	3.1385	0.91164	0.1	9.429e-003
622	2.6254	1.033	0.1	4.3117e-003
623	1.9524	4.1524	0.1	3.7179e-003
624	1.435	4.3122	0.1	2.0189e-003
625	2.0811	3.4688	0.1	4.4486e-003
626	0.97527	3.6983	0.1	9.1675e-004
627	1.8135	4.7988	0.1	2.9321e-003
628	2.0971	4.7542	0.1	3.8122e-003
629	1.0594	1.0879	0.1	5.3135e-004
630	1.6835	1.1798	0.1	1.5084e-003
631	0.56346	1.8798	0.1	1.8562e-004
632	3.7028	4.5104	0.1	1.862e-002
633	4.6961	4.66	0.1	3.1358e-002
634	4.3648	4.0477	0.1	2.6904e-002
635	3.2491	4.1568	0.1	1.3731e-002
636	3.1774	4.8707	0.1	1.2535e-002
637	3.8412	5.0079	0.1	2.0051e-002
638	2.8604	4.6037	0.1	9.5117e-003
639	3.1988	5.2406	0.1	1.241e-002
640	2.7237	5.0171	0.1	7.6256e-003
641	21.04	3.6226	0.1	0.42094
642	21.641	3.0083	0.1	0.43746
643	21.604	4.2223	0.1	0.43705
644	22.179	3.636	0.1	0.45289
645	11.564	3.6401	0.1	0.16729
646	12.766	3.6333	0.1	0.19701
647	12.242	3.0419	0.1	0.18366
648	12.116	4.2296	0.1	0.18095
649	7.681	3.6181	0.1	8.1735e-002
650	6.2274	3.373	0.1	5.5051e-002
651	6.7711	4.1326	0.1	6.4699e-002
652	9.027	3.6134	0.1	0.10927
653	8.5051	3.0154	0.1	9.8067e-002
654	8.2965	4.1924	0.1	9.4066e-002
655	10.321	3.6339	0.1	0.13799
656	9.7896	3.0331	0.1	0.12571
657	9.6301	4.2143	0.1	0.12249
658	11.039	3.0415	0.1	0.15448
659	10.89	4.2375	0.1	0.15134
660	13.963	3.6276	0.1	0.22763
661	13.432	3.0318	0.1	0.21367
662	13.315	4.2179	0.1	0.21111
663	15.154	3.6322	0.1	0.25899
664	14.617	3.029	0.1	0.2445
665	14.516	4.2228	0.1	0.24231
666	16.339	3.634	0.1	0.29086
667	15.797	3.0351	0.1	0.27594
668	15.705	4.2265	0.1	0.27397
669	17.53	3.6338	0.1	0.32339
670	16.975	3.0321	0.1	0.30789
671	16.896	4.2257	0.1	0.30626
672	18.725	3.628	0.1	0.35638
673	18.162	3.0348	0.1	0.34051
674	18.095	4.2234	0.1	0.3392
675	19.895	3.6222	0.1	0.38892
676	19.348	3.0296	0.1	0.37339
677	19.288	4.2155	0.1	0.37228
678	20.493	3.0181	0.1	0.40534
679	20.45	4.2209	0.1	0.40472
680	21.094	2.4038	0.1	0.42182
681	22.223	2.3997	0.1	0.45347
682	21.68	1.7963	0.1	0.43789
683	19.946	2.4255	0.1	0.38975
684	20.533	1.8101	0.1	0.40578
685	18.785	2.4365	0.1	0.35743
686	19.388	1.8277	0.1	0.37382
687	17.607	2.4331	0.1	0.32488
688	18.228	1.831	0.1	0.34163
689	16.433	2.4332	0.1	0.29279
690	17.062	1.832	0.1	0.30957
691	15.261	2.4318	0.1	0.26123
692	15.901	1.8307	0.1	0.27801
693	14.087	2.4331	0.1	0.23026
694	14.737	1.8307	0.1	0.24689
695	12.908	2.4404	0.1	0.19998
696	13.574	1.8344	0.1	0.21654
697	11.718	2.4433	0.1	0.17042
698	12.405	1.843	0.1	0.18689
699	10.507	2.4407	0.1	0.14166
700	11.228	1.8372	0.1	0.15813
701	9.2677	2.4351	0.1	0.11385
702	10.031	1.832	0.1	0.13025
703	8.7961	1.8265	0.1	0.10322
704	5.5576	2.0825	0.1	4.3121e-002
705	5.7931	2.6573	0.1	4.7396e-002
706	6.3821	1.6603	0.1	5.6408e-002
707	4.5084	1.822	0.1	2.7464e-002
708	5.2736	1.4763	0.1	3.8079e-002
709	4.2561	1.2684	0.1	2.3399e-002
710	3.3368	2.0158	0.1	1.3628e-002
711	5.0504	3.4449	0.1	3.6301e-002
712	4.8346	5.1576	0.1	3.3089e-002
713	3.8626	5.3778	0.1	2.0033e-002
714	4.5871	5.6543	0.1	2.9252e-002
715	5.9254	4.8169	0.1	4.9981e-002
716	5.6532	5.5033	0.1	4.5207e-002
717	7.3866	4.7069	0.1	7.6022e-002
718	5.5941	4.2045	0.1	4.4747e-002
719	6.8776	5.3136	0.1	6.6285e-002
720	8.8996	4.7934	0.1	0.10656
721	8.314	5.3934	0.1	9.4084e-002
722	10.199	4.818	0.1	0.13527
723	9.5902	5.4	0.1	0.12138
724	11.443	4.827	0.1	0.16454
725	10.813	5.4179	0.1	0.1494
726	12.665	4.8142	0.1	0.19469
727	12.034	5.409	0.1	0.17891
728	13.869	4.8132	0.1	0.2255
729	13.235	5.4052	0.1	0.20916
730	15.068	4.8171	0.1	0.25706
731	14.437	5.408	0.1	0.24043
732	16.262	4.8182	0.1	0.2892
733	15.633	5.4092	0.1	0.27232
734	17.461	4.8153	0.1	0.32194
735	16.831	5.409	0.1	0.30485
736	18.658	4.8109	0.1	0.35502
737	18.031	5.4063	0.1	0.33787
738	19.843	4.8141	0.1	0.38803
739	19.228	5.4047	0.1	0.3711
740	21.014	4.8205	0.1	0.42079
741	20.416	5.4094	0.1	0.4043
742	22.185	4.8199	0.1	0.45361
743	21.599	5.4111	0.1	0.43744
744	22.76	4.2336	0.1	0.46948
745	22.786	5.4087	0.1	0.47078
746	23.386	4.8087	0.1	0.48734
747	22.762	3.0274	0.1	0.46892
748	23.374	3.6248	0.1	0.48641
749	22.81	1.7987	0.1	0.46962
750	23.388	2.4025	0.1	0.48617
751	22.267	1.1952	0.1	0.45403
752	23.422	1.1961	0.1	0.48647
753	22.854	0.59614	0.1	0.47016
754	21.119	1.2025	0.1	0.42183
755	21.708	0.59911	0.1	0.438
756	19.974	1.2123	0.1	0.38981
757	20.569	0.6034	0.1	0.40607
758	18.83	1.2222	0.1	0.35794
759	19.427	0.60887	0.1	0.37415
760	17.683	1.2299	0.1	0.3262
761	18.289	0.61333	0.1	0.3425
762	16.531	1.2295	0.1	0.29463
763	17.144	0.61659	0.1	0.31091
764	15.377	1.2296	0.1	0.26347
765	16.	0.61295	0.1	0.27972
766	14.224	1.232	0.1	0.23291
767	14.853	0.61661	0.1	0.24896
768	13.071	1.237	0.1	0.20313
769	13.71	0.61536	0.1	0.21893
770	11.916	1.237	0.1	0.17421
771	12.564	0.62164	0.1	0.18966
772	10.752	1.2285	0.1	0.14625
773	11.418	0.61533	0.1	0.16137
774	9.5594	1.2233	0.1	0.11904
775	10.265	0.61321	0.1	0.13415
776	8.367	1.2029	0.1	9.3557e-002
777	9.0887	0.61014	0.1	0.10792
778	7.2114	1.1497	0.1	7.075e-002
779	7.9357	0.59274	0.1	8.3927e-002
780	6.098	1.054	0.1	5.0752e-002
781	6.7966	0.55692	0.1	6.2167e-002
782	5.0214	0.92273	0.1	3.3512e-002
783	5.6858	0.49709	0.1	4.3031e-002
784	3.9601	0.80429	0.1	1.8832e-002
785	4.5835	0.42563	0.1	2.6358e-002
786	1.2961	4.9586	0.1	1.5035e-003
787	0.4597	4.8139	0.1	2.1619e-004
788	1.0197	5.4139	0.1	8.3523e-004
789	2.9198	0.62866	0.1	6.3481e-003
790	3.4881	0.37866	0.1	1.2217e-002
791	1.6159	0.65814	0.1	1.1542e-003
792	0.4959	1.0081	0.1	1.0477e-004
793	1.0559	0.40814	0.1	4.2926e-004
794	2.8818	5.4735	0.1	8.643e-003
795	3.4816	5.7235	0.1	1.5097e-002
796	1.9564	5.2947	0.1	2.9464e-003
797	1.6764	5.5447	0.1	2.0752e-003
798	2.4301	2.7435	0.1	6.5011e-003
799	2.5276	2.173	0.1	6.4676e-003
800	3.7044	3.5118	0.1	1.8743e-002
801	2.4911	3.1915	0.1	7.0673e-003
802	2.2259	2.5705	0.1	5.0289e-003
803	2.2259	3.5705	0.1	5.1944e-003
804	2.5886	3.6209	0.1	7.7762e-003
805	1.68	6.3692e-031	0.	9.0998e-004
806	0.56	2.1231e-031	0.	8.2165e-005
807	1.12	0.	5.e-002	3.6632e-004
808	2.24	0.25	0.	1.9073e-003
809	2.24	8.4923e-031	5.e-002	1.7009e-003
810	5.2451e-015	0.6	0.	0.
811	0.	0.	5.e-002	0.
812	4.1114	0.	0.	1.9089e-002
813	2.9749	0.	0.	5.3221e-003
814	3.5432	0.	5.e-002	1.1951e-002
815	5.2479	0.	0.	3.5148e-002
816	4.6796	0.	5.e-002	2.6789e-002
817	6.3844	0.	0.	5.3772e-002
818	5.8161	0.	5.e-002	4.4143e-002
819	7.5209	0.	0.	7.47e-002
820	6.9526	0.	5.e-002	6.3955e-002
821	8.6574	0.	0.	9.7704e-002
822	8.0891	0.	5.e-002	8.5953e-002
823	9.7939	0.	0.	0.1225
824	9.2256	0.	5.e-002	0.10989
825	10.93	0.	0.	0.14882
826	10.362	0.	5.e-002	0.13548
827	12.067	0.	0.	0.17644
828	11.499	0.	5.e-002	0.16248
829	13.203	0.	0.	0.20515
830	12.635	0.	5.e-002	0.19067
831	14.34	0.	0.	0.23473
832	13.772	0.	5.e-002	0.21984
833	15.476	0.	0.	0.26502
834	14.908	0.	5.e-002	0.24979
835	16.613	0.	0.	0.29586
836	16.045	0.	5.e-002	0.28038
837	17.749	0.	0.	0.3271
838	17.181	0.	5.e-002	0.31143
839	18.886	0.	0.	0.35864
840	18.318	0.	5.e-002	0.34284
841	20.022	0.	0.	0.39037
842	19.454	0.	5.e-002	0.37448
843	21.159	0.	0.	0.42222
844	20.591	0.	5.e-002	0.40628
845	22.295	0.	0.	0.45413
846	21.727	0.	5.e-002	0.43817
847	23.432	0.	0.	0.48605
848	22.864	0.	5.e-002	0.47009
849	2.4067	0.25	0.	6.4304e-004
850	2.4067	0.	5.e-002	1.0389e-003
851	24.	0.6	0.	0.50236
852	24.	0.	5.e-002	0.50201
853	1.4	6.	0.	1.23e-003
854	1.96	6.	0.	2.4048e-003
855	1.68	6.	5.e-002	1.7838e-003
856	0.56	6.	0.	1.6684e-004
857	1.12	6.	5.e-002	7.7209e-004
858	2.24	5.75	0.	3.2668e-003
859	2.24	6.	5.e-002	3.0684e-003
860	4.7206e-014	5.4	0.	0.
861	5.2451e-014	6.	5.e-002	0.
862	3.6716e-014	4.2	0.	0.
863	4.2529e-014	4.8	5.e-002	0.
864	2.6226e-014	3.	0.	0.
865	1.12	2.8	0.	1.072e-003
866	3.1897e-014	3.6	5.e-002	0.
867	1.5735e-014	1.8	0.	0.
868	1.12	1.95	0.	7.9831e-004
869	2.1264e-014	2.4	5.e-002	0.
870	1.0632e-014	1.2	5.e-002	0.
871	24.	1.8	0.	0.50303
872	24.	1.2	5.e-002	0.50269
873	24.	3.	0.	0.50367
874	24.	2.4	5.e-002	0.50335
875	24.	4.2	0.	0.50428
876	24.	3.6	5.e-002	0.50398
877	24.	5.4	0.	0.50486
878	24.	4.8	5.e-002	0.50457
879	23.4	6.	0.	0.4883
880	24.	6.	5.e-002	0.50514
881	22.201	6.	0.	0.4546
882	22.8	6.	5.e-002	0.47144
883	21.001	6.	0.	0.42092
884	21.601	6.	5.e-002	0.43775
885	19.801	6.	0.	0.38732
886	20.401	6.	5.e-002	0.40411
887	18.602	6.	0.	0.35387
888	19.201	6.	5.e-002	0.37057
889	17.402	6.	0.	0.32065
890	18.002	6.	5.e-002	0.33722
891	16.202	6.	0.	0.2878
892	16.802	6.	5.e-002	0.30417
893	15.003	6.	0.	0.25546
894	15.603	6.	5.e-002	0.27155
895	13.803	6.	0.	0.2238
896	14.403	6.	5.e-002	0.23953
897	12.604	6.	0.	0.19301
898	13.203	6.	5.e-002	0.20828
899	11.404	6.	0.	0.16332
900	12.004	6.	5.e-002	0.17801
901	10.204	6.	0.	0.13496
902	10.804	6.	5.e-002	0.14895
903	9.0046	6.	0.	0.10821
904	9.6044	6.	5.e-002	0.12136
905	7.805	6.	0.	8.34e-002
906	8.4048	6.	5.e-002	9.5533e-002
907	6.6054	6.	0.	6.0847e-002
908	7.2052	6.	5.e-002	7.1812e-002
909	5.4057	6.	0.	4.0841e-002
910	6.0056	6.	5.e-002	5.0492e-002
911	4.2061	6.	0.	2.3784e-002
912	4.8059	6.	5.e-002	3.1948e-002
913	3.0065	6.	0.	9.2462e-003
914	3.6063	6.	5.e-002	1.6235e-002
915	2.4067	5.75	0.	3.119e-003
916	2.4067	6.	5.e-002	2.6478e-003
917	2.24	4.75	0.	4.2541e-003
918	2.24	4.25	0.	4.7971e-003
919	2.24	4.5	5.e-002	4.5261e-003
920	2.24	5.25	0.	3.7333e-003
921	2.24	5.	5.e-002	3.9886e-003
922	2.24	5.5	5.e-002	3.4895e-003
923	2.3233	4.	0.	5.5576e-003
924	2.24	4.	5.e-002	5.0387e-003
925	2.4067	5.25	0.	3.9785e-003
926	2.4067	5.5	5.e-002	3.497e-003
927	2.4067	4.75	0.	4.9382e-003
928	2.4067	5.	5.e-002	4.4056e-003
929	2.4067	4.25	0.	5.8802e-003
930	2.4067	4.5	5.e-002	5.3905e-003
931	2.4067	4.	5.e-002	6.1243e-003
932	2.24	1.25	0.	2.9538e-003
933	2.24	1.75	0.	3.631e-003
934	2.24	1.5	5.e-002	3.1866e-003
935	2.24	0.75	0.	2.3569e-003
936	2.24	1.	5.e-002	2.6131e-003
937	2.24	0.5	5.e-002	2.1141e-003
938	2.3233	2.	0.	4.5821e-003
939	2.24	2.	5.e-002	4.1315e-003
940	2.4067	0.75	0.	1.2968e-003
941	2.4067	0.5	5.e-002	4.1982e-004
942	2.4067	1.25	0.	2.7965e-003
943	2.4067	1.	5.e-002	1.9345e-003
944	2.4067	1.75	0.	4.4669e-003
945	2.4067	1.5	5.e-002	3.5862e-003
946	2.4067	2.	5.e-002	5.1422e-003
947	2.4067	0.75	0.1	1.2968e-003
948	2.4067	0.25	0.1	6.4304e-004
949	2.4067	1.25	0.1	2.7965e-003
950	2.4067	1.75	0.1	4.4669e-003
951	2.3233	2.	0.1	4.5821e-003
952	2.24	1.75	0.1	3.631e-003
953	1.12	2.8	0.1	1.072e-003
954	2.24	1.25	0.1	2.9538e-003
955	1.12	1.95	0.1	7.9831e-004
956	2.24	0.75	0.1	2.3569e-003
957	2.24	0.25	0.1	1.9073e-003
958	2.4067	5.25	0.1	3.9785e-003
959	2.4067	5.75	0.1	3.119e-003
960	2.4067	4.75	0.1	4.9382e-003
961	2.4067	4.25	0.1	5.8802e-003
962	2.3233	4.	0.1	5.5576e-003
963	2.24	4.25	0.1	4.7971e-003
964	2.24	4.75	0.1	4.2541e-003
965	2.24	5.25	0.1	3.7333e-003
966	2.24	5.75	0.1	3.2668e-003
967	3.0065	6.	0.1	9.2462e-003
968	4.2061	6.	0.1	2.3784e-002
969	5.4057	6.	0.1	4.0841e-002
970	6.6054	6.	0.1	6.0847e-002
971	7.805	6.	0.1	8.34e-002
972	9.0046	6.	0.1	0.10821
973	10.204	6.	0.1	0.13496
974	11.404	6.	0.1	0.16332
975	12.604	6.	0.1	0.19301
976	13.803	6.	0.1	0.2238
977	15.003	6.	0.1	0.25546
978	16.202	6.	0.1	0.2878
979	17.402	6.	0.1	0.32065
980	18.602	6.	0.1	0.35387
981	19.801	6.	0.1	0.38732
982	21.001	6.	0.1	0.42092
983	22.201	6.	0.1	0.4546
984	23.4	6.	0.1	0.4883
985	24.	5.4	0.1	0.50486
986	24.	4.2	0.1	0.50428
987	24.	3.	0.1	0.50367
988	24.	1.8	0.1	0.50303
989	24.	0.6	0.1	0.50236
990	1.5735e-014	1.8	0.1	0.
991	5.2451e-015	0.6	0.1	0.
992	2.6226e-014	3.	0.1	0.
993	3.6716e-014	4.2	0.1	0.
994	4.7206e-014	5.4	0.1	0.
995	0.56	6.	0.1	1.6684e-004
996	1.4	6.	0.1	1.23e-003
997	1.96	6.	0.1	2.4048e-003
998	23.432	0.	0.1	0.48605
999	22.295	0.	0.1	0.45413
1000	21.159	0.	0.1	0.42222
1001	20.022	0.	0.1	0.39037
1002	18.886	0.	0.1	0.35864
1003	17.749	0.	0.1	0.3271
1004	16.613	0.	0.1	0.29586
1005	15.476	0.	0.1	0.26502
1006	14.34	0.	0.1	0.23473
1007	13.203	0.	0.1	0.20515
1008	12.067	0.	0.1	0.17644
1009	10.93	0.	0.1	0.14882
1010	9.7939	0.	0.1	0.1225
1011	8.6574	0.	0.1	9.7704e-002
1012	7.5209	0.	0.1	7.47e-002
1013	6.3844	0.	0.1	5.3772e-002
1014	5.2479	0.	0.1	3.5148e-002
1015	4.1114	0.	0.1	1.9089e-002
1016	2.9749	0.	0.1	5.3221e-003
1017	1.68	6.3692e-031	0.1	9.0998e-004
1018	0.56	2.1231e-031	0.1	8.2165e-005
