Node Number	X Location (in)	Y Location (in)	Z Location (in)	Middle Principal Elastic Strain (in/in)
1	3.116	3.391	0.	5.1436e-005
2	3.2636	2.6135	0.	2.7279e-005
3	4.1349	3.3431	0.	1.9698e-005
4	0.90296	0.81711	0.	1.9749e-005
5	3.3884	0.76918	0.	2.5356e-005
6	1.0428	4.4249	0.	4.6936e-005
7	3.3515	4.7124	0.	3.2854e-005
8	2.9153	5.0573	0.	1.8302e-005
9	3.1067	5.4602	0.	2.2837e-005
10	4.22	2.1722	0.	1.7357e-005
11	5.3108	3.4917	0.	2.3741e-005
12	4.4705	1.031	0.	3.1547e-005
13	5.5403	1.1606	0.	2.711e-005
14	6.6886	1.1965	0.	2.5662e-005
15	7.8651	1.2076	0.	2.3443e-005
16	9.0341	1.2051	0.	2.1016e-005
17	10.206	1.2018	0.	1.8421e-005
18	11.368	1.2062	0.	1.5363e-005
19	12.525	1.2115	0.	1.261e-005
20	13.668	1.2111	0.	1.0134e-005
21	14.813	1.2025	0.	7.9601e-006
22	15.967	1.1852	0.	6.0472e-006
23	17.113	1.1848	0.	4.3677e-006
24	18.26	1.1843	0.	2.9671e-006
25	19.407	1.1841	0.	1.818e-006
26	20.554	1.1853	0.	9.2605e-007
27	21.702	1.1932	0.	2.8706e-007
28	22.851	1.1959	0.	-9.5014e-008
29	22.845	2.3946	0.	-2.406e-007
30	22.844	3.6006	0.	-2.3906e-007
31	22.848	4.8065	0.	-9.3702e-008
32	21.695	4.7955	0.	2.9376e-007
33	20.539	4.7866	0.	9.3954e-007
34	19.391	4.7818	0.	1.8402e-006
35	18.246	4.7811	0.	2.9909e-006
36	17.101	4.7815	0.	4.3949e-006
37	15.956	4.7821	0.	6.0557e-006
38	14.814	4.8024	0.	7.9647e-006
39	13.667	4.8237	0.	1.0161e-005
40	12.507	4.8237	0.	1.2639e-005
41	11.354	4.8132	0.	1.542e-005
42	10.189	4.8101	0.	1.8448e-005
43	9.0152	4.808	0.	2.1109e-005
44	7.8105	4.7891	0.	2.3634e-005
45	6.5554	4.7695	0.	2.5756e-005
46	5.1231	4.763	0.	2.6519e-005
47	4.1114	5.2513	0.	3.2721e-005
48	5.4324	2.317	0.	2.1641e-005
49	6.6197	2.3854	0.	2.3053e-005
50	7.8096	2.4081	0.	2.2337e-005
51	9.0001	2.4116	0.	2.0538e-005
52	10.195	2.4078	0.	1.8209e-005
53	11.354	2.4185	0.	1.5342e-005
54	12.506	2.4278	0.	1.2576e-005
55	13.647	2.4254	0.	1.0094e-005
56	14.801	2.3981	0.	7.8813e-006
57	15.961	2.3883	0.	5.9384e-006
58	17.106	2.3878	0.	4.2558e-006
59	18.252	2.3881	0.	2.8524e-006
60	19.399	2.3893	0.	1.7011e-006
61	20.545	2.3917	0.	8.0467e-007
62	21.693	2.395	0.	1.6137e-007
63	21.687	3.5925	0.	1.6475e-007
64	20.538	3.5846	0.	8.0775e-007
65	19.391	3.5807	0.	1.7054e-006
66	18.245	3.5794	0.	2.8596e-006
67	17.099	3.5792	0.	4.2693e-006
68	15.954	3.5795	0.	5.9375e-006
69	14.801	3.6026	0.	7.8695e-006
70	13.655	3.6196	0.	1.0086e-005
71	12.504	3.6242	0.	1.2559e-005
72	11.348	3.6252	0.	1.5373e-005
73	10.173	3.6099	0.	1.8221e-005
74	8.9812	3.6099	0.	2.0482e-005
75	7.7665	3.602	0.	2.2403e-005
76	6.5265	3.5794	0.	2.3571e-005
77	3.85	4.1587	0.	2.34e-005
78	1.026	1.3599	0.	-2.2214e-006
79	1.524	4.1158	0.	1.4339e-005
80	1.7971	3.9325	0.	1.0033e-004
81	2.4688	2.4213	0.	3.9046e-005
82	3.205	1.4445	0.	3.4795e-005
83	2.8214	2.0121	0.	2.7329e-005
84	2.6489	3.3785	0.	2.02e-005
85	2.5923	3.0267	0.	3.5679e-005
86	1.9668	3.8884	0.	1.1868e-004
173	2.2067	4.	0.	5.1451e-005
174	2.2067	4.5	0.	1.451e-005
175	2.2067	5.	0.	1.2377e-005
176	2.2067	5.5	0.	5.0773e-007
177	2.04	4.	0.	4.0563e-005
178	2.04	5.5	0.	8.2002e-006
179	2.04	5.	0.	3.1041e-005
180	2.04	4.5	0.	-2.2657e-005
181	2.2067	2.	0.	4.3849e-005
182	2.2067	1.5	0.	5.3533e-005
183	2.2067	1.	0.	2.901e-005
184	2.2067	0.5	0.	1.2102e-005
185	2.04	2.	0.	6.2291e-006
186	2.04	0.5	0.	2.4356e-005
187	2.04	1.	0.	4.6216e-005
188	2.04	1.5	0.	-1.1916e-005
189	2.2067	6.	0.	3.4353e-006
190	3.3537	6.	0.	2.4058e-005
191	4.5007	6.	0.	3.2482e-005
192	5.6477	6.	0.	3.1644e-005
193	6.7947	6.	0.	2.715e-005
194	7.9418	6.	0.	2.5058e-005
195	9.0888	6.	0.	2.1438e-005
196	10.236	6.	0.	1.8277e-005
197	11.383	6.	0.	1.529e-005
198	12.53	6.	0.	1.2539e-005
199	13.677	6.	0.	1.0124e-005
200	14.824	6.	0.	7.9285e-006
201	15.971	6.	0.	5.9932e-006
202	17.118	6.	0.	4.3377e-006
203	18.265	6.	0.	2.9336e-006
204	19.412	6.	0.	1.7876e-006
205	20.559	6.	0.	9.0025e-007
206	21.706	6.	0.	2.7319e-007
207	22.853	6.	0.	-7.9536e-008
208	24.	6.	0.	-1.0595e-007
209	24.	4.8	0.	-2.1277e-007
210	24.	3.6	0.	-3.6332e-007
211	24.	2.4	0.	-3.6273e-007
212	24.	1.2	0.	-2.1201e-007
213	1.049e-014	1.2	0.	-1.5546e-006
214	2.0981e-014	2.4	0.	-9.1044e-006
215	3.1471e-014	3.6	0.	-8.3507e-006
216	4.1961e-014	4.8	0.	-3.6149e-006
217	24.	0.	0.	-1.083e-007
218	2.2067	0.	0.	5.9688e-006
219	22.853	0.	0.	-8.1442e-008
220	21.706	0.	0.	2.7522e-007
221	20.559	0.	0.	9.1176e-007
222	19.412	0.	0.	1.8015e-006
223	18.265	0.	0.	2.9491e-006
224	17.118	0.	0.	4.3527e-006
225	15.971	0.	0.	6.0075e-006
226	14.824	0.	0.	7.9303e-006
227	13.677	0.	0.	1.0127e-005
228	12.53	0.	0.	1.2582e-005
229	11.383	0.	0.	1.5308e-005
230	10.236	0.	0.	1.8343e-005
231	9.0888	0.	0.	2.1673e-005
232	7.9418	0.	0.	2.4905e-005
233	6.7947	0.	0.	2.8266e-005
234	5.6477	0.	0.	3.0966e-005
235	4.5007	0.	0.	3.4047e-005
236	3.3537	0.	0.	2.2822e-005
237	0.	0.	0.	-4.5162e-006
238	2.04	0.	0.	1.3593e-005
239	1.02	-2.5591e-031	0.	3.1353e-005
240	3.937e-014	6.	0.	-7.6921e-007
241	2.04	6.	0.	-5.7061e-006
242	1.02	6.	0.	3.8133e-005
313	3.1898	3.0022	0.	3.9387e-005
314	3.6254	3.367	0.	3.4837e-005
315	2.8825	3.3847	0.	3.5719e-005
317	2.6613	3.6955	0.	4.4213e-005
318	3.7418	2.3929	0.	2.2124e-005
319	3.0425	2.3128	0.	2.8088e-005
320	2.928	2.8201	0.	3.0777e-005
322	4.1774	2.7577	0.	1.8492e-005
323	4.7228	3.4174	0.	2.1593e-005
324	3.9924	3.7509	0.	2.1312e-005
326	0.96451	1.0885	0.	8.2274e-006
328	1.4715	0.65856	0.	1.831e-005
329	0.45148	1.0086	0.	8.5774e-006
330	0.96148	0.40856	0.	2.4847e-005
331	3.9294	0.90008	0.	3.1521e-005
332	3.2967	1.1068	0.	3.0123e-005
334	2.7975	0.63459	0.	2.3946e-005
335	3.371	0.38459	0.	2.4072e-005
336	1.2834	4.2703	0.	3.2236e-005
338	1.5414	4.9624	0.	2.9141e-005
339	1.5414	3.2124	0.	7.2817e-006
340	0.5214	4.6124	0.	2.0077e-005
341	1.0314	5.2124	0.	4.3401e-005
342	3.1334	4.8849	0.	2.7947e-005
343	3.7314	4.9819	0.	3.4876e-005
344	3.6007	4.4356	0.	3.1481e-005
346	2.7791	4.6062	0.	2.7775e-005
347	3.011	5.2587	0.	2.0538e-005
349	2.561	5.0286	0.	1.4583e-005
350	3.609	5.3557	0.	3.0463e-005
352	2.6567	5.4801	0.	1.7193e-005
353	3.2302	5.7301	0.	2.4294e-005
354	4.3453	1.6016	0.	2.4452e-005
355	4.8262	2.2446	0.	1.95e-005
356	3.7125	1.8084	0.	3.2238e-005
358	5.2169	4.1273	0.	2.5132e-005
359	5.3716	2.9044	0.	2.2804e-005
360	5.9186	3.5356	0.	2.3733e-005
362	5.0054	1.0958	0.	2.9318e-005
364	4.4856	0.51549	0.	3.2868e-005
365	6.1144	1.1785	0.	2.6394e-005
366	5.4863	1.7388	0.	2.438e-005
368	5.594	0.58028	0.	2.903e-005
369	7.2768	1.202	0.	2.4544e-005
370	6.6541	1.7909	0.	2.4357e-005
372	6.7417	0.59824	0.	2.694e-005
373	8.4496	1.2064	0.	2.2226e-005
374	7.8373	1.8078	0.	2.2881e-005
376	7.9034	0.60378	0.	2.415e-005
377	9.6198	1.2035	0.	1.9727e-005
378	9.0171	1.8084	0.	2.0762e-005
380	9.0615	0.60257	0.	2.14e-005
381	10.787	1.204	0.	1.6921e-005
382	10.2	1.8048	0.	1.8303e-005
384	10.221	0.60089	0.	1.8409e-005
385	11.946	1.2089	0.	1.3987e-005
386	11.361	1.8124	0.	1.5353e-005
388	11.375	0.6031	0.	1.5335e-005
389	13.096	1.2113	0.	1.1372e-005
390	12.515	1.8197	0.	1.2593e-005
392	12.527	0.60577	0.	1.2597e-005
393	14.241	1.2068	0.	9.0471e-006
394	13.658	1.8182	0.	1.0114e-005
396	13.672	0.60556	0.	1.0131e-005
397	15.39	1.1938	0.	7.0037e-006
398	14.807	1.8003	0.	7.921e-006
400	14.819	0.60123	0.	7.9454e-006
401	16.54	1.185	0.	5.2075e-006
402	15.964	1.7868	0.	5.9932e-006
404	15.969	0.59259	0.	6.0276e-006
405	17.686	1.1846	0.	3.6674e-006
406	17.11	1.7863	0.	4.3121e-006
408	17.115	0.59238	0.	4.3605e-006
409	18.833	1.1842	0.	2.3925e-006
410	18.256	1.7862	0.	2.9101e-006
412	18.262	0.59217	0.	2.9584e-006
413	19.98	1.1847	0.	1.372e-006
414	19.403	1.7867	0.	1.7599e-006
416	19.409	0.59206	0.	1.8101e-006
417	21.128	1.1893	0.	6.0652e-007
418	20.55	1.7885	0.	8.657e-007
420	20.557	0.59267	0.	9.1922e-007
421	22.276	1.1945	0.	9.5883e-008
422	21.698	1.7941	0.	2.2454e-007
424	21.704	0.5966	0.	2.8136e-007
425	22.848	1.7952	0.	-1.6743e-007
427	23.425	1.1979	0.	-1.5442e-007
428	22.852	0.59793	0.	-8.7949e-008
429	22.845	2.9976	0.	-2.3944e-007
430	22.269	2.3948	0.	-3.9906e-008
432	23.423	2.3973	0.	-3.0273e-007
433	22.846	4.2036	0.	-1.6598e-007
434	22.266	3.5966	0.	-3.744e-008
436	23.422	3.6003	0.	-3.0233e-007
437	22.271	4.801	0.	9.9887e-008
439	22.85	5.4033	0.	-8.6317e-008
440	23.424	4.8033	0.	-1.5418e-007
441	21.117	4.791	0.	6.1662e-007
442	21.691	4.194	0.	2.296e-007
444	21.7	5.3977	0.	2.8368e-007
445	19.965	4.7842	0.	1.3899e-006
446	20.539	4.1856	0.	8.74e-007
448	20.549	5.3933	0.	9.2008e-007
449	18.819	4.7815	0.	2.4156e-006
450	19.391	4.1813	0.	1.7732e-006
452	19.402	5.3909	0.	1.8141e-006
453	17.673	4.7813	0.	3.6929e-006
454	18.245	4.1803	0.	2.9256e-006
456	18.255	5.3906	0.	2.9624e-006
457	16.529	4.7818	0.	5.2253e-006
458	17.1	4.1804	0.	4.3324e-006
460	17.109	5.3908	0.	4.3665e-006
461	15.385	4.7923	0.	7.0102e-006
462	15.955	4.1808	0.	5.9969e-006
464	15.963	5.3911	0.	6.0248e-006
465	14.24	4.813	0.	9.0629e-006
466	14.808	4.2025	0.	7.9176e-006
468	14.819	5.4012	0.	7.9472e-006
469	13.087	4.8237	0.	1.14e-005
470	13.661	4.2216	0.	1.0124e-005
472	13.672	5.4118	0.	1.0143e-005
473	11.93	4.8185	0.	1.403e-005
474	12.505	4.224	0.	1.26e-005
476	12.518	5.4119	0.	1.2589e-005
477	10.771	4.8117	0.	1.6955e-005
478	11.351	4.2192	0.	1.5397e-005
480	11.368	5.4066	0.	1.5355e-005
481	9.602	4.8091	0.	1.9784e-005
482	10.181	4.21	0.	1.832e-005
484	10.212	5.4051	0.	1.8384e-005
485	8.4128	4.7985	0.	2.2371e-005
486	8.9982	4.209	0.	2.078e-005
488	9.052	5.404	0.	2.154e-005
489	7.183	4.7793	0.	2.4695e-005
490	7.7885	4.1955	0.	2.3012e-005
492	7.8761	5.3945	0.	2.4522e-005
493	5.8393	4.7662	0.	2.615e-005
494	6.541	4.1744	0.	2.4657e-005
496	6.6751	5.3847	0.	2.6448e-005
497	4.6173	5.0071	0.	2.9688e-005
498	4.4865	4.4608	0.	2.4923e-005
500	5.3854	5.3815	0.	3.0432e-005
502	4.3061	5.6256	0.	3.3845e-005
503	6.026	2.3512	0.	2.2351e-005
505	7.2146	2.3968	0.	2.2693e-005
506	6.5731	2.9824	0.	2.3312e-005
508	8.4048	2.4099	0.	2.1437e-005
509	7.788	3.0051	0.	2.2367e-005
511	9.5977	2.4097	0.	1.9374e-005
512	8.9907	3.0108	0.	2.0499e-005
514	10.775	2.4132	0.	1.6919e-005
515	10.184	3.0088	0.	1.8197e-005
517	11.93	2.4232	0.	1.3959e-005
518	11.351	3.0218	0.	1.5358e-005
520	13.076	2.4266	0.	1.1335e-005
521	12.505	3.026	0.	1.2568e-005
523	14.224	2.4117	0.	8.9877e-006
524	13.651	3.0225	0.	1.009e-005
526	15.381	2.3932	0.	6.9098e-006
527	14.801	3.0004	0.	7.8758e-006
529	16.533	2.3881	0.	5.0971e-006
530	15.957	2.9839	0.	5.9384e-006
532	17.679	2.388	0.	3.5541e-006
533	17.103	2.9835	0.	4.263e-006
535	18.825	2.3887	0.	2.2767e-006
536	18.249	2.9838	0.	2.8564e-006
538	19.972	2.3905	0.	1.2528e-006
539	19.395	2.985	0.	1.7037e-006
541	21.119	2.3933	0.	4.8292e-007
542	20.542	2.9881	0.	8.0663e-007
544	21.69	2.9938	0.	1.6346e-007
546	21.113	3.5886	0.	4.8616e-007
548	19.965	3.5827	0.	1.2565e-006
550	18.818	3.5801	0.	2.2825e-006
552	17.672	3.5793	0.	3.5644e-006
554	16.527	3.5793	0.	5.1034e-006
556	15.378	3.5911	0.	6.9035e-006
558	14.228	3.6111	0.	8.9776e-006
560	13.079	3.6219	0.	1.1323e-005
562	11.926	3.6247	0.	1.3966e-005
564	10.761	3.6175	0.	1.6945e-005
566	9.5769	3.6099	0.	1.9351e-005
568	8.3739	3.606	0.	2.1441e-005
570	7.1465	3.5907	0.	2.2985e-005
574	3.0283	4.0794	0.	3.6031e-005
576	1.533	1.1799	0.	2.8465e-005
577	0.51302	1.8799	0.	-1.1235e-006
578	1.6606	4.0241	0.	5.7373e-005
580	1.782	4.5579	0.	1.6741e-005
581	1.8654	3.0579	0.	5.8862e-005
582	2.1329	3.1769	0.	9.0088e-005
583	1.882	3.9104	0.	1.0936e-004
585	1.9185	4.2163	0.	2.757e-005
586	2.6451	2.2167	0.	3.3516e-005
587	2.5305	2.724	0.	3.5898e-005
589	2.3377	2.2107	0.	4.1866e-005
590	3.0132	1.7283	0.	3.6985e-005
592	2.7059	1.2222	0.	3.2136e-005
594	2.514	1.756	0.	5.4409e-005
595	2.6206	3.2026	0.	3.7789e-005
597	2.3445	3.6893	0.	5.0655e-005
598	2.2796	3.4576	0.	1.0041e-004
601	2.0034	3.9442	0.	1.0874e-004
805	2.2067	4.25	0.	3.4958e-005
806	2.1233	4.	0.	4.0763e-005
808	2.2067	4.75	0.	1.4793e-005
810	2.2067	5.25	0.	1.2222e-005
812	2.2067	5.75	0.	5.4033e-007
814	2.04	4.25	0.	5.4362e-006
816	2.04	5.25	0.	1.9572e-005
817	2.04	5.75	0.	-9.1874e-006
819	2.04	4.75	0.	2.8393e-006
822	2.2067	1.75	0.	5.1944e-005
823	2.1233	2.	0.	2.3213e-005
825	2.2067	1.25	0.	4.3343e-005
827	2.2067	0.75	0.	2.4912e-005
829	2.2067	0.25	0.	7.4817e-006
831	2.04	1.75	0.	-1.7124e-006
832	1.02	2.8	0.	-2.5535e-007
834	2.04	0.75	0.	3.5548e-005
835	2.04	0.25	0.	1.7613e-005
837	2.04	1.25	0.	3.8064e-005
839	1.02	1.95	0.	-9.3409e-006
841	2.7802	6.	0.	1.3694e-005
843	3.9272	6.	0.	2.9083e-005
845	5.0742	6.	0.	3.2063e-005
847	6.2212	6.	0.	3.0091e-005
849	7.3682	6.	0.	2.6298e-005
851	8.5153	6.	0.	2.3273e-005
853	9.6623	6.	0.	1.9859e-005
855	10.809	6.	0.	1.6783e-005
857	11.956	6.	0.	1.3915e-005
859	13.103	6.	0.	1.1332e-005
861	14.25	6.	0.	9.0264e-006
863	15.397	6.	0.	6.9609e-006
865	16.544	6.	0.	5.1654e-006
867	17.691	6.	0.	3.6356e-006
869	18.838	6.	0.	2.3606e-006
871	19.985	6.	0.	1.3439e-006
873	21.132	6.	0.	5.866e-007
875	22.279	6.	0.	9.6239e-008
877	23.426	6.	0.	-1.1716e-007
879	24.	5.4	0.	-1.8123e-007
881	24.	4.2	0.	-2.8779e-007
883	24.	3.	0.	-3.628e-007
885	24.	1.8	0.	-2.8712e-007
887	24.	0.6	0.	-1.8127e-007
889	1.5735e-014	1.8	0.	-4.9091e-006
890	5.2451e-015	0.6	0.	-2.7941e-006
892	2.6226e-014	3.	0.	-1.3512e-007
894	3.6716e-014	4.2	0.	-6.1968e-006
896	4.7206e-014	5.4	0.	-2.5266e-006
898	23.426	0.	0.	-1.1835e-007
900	2.7802	0.	0.	1.8287e-005
902	22.279	0.	0.	9.633e-008
904	21.132	0.	0.	5.934e-007
906	19.985	0.	0.	1.3566e-006
908	18.838	0.	0.	2.3753e-006
910	17.691	0.	0.	3.6509e-006
912	16.544	0.	0.	5.1801e-006
914	15.397	0.	0.	6.9689e-006
916	14.25	0.	0.	9.0289e-006
918	13.103	0.	0.	1.1355e-005
920	11.956	0.	0.	1.3945e-005
922	10.809	0.	0.	1.6825e-005
924	9.6623	0.	0.	2.0011e-005
926	8.5153	0.	0.	2.3368e-005
928	7.3682	0.	0.	2.6575e-005
930	6.2212	0.	0.	2.9596e-005
932	5.0742	0.	0.	3.2549e-005
934	3.9272	0.	0.	2.8657e-005
937	0.51	-1.2795e-031	0.	1.3478e-005
939	1.53	-3.8386e-031	0.	2.5156e-005
942	0.51	6.	0.	1.6329e-005
944	1.53	6.	0.	3.9368e-006
