Node Number	X Location (in)	Y Location (in)	Z Location (in)	Maximum Principal Stress (psi)
1	3.1611	3.3765	0.	305.21
2	3.3245	2.616	0.	93.758
3	4.1785	3.3567	0.	-12.975
4	0.92074	0.81694	0.	167.93
5	3.4292	0.77996	0.	116.53
6	1.4566	4.0147	0.	557.89
7	3.3887	4.7194	0.	165.8
8	2.9526	5.0599	0.	134.99
9	0.74572	4.3855	0.	325.34
10	3.1451	5.4603	0.	115.47
11	4.2487	2.1772	0.	28.99
12	5.3342	3.5078	0.	-29.617
13	4.4986	1.0391	0.	33.926
14	5.5595	1.1719	0.	-2.5871
15	6.7248	1.2024	0.	-4.0135
16	7.9023	1.2081	0.	-0.11424
17	9.0705	1.2007	0.	-0.79442
18	10.235	1.1813	0.	0.51881
19	11.387	1.1807	0.	3.8794
20	12.531	1.2129	0.	6.3002
21	13.682	1.1933	0.	7.3098
22	14.827	1.1963	0.	8.0399
23	15.977	1.1823	0.	8.3805
24	17.121	1.1828	0.	8.7055
25	18.266	1.1912	0.	8.8584
26	19.411	1.1915	0.	8.8354
27	20.558	1.192	0.	8.6322
28	21.705	1.193	0.	8.2841
29	22.852	1.1958	0.	7.6696
30	22.847	2.3944	0.	10.725
31	22.835	3.5935	0.	10.69
32	22.849	4.8068	0.	7.6702
33	21.697	4.8081	0.	8.2733
34	20.547	4.8087	0.	8.5488
35	19.399	4.8089	0.	8.6523
36	18.253	4.7945	0.	8.7683
37	17.111	4.792	0.	8.613
38	15.964	4.7906	0.	8.3818
39	14.824	4.7933	0.	7.9745
40	13.677	4.8067	0.	7.3444
41	12.536	4.8305	0.	6.0154
42	11.38	4.8191	0.	3.9626
43	10.216	4.8162	0.	0.18329
44	9.044	4.8135	0.	-0.21468
45	7.841	4.7919	0.	-2.9662
46	6.5898	4.7732	0.	6.4278
47	5.2059	4.7528	0.	-27.168
48	4.1456	5.26	0.	35.937
49	5.4679	2.3277	0.	3.8867
50	6.6527	2.3917	0.	2.9017
51	7.8473	2.4102	0.	-0.83996
52	9.041	2.4059	0.	-0.46168
53	10.21	2.4148	0.	-0.79938
54	11.362	2.4164	0.	3.3421
55	12.513	2.415	0.	6.1732
56	13.658	2.4034	0.	8.1327
57	14.823	2.3849	0.	9.1287
58	15.964	2.3885	0.	9.9182
59	17.107	2.3897	0.	10.252
60	18.25	2.392	0.	10.484
61	19.395	2.3892	0.	10.566
62	20.544	2.39	0.	10.643
63	21.694	2.3915	0.	10.748
64	21.688	3.5998	0.	10.695
65	20.539	3.5993	0.	10.664
66	19.395	3.5977	0.	10.55
67	18.241	3.5897	0.	10.378
68	17.099	3.5821	0.	10.134
69	15.957	3.579	0.	9.7209
70	14.813	3.5827	0.	9.0593
71	13.659	3.606	0.	8.0416
72	12.514	3.6172	0.	6.2556
73	11.363	3.6195	0.	3.3195
74	10.197	3.6156	0.	-1.0982
75	9.0124	3.6193	0.	-3.9646e-002
76	7.8044	3.6044	0.	-2.6118
77	6.5686	3.5846	0.	9.3138
78	3.8845	4.1539	0.	0.21161
79	1.0462	1.3598	0.	358.29
80	1.79	3.859	0.	667.8
81	2.516	2.4806	0.	-18.478
82	3.3032	1.4671	0.	86.764
83	2.8569	1.9649	0.	49.35
84	2.7116	3.3357	0.	257.98
85	2.596	3.0506	0.	131.4
86	1.9989	3.8357	0.	1302.9
87	1.9989	3.8357	0.1	2965.2
88	2.596	3.0506	0.1	1999.2
89	2.7116	3.3357	0.1	1409.9
90	2.8569	1.9649	0.1	1547.7
91	3.3032	1.4671	0.1	1128.
92	2.516	2.4806	0.1	2299.6
93	1.79	3.859	0.1	2619.5
94	1.0462	1.3598	0.1	930.15
95	3.8845	4.1539	0.1	1327.9
96	6.5686	3.5846	0.1	885.27
97	7.8044	3.6044	0.1	767.6
98	9.0124	3.6193	0.1	657.43
99	10.197	3.6156	0.1	559.22
100	11.363	3.6195	0.1	469.9
101	12.514	3.6172	0.1	389.36
102	13.659	3.606	0.1	316.14
103	14.813	3.5827	0.1	250.95
104	15.957	3.579	0.1	193.16
105	17.099	3.5821	0.1	143.37
106	18.241	3.5897	0.1	101.02
107	19.395	3.5977	0.1	66.076
108	20.539	3.5993	0.1	39.
109	21.688	3.5998	0.1	19.455
110	21.694	2.3915	0.1	19.352
111	20.544	2.39	0.1	38.91
112	19.395	2.3892	0.1	66.062
113	18.25	2.392	0.1	100.65
114	17.107	2.3897	0.1	142.93
115	15.964	2.3885	0.1	192.84
116	14.823	2.3849	0.1	250.33
117	13.658	2.4034	0.1	316.4
118	12.513	2.415	0.1	389.32
119	11.362	2.4164	0.1	470.17
120	10.21	2.4148	0.1	558.49
121	9.041	2.4059	0.1	654.85
122	7.8473	2.4102	0.1	761.06
123	6.6527	2.3917	0.1	877.37
124	5.4679	2.3277	0.1	1018.1
125	4.1456	5.26	0.1	1036.2
126	5.2059	4.7528	0.1	1005.3
127	6.5898	4.7732	0.1	885.73
128	7.841	4.7919	0.1	768.05
129	9.044	4.8135	0.1	657.34
130	10.216	4.8162	0.1	559.53
131	11.38	4.8191	0.1	469.88
132	12.536	4.8305	0.1	388.58
133	13.677	4.8067	0.1	315.68
134	14.824	4.7933	0.1	250.47
135	15.964	4.7906	0.1	193.07
136	17.111	4.792	0.1	143.06
137	18.253	4.7945	0.1	100.69
138	19.399	4.8089	0.1	66.02
139	20.547	4.8087	0.1	38.702
140	21.697	4.8081	0.1	18.971
141	22.849	4.8068	0.1	6.7193
142	22.835	3.5935	0.1	7.3615
143	22.847	2.3944	0.1	7.2524
144	22.852	1.1958	0.1	6.6955
145	21.705	1.193	0.1	18.857
146	20.558	1.192	0.1	38.476
147	19.411	1.1915	0.1	65.558
148	18.266	1.1912	0.1	100.24
149	17.121	1.1828	0.1	142.57
150	15.977	1.1823	0.1	192.55
151	14.827	1.1963	0.1	250.53
152	13.682	1.1933	0.1	315.62
153	12.531	1.2129	0.1	388.81
154	11.387	1.1807	0.1	469.61
155	10.235	1.1813	0.1	558.78
156	9.0705	1.2007	0.1	656.93
157	7.9023	1.2081	0.1	762.79
158	6.7248	1.2024	0.1	877.62
159	5.5595	1.1719	0.1	1009.
160	4.4986	1.0391	0.1	1052.9
161	5.3342	3.5078	0.1	1037.5
162	4.2487	2.1772	0.1	1208.
163	3.1451	5.4603	0.1	767.7
164	0.74572	4.3855	0.1	964.89
165	2.9526	5.0599	0.1	728.37
166	3.3887	4.7194	0.1	1140.4
167	1.4566	4.0147	0.1	1402.8
168	3.4292	0.77996	0.1	891.33
169	0.92074	0.81694	0.1	803.37
170	4.1785	3.3567	0.1	1311.4
171	3.3245	2.616	0.1	1457.8
172	3.1611	3.3765	0.1	1278.6
173	2.2467	4.	0.	-521.19
174	2.2467	4.5	0.	596.64
175	2.2467	5.	0.	495.42
176	2.2467	5.5	0.	-113.05
177	2.08	4.	0.	105.07
178	2.08	5.5	0.	-12.306
179	2.08	5.	0.	663.65
180	2.08	4.5	0.	1888.3
181	2.2467	2.	0.	-606.77
182	2.2467	1.5	0.	366.96
183	2.2467	1.	0.	-144.34
184	2.2467	0.5	0.	-104.53
185	2.08	2.	0.	-124.13
186	2.08	0.5	0.	-224.61
187	2.08	1.	0.	82.233
188	2.08	1.5	0.	427.08
189	2.2467	6.	0.	-75.113
190	3.3916	6.	0.	-3.5717
191	4.5365	6.	0.	42.477
192	5.6814	6.	0.	37.365
193	6.8263	6.	0.	3.0672
194	7.9712	6.	0.	0.73337
195	9.1161	6.	0.	4.0733
196	10.261	6.	0.	6.4745
197	11.406	6.	0.	7.8331
198	12.551	6.	0.	8.9386
199	13.696	6.	0.	9.9774
200	14.841	6.	0.	10.672
201	15.986	6.	0.	11.142
202	17.131	6.	0.	11.073
203	18.275	6.	0.	11.076
204	19.42	6.	0.	10.877
205	20.565	6.	0.	10.297
206	21.71	6.	0.	9.3336
207	22.855	6.	0.	7.6083
208	24.	6.	0.	5.1351
209	24.	4.8	0.	6.8088
210	24.	3.6	0.	10.064
211	24.	2.4	0.	10.126
212	24.	1.2	0.	6.793
213	1.049e-014	1.2	0.	-585.52
214	2.0981e-014	2.4	0.	-594.51
215	3.1471e-014	3.6	0.	-580.84
216	4.1961e-014	4.8	0.	-1027.4
217	24.	0.	0.	5.1135
218	2.2467	0.	0.	-84.419
219	22.855	0.	0.	7.6282
220	21.71	0.	0.	9.3201
221	20.565	0.	0.	10.216
222	19.42	0.	0.	10.636
223	18.275	0.	0.	10.73
224	17.131	0.	0.	10.721
225	15.986	0.	0.	10.706
226	14.841	0.	0.	10.542
227	13.696	0.	0.	10.074
228	12.551	0.	0.	8.9603
229	11.406	0.	0.	7.2001
230	10.261	0.	0.	4.9744
231	9.1161	0.	0.	0.75932
232	7.9712	0.	0.	-1.616
233	6.8263	0.	0.	-3.1845
234	5.6814	0.	0.	-4.2532
235	4.5365	0.	0.	29.962
236	3.3916	0.	0.	85.003
237	0.	0.	0.	-386.1
238	2.08	0.	0.	-148.37
239	1.04	-1.3269e-032	0.	187.61
240	3.937e-014	6.	0.	-313.43
241	2.08	6.	0.	-209.73
242	1.04	6.	0.	228.35
243	2.2467	5.5	0.1	569.34
244	2.2467	5.	0.1	1140.1
245	2.2467	4.5	0.1	1231.5
246	2.2467	4.	0.1	3226.8
247	2.08	4.	0.1	6539.1
248	2.08	4.5	0.1	738.03
249	2.08	5.	0.1	626.63
250	2.08	5.5	0.1	912.28
251	2.2467	0.5	0.1	917.36
252	2.2467	1.	0.1	1574.
253	2.2467	1.5	0.1	2468.2
254	2.2467	2.	0.1	5995.3
255	2.08	2.	0.1	4365.6
256	2.08	1.5	0.1	1448.2
257	2.08	1.	0.1	1945.4
258	2.08	0.5	0.1	1160.1
259	2.2467	6.	0.1	550.34
260	3.3916	6.	0.1	777.68
261	4.5365	6.	0.1	961.56
262	5.6814	6.	0.1	951.83
263	6.8263	6.	0.1	860.96
264	7.9712	6.	0.1	760.93
265	9.1161	6.	0.1	655.33
266	10.261	6.	0.1	557.81
267	11.406	6.	0.1	468.84
268	12.551	6.	0.1	387.79
269	13.696	6.	0.1	313.88
270	14.841	6.	0.1	248.52
271	15.986	6.	0.1	190.85
272	17.131	6.	0.1	140.87
273	18.275	6.	0.1	98.446
274	19.42	6.	0.1	63.79
275	20.565	6.	0.1	36.553
276	21.71	6.	0.1	16.746
277	22.855	6.	0.1	4.3296
278	24.	6.	0.1	-0.27402
279	24.	4.8	0.1	2.2356
280	24.	3.6	0.1	3.2266
281	24.	2.4	0.1	3.1664
282	24.	1.2	0.1	2.2187
283	1.049e-014	1.2	0.1	1195.8
284	2.0981e-014	2.4	0.1	1371.1
285	3.1471e-014	3.6	0.1	1559.1
286	4.1961e-014	4.8	0.1	2130.
287	24.	0.	0.1	-0.27203
288	22.855	0.	0.1	4.3385
289	21.71	0.	0.1	16.791
290	20.565	0.	0.1	36.602
291	19.42	0.	0.1	63.837
292	18.275	0.	0.1	98.503
293	17.131	0.	0.1	140.97
294	15.986	0.	0.1	191.15
295	14.841	0.	0.1	248.64
296	13.696	0.	0.1	314.64
297	12.551	0.	0.1	387.46
298	11.406	0.	0.1	469.58
299	10.261	0.	0.1	559.85
300	9.1161	0.	0.1	658.75
301	7.9712	0.	0.1	767.69
302	6.8263	0.	0.1	882.71
303	5.6814	0.	0.1	987.04
304	4.5365	0.	0.1	990.76
305	3.3916	0.	0.1	765.24
306	2.2467	0.	0.1	658.76
307	2.08	0.	0.1	737.59
308	1.04	-1.3269e-032	0.1	658.01
309	0.	0.	0.1	872.01
310	3.937e-014	6.	0.1	1021.9
311	1.04	6.	0.1	861.09
312	2.08	6.	0.1	1082.1
313	3.2428	2.9963	0.	146.57
314	3.6698	3.3666	0.	92.803
315	2.9363	3.3561	0.	267.45
316	3.1611	3.3765	5.e-002	93.653
317	2.7039	3.6882	0.	-184.69
318	3.7866	2.3966	0.	58.799
319	3.0907	2.2905	0.	62.365
320	2.9603	2.8333	0.	106.81
321	3.3245	2.616	5.e-002	33.35
322	4.2136	2.767	0.	7.3018
323	4.7564	3.4323	0.	-21.795
324	4.0315	3.7553	0.	-6.7657
325	4.1785	3.3567	5.e-002	17.223
326	0.98348	1.0884	0.	260.57
327	0.92074	0.81694	5.e-002	46.371
328	1.5004	0.65847	0.	-31.242
329	0.46037	1.0085	0.	-212.66
330	0.98037	0.40847	0.	175.42
331	3.9639	0.90954	0.	44.745
332	3.3662	1.1235	0.	101.07
333	3.4292	0.77996	5.e-002	23.002
334	2.8379	0.63998	0.	-50.251
335	3.4104	0.38998	0.	100.35
336	1.1012	4.2001	0.	440.97
337	1.6233	3.9369	0.	602.03
338	1.4566	4.0147	5.e-002	198.19
339	1.7683	4.5074	0.	432.76
340	1.8517	3.0074	0.	-396.1
341	3.1706	4.8896	0.	124.41
342	3.7672	4.9897	0.	83.546
343	3.6366	4.4367	0.	59.722
344	3.3887	4.7194	5.e-002	88.245
345	2.8177	4.6097	0.	277.84
346	3.0488	5.2601	0.	125.19
347	2.9526	5.0599	5.e-002	11.656
348	2.5996	5.0299	0.	262.
349	0.74572	4.3855	5.e-002	55.497
350	1.4129	4.9427	0.	140.79
351	1.4129	3.1927	0.	85.523
352	0.37286	4.5927	0.	-371.98
353	0.89286	5.1927	0.	261.41
354	3.6454	5.3601	0.	51.337
355	3.1451	5.4603	5.e-002	42.497
356	2.6959	5.4801	0.	-50.798
357	3.2684	5.7301	0.	40.278
358	4.3737	1.6082	0.	31.355
359	4.8583	2.2525	0.	16.375
360	3.7759	1.8222	0.	17.17
361	4.2487	2.1772	5.e-002	11.786
362	5.2701	4.1303	0.	-28.515
363	5.401	2.9178	0.	-14.128
364	5.9514	3.5462	0.	-11.055
365	5.3342	3.5078	5.e-002	14.714
366	5.0291	1.1055	0.	15.594
367	4.4986	1.0391	5.e-002	6.7064
368	4.5176	0.51956	0.	30.703
369	6.1421	1.1872	0.	-3.3897
370	5.5137	1.7498	0.	0.63122
371	5.5595	1.1719	5.e-002	8.2731
372	5.6205	0.58595	0.	-3.5474
373	7.3135	1.2053	0.	-2.0662
374	6.6887	1.7971	0.	-0.57619
375	6.7248	1.2024	5.e-002	4.3737
376	6.7755	0.60122	0.	-3.6195
377	8.4864	1.2044	0.	-0.4613
378	7.8748	1.8091	0.	-0.47765
379	7.9023	1.2081	5.e-002	4.6183
380	7.9368	0.60403	0.	-0.87625
381	9.6526	1.191	0.	-0.63073
382	9.0558	1.8033	0.	-0.63504
383	9.0705	1.2007	5.e-002	4.5036
384	9.0933	0.60035	0.	-1.0659
385	10.811	1.181	0.	2.167
386	10.222	1.7981	0.	-0.42917
387	10.235	1.1813	5.e-002	3.9467
388	10.248	0.59066	0.	2.5322
389	11.959	1.1968	0.	5.0807
390	11.374	1.7986	0.	3.4045
391	11.387	1.1807	5.e-002	3.5899
392	11.397	0.59034	0.	5.3139
393	13.107	1.2031	0.	6.7974
394	12.522	1.814	0.	6.0033
395	12.531	1.2129	5.e-002	3.3329
396	12.541	0.60646	0.	7.4165
397	14.254	1.1948	0.	7.665
398	13.67	1.7983	0.	7.4887
399	13.682	1.1933	5.e-002	3.0142
400	13.689	0.59664	0.	8.4535
401	15.402	1.1893	0.	8.201
402	14.825	1.7906	0.	8.3416
403	14.827	1.1963	5.e-002	2.7195
404	14.834	0.59813	0.	9.0638
405	16.549	1.1825	0.	8.5319
406	15.971	1.7854	0.	8.9078
407	15.977	1.1823	5.e-002	2.3322
408	15.981	0.59115	0.	9.3065
409	17.693	1.187	0.	8.7698
410	17.114	1.7862	0.	9.2328
411	17.121	1.1828	5.e-002	1.99
412	17.126	0.59138	0.	9.4746
413	18.838	1.1914	0.	8.8325
414	18.258	1.7916	0.	9.4256
415	18.266	1.1912	5.e-002	1.684
416	18.271	0.59562	0.	9.5594
417	19.984	1.1918	0.	8.7192
418	19.403	1.7904	0.	9.4618
419	19.411	1.1915	5.e-002	1.354
420	19.416	0.59576	0.	9.4955
421	21.131	1.1925	0.	8.4482
422	20.551	1.791	0.	9.4162
423	20.558	1.192	5.e-002	1.0259
424	20.561	0.59601	0.	9.1789
425	22.278	1.1944	0.	7.9768
426	21.699	1.7923	0.	9.3269
427	21.705	1.193	5.e-002	0.70027
428	21.707	0.59652	0.	8.5549
429	22.85	1.7951	0.	9.0802
430	22.852	1.1958	5.e-002	0.45392
431	23.426	1.1979	0.	7.1932
432	22.854	0.59788	0.	7.4221
433	22.841	2.994	0.	10.635
434	22.27	2.393	0.	10.736
435	22.847	2.3944	5.e-002	0.4368
436	23.423	2.3972	0.	10.422
437	22.842	4.2001	0.	9.0599
438	22.262	3.5967	0.	10.692
439	22.835	3.5935	5.e-002	0.44551
440	23.418	3.5968	0.	10.374
441	22.273	4.8074	0.	7.9716
442	22.849	4.8068	5.e-002	0.45234
443	22.852	5.4034	0.	7.4162
444	23.425	4.8034	0.	7.2013
445	21.122	4.8084	0.	8.4009
446	21.693	4.204	0.	9.2923
447	21.697	4.8081	5.e-002	0.70218
448	21.704	5.4041	0.	8.558
449	19.973	4.8088	0.	8.5847
450	20.543	4.204	0.	9.3803
451	20.547	4.8087	5.e-002	1.0334
452	20.556	5.4043	0.	9.1806
453	18.826	4.8017	0.	8.6955
454	19.397	4.2033	0.	9.3634
455	19.399	4.8089	5.e-002	1.362
456	19.41	5.4044	0.	9.5197
457	17.682	4.7932	0.	8.6777
458	18.247	4.1921	0.	9.3261
459	18.253	4.7945	5.e-002	1.7051
460	18.264	5.3972	0.	9.684
461	16.538	4.7913	0.	8.4868
462	17.105	4.187	0.	9.1255
463	17.111	4.792	5.e-002	2.0117
464	17.121	5.396	0.	9.5993
465	15.394	4.792	0.	8.1694
466	15.961	4.1848	0.	8.8053
467	15.964	4.7906	5.e-002	2.3039
468	15.975	5.3953	0.	9.5177
469	14.251	4.8	0.	7.6531
470	14.819	4.188	0.	8.2724
471	14.824	4.7933	5.e-002	2.6516
472	14.832	5.3966	0.	9.0872
473	13.107	4.8186	0.	6.6718
474	13.668	4.2063	0.	7.4497
475	13.677	4.8067	5.e-002	3.0076
476	13.687	5.4034	0.	8.4342
477	11.958	4.8248	0.	4.9791
478	12.525	4.2238	0.	5.9139
479	12.536	4.8305	5.e-002	3.3053
480	12.543	5.4152	0.	7.2487
481	10.798	4.8177	0.	2.0445
482	11.372	4.2193	0.	3.4361
483	11.38	4.8191	5.e-002	3.6348
484	11.393	5.4095	0.	5.6915
485	9.6301	4.8149	0.	-0.47707
486	10.207	4.2159	0.	-0.7498
487	10.216	4.8162	5.e-002	3.9702
488	10.239	5.4081	0.	3.1071
489	8.4425	4.8027	0.	-1.5989
490	9.0282	4.2164	0.	-0.12746
491	9.044	4.8135	5.e-002	4.6103
492	9.08	5.4068	0.	-0.35441
493	7.2154	4.7826	0.	1.7103
494	7.8227	4.1982	0.	-2.8014
495	7.841	4.7919	5.e-002	4.2338
496	7.9061	5.396	0.	-2.9202
497	5.8978	4.763	0.	-10.553
498	6.5792	4.1789	0.	7.8674
499	6.5898	4.7732	5.e-002	5.3312
500	6.7081	5.3866	0.	4.7387
501	4.6758	5.0064	0.	1.705
502	4.5452	4.4534	0.	-13.552
503	5.2059	4.7528	5.e-002	4.756
504	5.4436	5.3764	0.	-9.5001
505	4.1456	5.26	5.e-002	20.815
506	4.3411	5.63	0.	34.253
507	6.0603	2.3597	0.	3.3619
508	5.4679	2.3277	5.e-002	15.327
509	7.25	2.401	0.	1.0273
510	6.6106	2.9881	0.	6.0963
511	6.6527	2.3917	5.e-002	5.4576
512	8.4441	2.4081	0.	-0.65103
513	7.8258	3.0073	0.	-1.7285
514	7.8473	2.4102	5.e-002	3.9562
515	9.6253	2.4104	0.	-0.65114
516	9.0267	3.0126	0.	-0.25607
517	9.041	2.4059	5.e-002	3.9497
518	10.786	2.4156	0.	1.0081
519	10.203	3.0152	0.	-0.99985
520	10.21	2.4148	5.e-002	3.837
521	11.937	2.4157	0.	4.7568
522	11.363	3.018	0.	3.1384
523	11.362	2.4164	5.e-002	3.6262
524	13.086	2.4092	0.	7.1512
525	12.513	3.0161	0.	6.0088
526	12.513	2.415	5.e-002	3.3854
527	14.241	2.3942	0.	8.6295
528	13.659	3.0047	0.	7.8682
529	13.658	2.4034	5.e-002	3.0628
530	15.394	2.3867	0.	9.522
531	14.818	2.9838	0.	8.8705
532	14.823	2.3849	5.e-002	2.7075
533	16.536	2.3891	0.	10.084
534	15.96	2.9837	0.	9.5875
535	15.964	2.3885	5.e-002	2.4016
536	17.678	2.3909	0.	10.367
537	17.103	2.9859	0.	9.9652
538	17.107	2.3897	5.e-002	2.01
539	18.822	2.3906	0.	10.524
540	18.245	2.9908	0.	10.211
541	18.25	2.392	5.e-002	1.7116
542	19.969	2.3896	0.	10.603
543	19.395	2.9934	0.	10.348
544	19.395	2.3892	5.e-002	1.365
545	21.119	2.3908	0.	10.695
546	20.542	2.9947	0.	10.468
547	20.544	2.39	5.e-002	1.0263
548	21.691	2.9957	0.	10.583
549	21.694	2.3915	5.e-002	0.70476
550	21.114	3.5996	0.	10.679
551	21.688	3.5998	5.e-002	0.70583
552	19.967	3.5985	0.	10.606
553	20.539	3.5993	5.e-002	1.0268
554	18.818	3.5937	0.	10.463
555	19.395	3.5977	5.e-002	1.3475
556	17.67	3.5859	0.	10.255
557	18.241	3.5897	5.e-002	1.7106
558	16.528	3.5805	0.	9.9265
559	17.099	3.5821	5.e-002	2.0644
560	15.385	3.5809	0.	9.3892
561	15.957	3.579	5.e-002	2.3751
562	14.236	3.5943	0.	8.55
563	14.813	3.5827	5.e-002	2.7067
564	13.087	3.6116	0.	7.1483
565	13.659	3.606	5.e-002	2.9977
566	11.939	3.6184	0.	4.7865
567	12.514	3.6172	5.e-002	3.3378
568	10.78	3.6176	0.	0.75664
569	11.363	3.6195	5.e-002	3.658
570	9.6047	3.6174	0.	-0.58882
571	10.197	3.6156	5.e-002	3.9008
572	8.4084	3.6119	0.	-1.3275
573	9.0124	3.6193	5.e-002	4.4704
574	7.1865	3.5945	0.	3.344
575	7.8044	3.6044	5.e-002	4.7489
576	6.5686	3.5846	5.e-002	5.5286
577	3.8845	4.1539	5.e-002	32.092
578	3.0656	4.077	0.	-309.56
579	1.0462	1.3598	5.e-002	112.15
580	1.5631	1.1799	0.	141.8
581	0.52311	1.8799	0.	-161.63
582	2.153	3.1698	0.	228.16
583	1.8944	3.8474	0.	972.41
584	1.79	3.859	5.e-002	184.56
585	1.935	4.1795	0.	803.59
586	2.6865	2.2227	0.	14.579
587	2.556	2.7656	0.	56.119
588	2.516	2.4806	5.e-002	69.723
589	2.3813	2.2403	0.	-341.87
590	3.08	1.716	0.	34.79
591	3.3032	1.4671	5.e-002	36.152
592	2.7749	1.2335	0.	-75.694
593	2.8569	1.9649	5.e-002	56.304
594	2.5518	1.7325	0.	71.807
595	2.6538	3.1932	0.	98.076
596	2.7116	3.3357	5.e-002	207.76
597	2.3958	3.6679	0.	-46.603
598	2.2975	3.4432	0.	604.46
599	2.596	3.0506	5.e-002	63.805
600	1.9989	3.8357	5.e-002	150.81
601	2.0395	3.9179	0.	413.91
602	2.2975	3.4432	0.1	2470.1
603	1.8944	3.8474	0.1	2779.
604	2.0395	3.9179	0.1	4720.3
605	2.6538	3.1932	0.1	1701.6
606	2.556	2.7656	0.1	2136.6
607	2.9603	2.8333	0.1	1718.4
608	2.9363	3.3561	0.1	1325.8
609	2.3958	3.6679	0.1	3966.
610	3.08	1.716	0.1	1337.2
611	2.6865	2.2227	0.1	1921.1
612	3.0907	2.2905	0.1	1500.7
613	2.5518	1.7325	0.1	1962.6
614	3.7759	1.8222	0.1	1162.3
615	3.3662	1.1235	0.1	1009.6
616	2.7749	1.2335	0.1	1303.3
617	2.153	3.1698	0.1	2450.6
618	2.3813	2.2403	0.1	4123.8
619	1.6233	3.9369	0.1	1998.3
620	1.935	4.1795	0.1	1158.2
621	0.98348	1.0884	0.1	862.86
622	1.5631	1.1799	0.1	1379.8
623	0.52311	1.8799	0.1	1149.9
624	4.5452	4.4534	0.1	1166.5
625	3.6366	4.4367	0.1	1230.2
626	4.0315	3.7553	0.1	1318.7
627	3.0656	4.077	0.1	2204.
628	7.1865	3.5945	0.1	826.42
629	6.6106	2.9881	0.1	881.32
630	6.5792	4.1789	0.1	885.39
631	5.9514	3.5462	0.1	961.37
632	8.4084	3.6119	0.1	712.51
633	7.8258	3.0073	0.1	764.29
634	7.8227	4.1982	0.1	767.73
635	9.6047	3.6174	0.1	608.32
636	9.0267	3.0126	0.1	656.03
637	9.0282	4.2164	0.1	657.26
638	10.78	3.6176	0.1	514.56
639	10.203	3.0152	0.1	558.69
640	10.207	4.2159	0.1	559.21
641	11.939	3.6184	0.1	429.63
642	11.363	3.018	0.1	469.84
643	11.372	4.2193	0.1	469.69
644	13.087	3.6116	0.1	352.75
645	12.513	3.0161	0.1	389.14
646	12.525	4.2238	0.1	388.75
647	14.236	3.5943	0.1	283.55
648	13.659	3.0047	0.1	316.06
649	13.668	4.2063	0.1	315.67
650	15.385	3.5809	0.1	222.06
651	14.818	2.9838	0.1	250.42
652	14.819	4.188	0.1	250.47
653	16.528	3.5805	0.1	168.26
654	15.96	2.9837	0.1	192.77
655	15.961	4.1848	0.1	192.87
656	17.67	3.5859	0.1	122.19
657	17.103	2.9859	0.1	142.92
658	17.105	4.187	0.1	142.97
659	18.818	3.5937	0.1	83.545
660	18.245	2.9908	0.1	100.62
661	18.247	4.1921	0.1	100.61
662	19.967	3.5985	0.1	52.536
663	19.395	2.9934	0.1	65.862
664	19.397	4.2033	0.1	65.813
665	21.114	3.5996	0.1	29.226
666	20.542	2.9947	0.1	38.773
667	20.543	4.204	0.1	38.628
668	21.691	2.9957	0.1	19.268
669	21.693	4.204	0.1	19.024
670	22.262	3.5967	0.1	13.406
671	21.119	2.3908	0.1	29.13
672	22.27	2.393	0.1	13.3
673	21.699	1.7923	0.1	18.918
674	19.969	2.3896	0.1	52.484
675	20.551	1.791	0.1	38.474
676	18.822	2.3906	0.1	83.354
677	19.403	1.7904	0.1	65.573
678	17.678	2.3909	0.1	121.79
679	18.258	1.7916	0.1	100.2
680	16.536	2.3891	0.1	167.88
681	17.114	1.7862	0.1	142.5
682	15.394	2.3867	0.1	221.59
683	15.971	1.7854	0.1	192.46
684	14.241	2.3942	0.1	283.37
685	14.825	1.7906	0.1	250.19
686	13.086	2.4092	0.1	352.86
687	13.67	1.7983	0.1	315.78
688	11.937	2.4157	0.1	429.74
689	12.522	1.814	0.1	388.83
690	10.786	2.4156	0.1	514.32
691	11.374	1.7986	0.1	469.68
692	9.6253	2.4104	0.1	606.66
693	10.222	1.7981	0.1	558.46
694	8.4441	2.4081	0.1	707.95
695	9.0558	1.8033	0.1	655.74
696	7.25	2.401	0.1	819.21
697	7.8748	1.8091	0.1	761.84
698	6.0603	2.3597	0.1	947.73
699	6.6887	1.7971	0.1	877.48
700	5.5137	1.7498	0.1	1013.5
701	5.401	2.9178	0.1	1027.8
702	4.8583	2.2525	0.1	1113.
703	4.6758	5.0064	0.1	1020.4
704	3.6454	5.3601	0.1	890.29
705	3.7672	4.9897	0.1	1086.8
706	4.3411	5.63	0.1	998.76
707	5.8978	4.763	0.1	945.5
708	5.2701	4.1303	0.1	1021.2
709	5.4436	5.3764	0.1	978.25
710	7.2154	4.7826	0.1	826.87
711	6.7081	5.3866	0.1	873.26
712	8.4425	4.8027	0.1	712.68
713	7.9061	5.396	0.1	764.35
714	9.6301	4.8149	0.1	608.42
715	9.08	5.4068	0.1	656.14
716	10.798	4.8177	0.1	514.69
717	10.239	5.4081	0.1	558.46
718	11.958	4.8248	0.1	429.22
719	11.393	5.4095	0.1	469.15
720	13.107	4.8186	0.1	352.12
721	12.543	5.4152	0.1	387.96
722	14.251	4.8	0.1	283.07
723	13.687	5.4034	0.1	314.56
724	15.394	4.792	0.1	221.77
725	14.832	5.3966	0.1	249.26
726	16.538	4.7913	0.1	168.06
727	15.975	5.3953	0.1	191.72
728	17.682	4.7932	0.1	121.86
729	17.121	5.396	0.1	141.72
730	18.826	4.8017	0.1	83.342
731	18.264	5.3972	0.1	99.332
732	19.973	4.8088	0.1	52.345
733	19.41	5.4044	0.1	64.661
734	21.122	4.8084	0.1	28.826
735	20.556	5.4043	0.1	37.387
736	22.273	4.8074	0.1	12.844
737	21.704	5.4041	0.1	17.615
738	22.842	4.2001	0.1	6.9231
739	22.852	5.4034	0.1	5.304
740	23.425	4.8034	0.1	4.4325
741	22.841	2.994	0.1	7.2378
742	23.418	3.5968	0.1	5.2832
743	22.85	1.7951	0.1	6.8599
744	23.423	2.3972	0.1	5.1978
745	22.278	1.1944	0.1	12.775
746	23.426	1.1979	0.1	4.412
747	22.854	0.59788	0.1	5.2921
748	21.131	1.1925	0.1	28.656
749	21.707	0.59652	0.1	17.579
750	19.984	1.1918	0.1	52.002
751	20.561	0.59601	0.1	37.297
752	18.838	1.1914	0.1	82.882
753	19.416	0.59576	0.1	64.46
754	17.693	1.187	0.1	121.39
755	18.271	0.59562	0.1	99.137
756	16.549	1.1825	0.1	167.55
757	17.126	0.59138	0.1	141.53
758	15.402	1.1893	0.1	221.53
759	15.981	0.59115	0.1	191.61
760	14.254	1.1948	0.1	283.06
761	14.834	0.59813	0.1	249.35
762	13.107	1.2031	0.1	352.21
763	13.689	0.59664	0.1	314.89
764	11.959	1.1968	0.1	429.2
765	12.541	0.60646	0.1	387.93
766	10.811	1.181	0.1	514.18
767	11.397	0.59034	0.1	469.37
768	9.6526	1.191	0.1	607.84
769	10.248	0.59066	0.1	559.11
770	8.4864	1.2044	0.1	709.83
771	9.0933	0.60035	0.1	657.65
772	7.3135	1.2053	0.1	820.14
773	7.9368	0.60403	0.1	765.04
774	6.1421	1.1872	0.1	943.22
775	6.7755	0.60122	0.1	879.95
776	5.0291	1.1055	0.1	1030.8
777	5.6205	0.58595	0.1	997.86
778	4.3737	1.6082	0.1	1130.5
779	3.9639	0.90954	0.1	967.47
780	4.5176	0.51956	0.1	1021.8
781	4.7564	3.4323	0.1	1173.2
782	4.2136	2.767	0.1	1258.4
783	3.7866	2.3966	0.1	1330.8
784	3.0488	5.2601	0.1	747.72
785	2.6959	5.4801	0.1	657.1
786	3.2684	5.7301	0.1	766.83
787	1.1012	4.2001	0.1	1169.2
788	1.4129	4.9427	0.1	900.28
789	1.4129	3.1927	0.1	2428.4
790	0.37286	4.5927	0.1	1514.5
791	0.89286	5.1927	0.1	911.11
792	3.1706	4.8896	0.1	928.66
793	2.5996	5.0299	0.1	874.59
794	2.8177	4.6097	0.1	1114.8
795	1.7683	4.5074	0.1	807.6
796	1.8517	3.0074	0.1	3608.
797	2.8379	0.63998	0.1	883.74
798	3.4104	0.38998	0.1	827.97
799	1.5004	0.65847	0.1	950.43
800	0.46037	1.0085	0.1	991.59
801	0.98037	0.40847	0.1	724.82
802	3.6698	3.3666	0.1	1289.4
803	3.2428	2.9963	0.1	1365.7
804	2.7039	3.6882	0.1	2134.3
805	2.2467	4.25	0.	8.2622
806	2.1633	4.	0.	-326.89
807	2.2467	4.	5.e-002	92.991
808	2.2467	4.75	0.	522.75
809	2.2467	4.5	5.e-002	60.522
810	2.2467	5.25	0.	139.95
811	2.2467	5.	5.e-002	209.75
812	2.2467	5.75	0.	-97.444
813	2.2467	5.5	5.e-002	44.283
814	2.08	4.25	0.	261.98
815	2.08	4.	5.e-002	1065.1
816	2.08	5.25	0.	299.07
817	2.08	5.75	0.	-124.38
818	2.08	5.5	5.e-002	84.119
819	2.08	4.75	0.	1237.2
820	2.08	5.	5.e-002	173.05
821	2.08	4.5	5.e-002	229.3
822	2.2467	1.75	0.	-319.68
823	2.1633	2.	0.	-412.35
824	2.2467	2.	5.e-002	430.61
825	2.2467	1.25	0.	89.754
826	2.2467	1.5	5.e-002	230.03
827	2.2467	0.75	0.	-147.3
828	2.2467	1.	5.e-002	119.83
829	2.2467	0.25	0.	-97.968
830	2.2467	0.5	5.e-002	56.419
831	2.08	1.75	0.	138.27
832	1.04	2.8	0.	-427.75
833	2.08	2.	5.e-002	81.135
834	2.08	0.75	0.	-77.903
835	2.08	0.25	0.	-188.
836	2.08	0.5	5.e-002	104.87
837	2.08	1.25	0.	110.8
838	2.08	1.	5.e-002	223.27
839	1.04	1.95	0.	-103.05
840	2.08	1.5	5.e-002	259.44
841	2.8191	6.	0.	-39.547
842	2.2467	6.	5.e-002	29.569
843	3.964	6.	0.	8.8297
844	3.3916	6.	5.e-002	14.727
845	5.1089	6.	0.	39.728
846	4.5365	6.	5.e-002	10.438
847	6.2539	6.	0.	14.595
848	5.6814	6.	5.e-002	15.622
849	7.3988	6.	0.	7.3691e-002
850	6.8263	6.	5.e-002	8.8737
851	8.5437	6.	0.	2.2421
852	7.9712	6.	5.e-002	6.4338
853	9.6886	6.	0.	5.2382
854	9.1161	6.	5.e-002	8.1934
855	10.834	6.	0.	7.1312
856	10.261	6.	5.e-002	8.2992
857	11.978	6.	0.	8.3615
858	11.406	6.	5.e-002	7.8898
859	13.123	6.	0.	9.4399
860	12.551	6.	5.e-002	7.4232
861	14.268	6.	0.	10.304
862	13.696	6.	5.e-002	6.5723
863	15.413	6.	0.	10.88
864	14.841	6.	5.e-002	5.74
865	16.558	6.	0.	11.078
866	15.986	6.	5.e-002	5.0959
867	17.703	6.	0.	11.039
868	17.131	6.	5.e-002	4.3845
869	18.848	6.	0.	10.928
870	18.275	6.	5.e-002	3.6748
871	19.993	6.	0.	10.532
872	19.42	6.	5.e-002	2.9926
873	21.138	6.	0.	9.758
874	20.565	6.	5.e-002	2.2339
875	22.283	6.	0.	8.4482
876	21.71	6.	5.e-002	1.4589
877	23.428	6.	0.	6.3435
878	22.855	6.	5.e-002	0.79278
879	24.	5.4	0.	5.8773
880	24.	6.	5.e-002	0.16794
881	24.	4.2	0.	8.4168
882	24.	4.8	5.e-002	0.30092
883	24.	3.	0.	10.08
884	24.	3.6	5.e-002	0.331
885	24.	1.8	0.	8.44
886	24.	2.4	5.e-002	0.32585
887	24.	0.6	0.	5.8527
888	24.	1.2	5.e-002	0.30703
889	1.5735e-014	1.8	0.	-596.86
890	5.2451e-015	0.6	0.	-488.89
891	1.0632e-014	1.2	5.e-002	57.008
892	2.6226e-014	3.	0.	-664.04
893	2.1264e-014	2.4	5.e-002	71.436
894	3.6716e-014	4.2	0.	-810.94
895	3.1897e-014	3.6	5.e-002	201.32
896	4.7206e-014	5.4	0.	-717.8
897	4.2529e-014	4.8	5.e-002	55.842
898	23.428	0.	0.	6.3443
899	24.	0.	5.e-002	0.16348
900	2.8191	0.	0.	-27.595
901	2.2467	0.	5.e-002	44.034
902	22.283	0.	0.	8.451
903	22.855	0.	5.e-002	0.79738
904	21.138	0.	0.	9.7106
905	21.71	0.	5.e-002	1.4593
906	19.993	0.	0.	10.369
907	20.565	0.	5.e-002	2.2177
908	18.848	0.	0.	10.636
909	19.42	0.	5.e-002	2.9528
910	17.703	0.	0.	10.691
911	18.275	0.	5.e-002	3.6879
912	16.558	0.	0.	10.683
913	17.131	0.	5.e-002	4.5128
914	15.413	0.	0.	10.597
915	15.986	0.	5.e-002	5.1943
916	14.268	0.	0.	10.288
917	14.841	0.	5.e-002	5.8601
918	13.123	0.	0.	9.4907
919	13.696	0.	5.e-002	6.5118
920	11.978	0.	0.	8.0642
921	12.551	0.	5.e-002	6.9892
922	10.834	0.	0.	6.0602
923	11.406	0.	5.e-002	8.0108
924	9.6886	0.	0.	2.8274
925	10.261	0.	5.e-002	8.4826
926	8.5437	0.	0.	-1.5025
927	9.1161	0.	5.e-002	8.8326
928	7.3988	0.	0.	-2.4021
929	7.9712	0.	5.e-002	9.0385
930	6.2539	0.	0.	-3.7738
931	6.8263	0.	5.e-002	7.087
932	5.1089	0.	0.	12.446
933	5.6814	0.	5.e-002	3.6062
934	3.964	0.	0.	53.831
935	4.5365	0.	5.e-002	2.8334
936	3.3916	0.	5.e-002	6.0312
937	0.52	-6.6346e-033	0.	-115.62
938	0.	0.	5.e-002	94.556
939	1.56	-1.9904e-032	0.	11.459
940	2.08	-2.6538e-032	5.e-002	24.211
941	1.04	0.	5.e-002	30.401
942	0.52	6.	0.	-78.347
943	5.2451e-014	6.	5.e-002	263.43
944	1.56	6.	0.	5.6856
945	2.08	6.	5.e-002	140.87
946	1.04	6.	5.e-002	28.848
947	2.2467	5.25	0.1	850.71
948	2.2467	5.75	0.1	544.85
949	2.2467	4.75	0.1	1172.6
950	2.2467	4.25	0.1	2218.8
951	2.1633	4.	0.1	4717.
952	2.08	4.25	0.1	2833.8
953	2.08	4.75	0.1	681.15
954	2.08	5.25	0.1	753.9
955	2.08	5.75	0.1	822.68
956	2.2467	0.75	0.1	1244.5
957	2.2467	0.25	0.1	773.54
958	2.2467	1.25	0.1	2018.9
959	2.2467	1.75	0.1	3993.5
960	2.1633	2.	0.1	5077.2
961	2.08	1.75	0.1	2898.
962	1.04	2.8	0.1	2873.6
963	2.08	1.25	0.1	1669.2
964	1.04	1.95	0.1	1394.3
965	2.08	0.75	0.1	1551.9
966	2.08	0.25	0.1	936.41
967	2.8191	6.	0.1	663.38
968	3.964	6.	0.1	868.56
969	5.1089	6.	0.1	956.59
970	6.2539	6.	0.1	906.34
971	7.3988	6.	0.1	810.89
972	8.5437	6.	0.1	708.07
973	9.6886	6.	0.1	606.54
974	10.834	6.	0.1	513.3
975	11.978	6.	0.1	428.29
976	13.123	6.	0.1	350.82
977	14.268	6.	0.1	281.18
978	15.413	6.	0.1	219.66
979	16.558	6.	0.1	165.83
980	17.703	6.	0.1	119.62
981	18.848	6.	0.1	81.068
982	19.993	6.	0.1	50.116
983	21.138	6.	0.1	26.591
984	22.283	6.	0.1	10.511
985	23.428	6.	0.1	1.8088
986	24.	5.4	0.1	0.71466
987	24.	4.2	0.1	2.713
988	24.	3.	0.1	3.1835
989	24.	1.8	0.1	2.6753
990	24.	0.6	0.1	0.72064
991	1.5735e-014	1.8	0.1	1280.4
992	5.2451e-015	0.6	0.1	1032.4
993	2.6226e-014	3.	0.1	1457.4
994	3.6716e-014	4.2	0.1	1837.2
995	4.7206e-014	5.4	0.1	1529.7
996	23.428	0.	0.1	1.8372
997	22.283	0.	0.1	10.537
998	21.138	0.	0.1	26.639
999	19.993	0.	0.1	50.163
1000	18.848	0.	0.1	81.122
1001	17.703	0.	0.1	119.7
1002	16.558	0.	0.1	166.03
1003	15.413	0.	0.1	219.87
1004	14.268	0.	0.1	281.62
1005	13.123	0.	0.1	351.03
1006	11.978	0.	0.1	428.51
1007	10.834	0.	0.1	514.69
1008	9.6886	0.	0.1	609.26
1009	8.5437	0.	0.1	713.18
1010	7.3988	0.	0.1	825.13
1011	6.2539	0.	0.1	934.71
1012	5.1089	0.	0.1	988.87
1013	3.964	0.	0.1	876.
1014	2.8191	0.	0.1	711.54
1015	1.56	-1.9904e-032	0.1	697.76
1016	0.52	-6.6346e-033	0.1	748.97
1017	0.52	6.	0.1	896.73
1018	1.56	6.	0.1	875.36
