Node Number	X Location (in)	Y Location (in)	Z Location (in)	Middle Principal Elastic Strain (in/in)
1	2.3666	3.4075	0.	7.5507e-005
2	4.14	2.5483	0.	3.064e-005
3	2.2278	3.7938	0.	7.542e-005
4	3.6728	4.6885	0.	3.1314e-005
5	1.0629	0.91064	0.	1.1011e-005
6	1.0881	3.0534	0.	1.6979e-005
7	3.5675	0.61791	0.	2.3672e-005
8	2.0833	3.9045	0.	9.3473e-005
9	3.3791	5.4721	0.	2.2305e-005
10	4.0885	4.1507	0.	2.3201e-005
11	1.7426	4.1384	0.	4.9655e-005
12	1.0987	4.7094	0.	2.0544e-005
13	4.6054	0.88918	0.	3.4752e-005
14	5.6492	1.1475	0.	2.931e-005
15	6.8548	1.1968	0.	2.5584e-005
16	8.0602	1.2158	0.	2.3316e-005
17	9.2414	1.2198	0.	2.0677e-005
18	10.4	1.2169	0.	1.7906e-005
19	11.552	1.1838	0.	1.491e-005
20	12.689	1.2209	0.	1.2229e-005
21	13.816	1.2172	0.	9.8456e-006
22	14.943	1.2055	0.	7.7217e-006
23	16.08	1.1893	0.	5.8702e-006
24	17.21	1.1896	0.	4.2422e-006
25	18.341	1.1898	0.	2.8763e-006
26	19.471	1.1903	0.	1.762e-006
27	20.602	1.1901	0.	8.9432e-007
28	21.733	1.1909	0.	2.7412e-007
29	22.865	1.1977	0.	-9.9561e-008
30	22.86	2.4014	0.	-2.4525e-007
31	22.855	3.5995	0.	-2.4372e-007
32	22.863	4.7978	0.	-9.7599e-008
33	21.723	4.8013	0.	2.8029e-007
34	20.589	4.7877	0.	9.0675e-007
35	19.458	4.7808	0.	1.7804e-006
36	18.327	4.7784	0.	2.9008e-006
37	17.197	4.7768	0.	4.2615e-006
38	16.074	4.7944	0.	5.8782e-006
39	14.943	4.8085	0.	7.712e-006
40	13.822	4.838	0.	9.8485e-006
41	12.679	4.8252	0.	1.2251e-005
42	11.536	4.8178	0.	1.4944e-005
43	10.386	4.8053	0.	1.7939e-005
44	9.2211	4.803	0.	2.0675e-005
45	8.024	4.7747	0.	2.3187e-005
46	6.7868	4.7478	0.	2.5559e-005
47	5.4555	4.7159	0.	2.7204e-005
48	4.4848	5.2542	0.	3.1151e-005
49	5.4963	3.462	0.	2.4512e-005
50	5.2414	2.1812	0.	2.0039e-005
51	6.707	2.3695	0.	2.3492e-005
52	7.9806	2.4086	0.	2.234e-005
53	9.2014	2.4201	0.	2.0324e-005
54	10.393	2.4311	0.	1.7872e-005
55	11.542	2.4106	0.	1.4863e-005
56	12.669	2.4315	0.	1.2167e-005
57	13.8	2.428	0.	9.7983e-006
58	14.925	2.4059	0.	7.645e-006
59	16.068	2.3864	0.	5.768e-006
60	17.199	2.3869	0.	4.1331e-006
61	18.329	2.3881	0.	2.7665e-006
62	19.46	2.3905	0.	1.6457e-006
63	20.592	2.3945	0.	7.7191e-007
64	21.725	2.3992	0.	1.4815e-007
65	21.717	3.595	0.	1.5168e-007
66	20.584	3.5863	0.	7.7755e-007
67	19.453	3.5802	0.	1.6512e-006
68	18.321	3.5771	0.	2.7751e-006
69	17.191	3.5754	0.	4.1452e-006
70	16.059	3.5868	0.	5.7767e-006
71	14.926	3.6087	0.	7.6445e-006
72	13.801	3.626	0.	9.788e-006
73	12.67	3.6278	0.	1.2192e-005
74	11.529	3.6198	0.	1.4895e-005
75	10.377	3.619	0.	1.7866e-005
76	9.1851	3.6089	0.	2.0228e-005
77	7.9577	3.5905	0.	2.2405e-005
78	6.6911	3.5291	0.	2.39e-005
79	3.1898	5.0648	0.	2.1219e-005
80	1.0655	1.8637	0.	1.016e-005
81	1.7763	3.0013	0.	5.2323e-005
82	3.1665	2.4665	0.	4.1181e-005
83	3.2126	1.044	0.	2.4081e-005
84	4.2283	1.506	0.	3.6156e-005
85	3.6563	1.8981	0.	1.5617e-005
86	4.2629	3.386	0.	2.7955e-005
87	2.6672	3.2768	0.	6.2845e-005
88	3.0682	3.4735	0.	5.0589e-005
89	2.9656	1.4013	0.	3.3336e-005
90	2.1605	3.1535	0.	6.8862e-005
91	2.5427	2.7649	0.	7.2485e-005
92	2.5427	2.7649	0.1	-7.2485e-005
93	2.1605	3.1535	0.1	-6.8862e-005
94	2.9656	1.4013	0.1	-3.3336e-005
95	3.0682	3.4735	0.1	-5.0589e-005
96	2.6672	3.2768	0.1	-6.2845e-005
97	4.2629	3.386	0.1	-2.7955e-005
98	3.6563	1.8981	0.1	-1.5617e-005
99	4.2283	1.506	0.1	-3.6156e-005
100	3.2126	1.044	0.1	-2.4081e-005
101	3.1665	2.4665	0.1	-4.1181e-005
102	1.7763	3.0013	0.1	-5.2323e-005
103	1.0655	1.8637	0.1	-1.016e-005
104	3.1898	5.0648	0.1	-2.1219e-005
105	6.6911	3.5291	0.1	-2.39e-005
106	7.9577	3.5905	0.1	-2.2405e-005
107	9.1851	3.6089	0.1	-2.0228e-005
108	10.377	3.619	0.1	-1.7866e-005
109	11.529	3.6198	0.1	-1.4895e-005
110	12.67	3.6278	0.1	-1.2192e-005
111	13.801	3.626	0.1	-9.788e-006
112	14.926	3.6087	0.1	-7.6445e-006
113	16.059	3.5868	0.1	-5.7767e-006
114	17.191	3.5754	0.1	-4.1452e-006
115	18.321	3.5771	0.1	-2.7751e-006
116	19.453	3.5802	0.1	-1.6512e-006
117	20.584	3.5863	0.1	-7.7755e-007
118	21.717	3.595	0.1	-1.5168e-007
119	21.725	2.3992	0.1	-1.4815e-007
120	20.592	2.3945	0.1	-7.7191e-007
121	19.46	2.3905	0.1	-1.6457e-006
122	18.329	2.3881	0.1	-2.7665e-006
123	17.199	2.3869	0.1	-4.1331e-006
124	16.068	2.3864	0.1	-5.768e-006
125	14.925	2.4059	0.1	-7.645e-006
126	13.8	2.428	0.1	-9.7983e-006
127	12.669	2.4315	0.1	-1.2167e-005
128	11.542	2.4106	0.1	-1.4863e-005
129	10.393	2.4311	0.1	-1.7872e-005
130	9.2014	2.4201	0.1	-2.0324e-005
131	7.9806	2.4086	0.1	-2.234e-005
132	6.707	2.3695	0.1	-2.3492e-005
133	5.2414	2.1812	0.1	-2.0039e-005
134	5.4963	3.462	0.1	-2.4512e-005
135	4.4848	5.2542	0.1	-3.1151e-005
136	5.4555	4.7159	0.1	-2.7204e-005
137	6.7868	4.7478	0.1	-2.5559e-005
138	8.024	4.7747	0.1	-2.3187e-005
139	9.2211	4.803	0.1	-2.0675e-005
140	10.386	4.8053	0.1	-1.7939e-005
141	11.536	4.8178	0.1	-1.4944e-005
142	12.679	4.8252	0.1	-1.2251e-005
143	13.822	4.838	0.1	-9.8485e-006
144	14.943	4.8085	0.1	-7.712e-006
145	16.074	4.7944	0.1	-5.8782e-006
146	17.197	4.7768	0.1	-4.2615e-006
147	18.327	4.7784	0.1	-2.9008e-006
148	19.458	4.7808	0.1	-1.7804e-006
149	20.589	4.7877	0.1	-9.0675e-007
150	21.723	4.8013	0.1	-2.803e-007
151	22.863	4.7978	0.1	9.7599e-008
152	22.855	3.5995	0.1	2.4372e-007
153	22.86	2.4014	0.1	2.4525e-007
154	22.865	1.1977	0.1	9.9561e-008
155	21.733	1.1909	0.1	-2.7412e-007
156	20.602	1.1901	0.1	-8.9432e-007
157	19.471	1.1903	0.1	-1.762e-006
158	18.341	1.1898	0.1	-2.8763e-006
159	17.21	1.1896	0.1	-4.2422e-006
160	16.08	1.1893	0.1	-5.8702e-006
161	14.943	1.2055	0.1	-7.7217e-006
162	13.816	1.2172	0.1	-9.8456e-006
163	12.689	1.2209	0.1	-1.2229e-005
164	11.552	1.1838	0.1	-1.491e-005
165	10.4	1.2169	0.1	-1.7906e-005
166	9.2414	1.2198	0.1	-2.0677e-005
167	8.0602	1.2158	0.1	-2.3316e-005
168	6.8548	1.1968	0.1	-2.5584e-005
169	5.6492	1.1475	0.1	-2.931e-005
170	4.6054	0.88918	0.1	-3.4752e-005
171	1.0987	4.7094	0.1	-2.0544e-005
172	1.7426	4.1384	0.1	-4.9655e-005
173	4.0885	4.1507	0.1	-2.3201e-005
174	3.3791	5.4721	0.1	-2.2305e-005
175	2.0833	3.9045	0.1	-9.3473e-005
176	3.5675	0.61791	0.1	-2.3672e-005
177	1.0881	3.0534	0.1	-1.6979e-005
178	1.0629	0.91064	0.1	-1.1011e-005
179	3.6728	4.6885	0.1	-3.1314e-005
180	2.2278	3.7938	0.1	-7.542e-005
181	4.14	2.5483	0.1	-3.064e-005
182	2.3666	3.4075	0.1	-7.5507e-005
183	2.5267	5.5	0.1	2.1042e-006
184	2.5267	5.	0.1	-1.5374e-005
185	2.5267	4.5	0.1	-2.8443e-005
186	2.5267	4.	0.1	-5.8894e-005
187	2.36	4.	0.1	-9.4208e-005
188	2.36	4.5	0.1	-3.5506e-007
189	2.36	5.	0.1	-1.6913e-005
190	2.36	5.5	0.1	-1.246e-005
191	2.5267	0.5	0.1	-1.5608e-005
192	2.5267	1.	0.1	-1.7843e-005
193	2.5267	1.5	0.1	1.1485e-006
194	2.5267	2.	0.1	-6.6229e-005
195	2.36	2.	0.1	-5.5504e-005
196	2.36	1.5	0.1	-2.1185e-005
197	2.36	1.	0.1	-1.5948e-005
198	2.36	0.5	0.1	-2.6497e-005
199	2.5267	6.	0.1	-5.2926e-006
200	3.6568	6.	0.1	-2.1008e-005
201	4.787	6.	0.1	-2.9671e-005
202	5.9172	6.	0.1	-2.9578e-005
203	7.0474	6.	0.1	-2.7136e-005
204	8.1775	6.	0.1	-2.4416e-005
205	9.3077	6.	0.1	-2.0788e-005
206	10.438	6.	0.1	-1.7681e-005
207	11.568	6.	0.1	-1.4801e-005
208	12.698	6.	0.1	-1.2174e-005
209	13.828	6.	0.1	-9.8233e-006
210	14.959	6.	0.1	-7.6814e-006
211	16.089	6.	0.1	-5.8146e-006
212	17.219	6.	0.1	-4.1964e-006
213	18.349	6.	0.1	-2.8365e-006
214	19.479	6.	0.1	-1.7278e-006
215	20.609	6.	0.1	-8.6582e-007
216	21.74	6.	0.1	-2.5809e-007
217	22.87	6.	0.1	8.4202e-008
218	24.	6.	0.1	1.042e-007
219	24.	4.8	0.1	2.1188e-007
220	24.	3.6	0.1	3.6194e-007
221	24.	2.4	0.1	3.6375e-007
222	24.	1.2	0.1	2.1233e-007
223	1.049e-014	1.2	0.1	1.3006e-006
224	2.0981e-014	2.4	0.1	5.1839e-006
225	3.1471e-014	3.6	0.1	1.4965e-006
226	4.1961e-014	4.8	0.1	1.0628e-006
227	24.	0.	0.1	1.0516e-007
228	22.87	0.	0.1	8.437e-008
229	21.74	0.	0.1	-2.6013e-007
230	20.609	0.	0.1	-8.7428e-007
231	19.479	0.	0.1	-1.7384e-006
232	18.349	0.	0.1	-2.8523e-006
233	17.219	0.	0.1	-4.2117e-006
234	16.089	0.	0.1	-5.8251e-006
235	14.959	0.	0.1	-7.684e-006
236	13.828	0.	0.1	-9.8032e-006
237	12.698	0.	0.1	-1.2199e-005
238	11.568	0.	0.1	-1.485e-005
239	10.438	0.	0.1	-1.7733e-005
240	9.3077	0.	0.1	-2.0913e-005
241	8.1775	0.	0.1	-2.4614e-005
242	7.0474	0.	0.1	-2.7587e-005
243	5.9172	0.	0.1	-3.0042e-005
244	4.787	0.	0.1	-3.3315e-005
245	3.6568	0.	0.1	-2.2683e-005
246	2.5267	0.	0.1	-4.1723e-006
247	2.36	0.	0.1	-1.8403e-005
248	1.18	-4.1893e-031	0.1	-2.7386e-005
249	0.	0.	0.1	8.5843e-007
250	3.937e-014	6.	0.1	1.3805e-006
251	1.18	6.	0.1	-3.4366e-005
252	2.36	6.	0.1	-1.3369e-006
253	1.18	6.	0.	3.4366e-005
254	2.36	6.	0.	1.3369e-006
255	3.937e-014	6.	0.	-1.3805e-006
256	1.18	-4.1893e-031	0.	2.7386e-005
257	2.36	0.	0.	1.8403e-005
258	0.	0.	0.	-8.5843e-007
259	3.6568	0.	0.	2.2683e-005
260	4.787	0.	0.	3.3315e-005
261	5.9172	0.	0.	3.0042e-005
262	7.0474	0.	0.	2.7587e-005
263	8.1775	0.	0.	2.4614e-005
264	9.3077	0.	0.	2.0913e-005
265	10.438	0.	0.	1.7733e-005
266	11.568	0.	0.	1.485e-005
267	12.698	0.	0.	1.2199e-005
268	13.828	0.	0.	9.8032e-006
269	14.959	0.	0.	7.684e-006
270	16.089	0.	0.	5.8251e-006
271	17.219	0.	0.	4.2117e-006
272	18.349	0.	0.	2.8523e-006
273	19.479	0.	0.	1.7384e-006
274	20.609	0.	0.	8.7428e-007
275	21.74	0.	0.	2.6013e-007
276	22.87	0.	0.	-8.4371e-008
277	2.5267	0.	0.	4.1723e-006
278	24.	0.	0.	-1.0516e-007
279	4.1961e-014	4.8	0.	-1.0628e-006
280	3.1471e-014	3.6	0.	-1.4965e-006
281	2.0981e-014	2.4	0.	-5.1839e-006
282	1.049e-014	1.2	0.	-1.3006e-006
283	24.	1.2	0.	-2.1233e-007
284	24.	2.4	0.	-3.6375e-007
285	24.	3.6	0.	-3.6194e-007
286	24.	4.8	0.	-2.1188e-007
287	24.	6.	0.	-1.042e-007
288	22.87	6.	0.	-8.4203e-008
289	21.74	6.	0.	2.5809e-007
290	20.609	6.	0.	8.6582e-007
291	19.479	6.	0.	1.7278e-006
292	18.349	6.	0.	2.8365e-006
293	17.219	6.	0.	4.1964e-006
294	16.089	6.	0.	5.8146e-006
295	14.959	6.	0.	7.6814e-006
296	13.828	6.	0.	9.8233e-006
297	12.698	6.	0.	1.2174e-005
298	11.568	6.	0.	1.4801e-005
299	10.438	6.	0.	1.7681e-005
300	9.3077	6.	0.	2.0788e-005
301	8.1775	6.	0.	2.4416e-005
302	7.0474	6.	0.	2.7136e-005
303	5.9172	6.	0.	2.9578e-005
304	4.787	6.	0.	2.9671e-005
305	3.6568	6.	0.	2.1008e-005
306	2.5267	6.	0.	5.2926e-006
307	2.36	1.5	0.	2.1185e-005
308	2.36	1.	0.	1.5948e-005
309	2.36	0.5	0.	2.6497e-005
310	2.36	2.	0.	5.5504e-005
311	2.5267	0.5	0.	1.5608e-005
312	2.5267	1.	0.	1.7843e-005
313	2.5267	1.5	0.	-1.1485e-006
314	2.5267	2.	0.	6.6229e-005
315	2.36	4.5	0.	3.5506e-007
316	2.36	5.	0.	1.6913e-005
317	2.36	5.5	0.	1.246e-005
318	2.36	4.	0.	9.4208e-005
319	2.5267	5.5	0.	-2.1042e-006
320	2.5267	5.	0.	1.5374e-005
321	2.5267	4.5	0.	2.8443e-005
322	2.5267	4.	0.	5.8894e-005
323	2.2972	3.6006	0.	8.9401e-005
324	2.5169	3.3421	0.	8.3297e-005
325	2.2635	3.2805	0.	7.5128e-005
326	2.3666	3.4075	5.e-002	-5.212e-021
327	4.6907	2.3648	0.	2.5544e-005
328	3.6533	2.5074	0.	3.5954e-005
329	3.8982	2.2232	0.	2.2445e-005
330	4.2014	2.9672	0.	2.9169e-005
331	4.14	2.5483	5.e-002	-5.4893e-014
332	2.1556	3.8491	0.	8.5518e-005
333	2.2278	3.7938	5.e-002	-5.2011e-021
334	2.2939	3.8969	0.	1.1852e-004
335	3.8807	4.4196	0.	2.9383e-005
336	4.0788	4.9713	0.	3.3656e-005
337	3.4313	4.8766	0.	2.7783e-005
338	3.6728	4.6885	5.e-002	-2.3828e-021
339	3.0998	4.5942	0.	3.3072e-005
340	1.0642	1.3872	0.	1.0541e-005
341	1.0629	0.91064	5.e-002	-4.5721e-022
342	1.1214	0.45532	0.	1.9043e-005
343	0.53145	1.0553	0.	3.8631e-006
344	1.7114	0.70532	0.	1.8342e-005
345	1.0934	3.8814	0.	1.5683e-005
346	1.0768	2.4586	0.	1.2464e-005
347	1.4322	3.0273	0.	4.4233e-005
348	1.0881	3.0534	5.e-002	-2.7945e-013
349	0.54406	3.3267	0.	7.8763e-006
350	1.7241	2.2767	0.	1.1948e-005
351	4.0865	0.75355	0.	2.9269e-005
352	3.3901	0.83095	0.	2.4051e-005
353	3.5675	0.61791	5.e-002	1.1002e-013
354	3.6122	0.30895	0.	2.3534e-005
355	3.0471	0.55895	0.	1.9882e-005
356	1.913	4.0214	0.	7.1525e-005
357	2.1219	3.529	0.	8.4193e-005
358	2.0833	3.9045	5.e-002	3.8319e-022
359	2.2217	4.2022	0.	4.1416e-005
360	3.9319	5.3631	0.	2.7525e-005
361	3.2844	5.2684	0.	2.1783e-005
362	3.3791	5.4721	5.e-002	-1.1945e-021
363	3.518	5.736	0.	2.3836e-005
364	2.9529	5.486	0.	1.5953e-005
365	4.772	4.4333	0.	2.5203e-005
366	4.1757	3.7683	0.	2.6109e-005
367	4.0885	4.1507	5.e-002	1.0724e-013
368	3.3076	4.0753	0.	4.7545e-005
369	1.4207	4.4239	0.	4.4205e-005
370	1.7595	3.5698	0.	5.1561e-005
371	1.7426	4.1384	5.e-002	1.9797e-013
372	2.0513	4.5692	0.	3.3405e-005
373	1.0987	4.7094	5.e-002	-2.0145e-013
374	1.1393	5.3547	0.	2.7441e-005
375	0.54934	4.7547	0.	7.1931e-006
376	1.7293	5.1047	0.	1.4706e-005
377	5.1273	1.0183	0.	3.2333e-005
378	4.4168	1.1976	0.	3.5456e-005
379	4.6054	0.88918	5.e-002	-5.2098e-014
380	4.6962	0.44459	0.	3.4099e-005
381	6.252	1.1721	0.	2.7498e-005
382	5.4453	1.6643	0.	2.4802e-005
383	5.6492	1.1475	5.e-002	7.4504e-013
384	5.7832	0.57375	0.	3.0064e-005
385	7.4575	1.2063	0.	2.4441e-005
386	6.7809	1.7832	0.	2.4536e-005
387	6.8548	1.1968	5.e-002	4.1171e-015
388	6.9511	0.59839	0.	2.671e-005
389	8.6508	1.2178	0.	2.1997e-005
390	8.0204	1.8122	0.	2.2816e-005
391	8.0602	1.2158	5.e-002	-1.1194e-022
392	8.1189	0.60788	0.	2.3947e-005
393	9.8207	1.2184	0.	1.9371e-005
394	9.2214	1.82	0.	2.0484e-005
395	9.2414	1.2198	5.e-002	-4.4725e-015
396	9.2746	0.60992	0.	2.0992e-005
397	10.976	1.2003	0.	1.641e-005
398	10.396	1.824	0.	1.7896e-005
399	10.4	1.2169	5.e-002	-2.2699e-013
400	10.419	0.60845	0.	1.7821e-005
401	12.121	1.2023	0.	1.357e-005
402	11.547	1.7972	0.	1.4887e-005
403	11.552	1.1838	5.e-002	-1.0005e-022
404	11.56	0.59188	0.	1.488e-005
405	13.253	1.219	0.	1.1037e-005
406	12.679	1.8262	0.	1.2198e-005
407	12.689	1.2209	5.e-002	-7.7728e-016
408	12.694	0.61046	0.	1.2215e-005
409	14.38	1.2113	0.	8.7837e-006
410	13.808	1.8226	0.	9.8223e-006
411	13.816	1.2172	5.e-002	-1.765e-015
412	13.822	0.60858	0.	9.8248e-006
413	15.512	1.1974	0.	6.796e-006
414	14.934	1.8057	0.	7.6837e-006
415	14.943	1.2055	5.e-002	1.1765e-013
416	14.951	0.60277	0.	7.703e-006
417	16.645	1.1894	0.	5.0562e-006
418	16.074	1.7878	0.	5.8195e-006
419	16.08	1.1893	5.e-002	6.057e-014
420	16.085	0.59466	0.	5.8479e-006
421	17.775	1.1897	0.	3.5592e-006
422	17.204	1.7882	0.	4.188e-006
423	17.21	1.1896	5.e-002	6.0626e-014
424	17.215	0.59479	0.	4.2273e-006
425	18.906	1.19	0.	2.3191e-006
426	18.335	1.7889	0.	2.8217e-006
427	18.341	1.1898	5.e-002	1.2625e-013
428	18.345	0.5949	0.	2.8646e-006
429	20.036	1.1902	0.	1.3281e-006
430	19.466	1.7904	0.	1.7042e-006
431	19.471	1.1903	5.e-002	1.1875e-013
432	19.475	0.59513	0.	1.7505e-006
433	21.167	1.1905	0.	5.8419e-007
434	20.597	1.7923	0.	8.3347e-007
435	20.602	1.1901	5.e-002	2.2887e-013
436	20.606	0.59506	0.	8.846e-007
437	22.299	1.1943	0.	8.7139e-008
438	21.729	1.7951	0.	2.1149e-007
439	21.733	1.1909	5.e-002	2.0642e-013
440	21.736	0.59546	0.	2.6735e-007
441	22.862	1.7995	0.	-1.7201e-007
442	22.865	1.1977	5.e-002	2.3193e-013
443	22.867	0.59883	0.	-9.17e-008
444	23.432	1.1988	0.	-1.5682e-007
445	22.857	3.0004	0.	-2.441e-007
446	22.293	2.4003	0.	-4.8861e-008
447	22.86	2.4014	5.e-002	1.5767e-013
448	23.43	2.4007	0.	-3.0557e-007
449	22.859	4.1986	0.	-1.7027e-007
450	22.286	3.5972	0.	-4.6325e-008
451	22.855	3.5995	5.e-002	1.9904e-013
452	23.427	3.5997	0.	-3.0388e-007
453	22.293	4.7995	0.	9.12e-008
454	22.863	4.7978	5.e-002	2.0239e-013
455	23.431	4.7989	0.	-1.556e-007
456	22.866	5.3989	0.	-9.06e-008
457	21.156	4.7945	0.	5.9349e-007
458	21.72	4.1981	0.	2.1634e-007
459	21.723	4.8013	5.e-002	1.8049e-013
460	21.731	5.4006	0.	2.694e-007
461	20.024	4.7843	0.	1.3435e-006
462	20.587	4.187	0.	8.425e-007
463	20.589	4.7877	5.e-002	1.5979e-013
464	20.599	5.3939	0.	8.8649e-007
465	18.892	4.7796	0.	2.3406e-006
466	19.455	4.1805	0.	1.7161e-006
467	19.458	4.7808	5.e-002	1.4446e-013
468	19.468	5.3904	0.	1.7543e-006
469	17.762	4.7776	0.	3.5812e-006
470	18.324	4.1777	0.	2.8383e-006
471	18.327	4.7784	5.e-002	1.4549e-013
472	18.338	5.3892	0.	2.8688e-006
473	16.635	4.7856	0.	5.0699e-006
474	17.194	4.1761	0.	4.2037e-006
475	17.197	4.7768	5.e-002	6.2049e-014
476	17.208	5.3884	0.	4.2293e-006
477	15.508	4.8014	0.	6.7951e-006
478	16.066	4.1906	0.	5.8278e-006
479	16.074	4.7944	5.e-002	1.2442e-013
480	16.081	5.3972	0.	5.8469e-006
481	14.383	4.8233	0.	8.7803e-006
482	14.934	4.2086	0.	7.6787e-006
483	14.943	4.8085	5.e-002	1.1757e-013
484	14.951	5.4043	0.	7.6974e-006
485	13.251	4.8316	0.	1.105e-005
486	13.812	4.232	0.	9.8188e-006
487	13.822	4.838	5.e-002	1.3182e-015
488	13.825	5.419	0.	9.8364e-006
489	12.108	4.8215	0.	1.3598e-005
490	12.675	4.2265	0.	1.2222e-005
491	12.679	4.8252	5.e-002	3.0483e-015
492	12.689	5.4126	0.	1.2213e-005
493	10.961	4.8116	0.	1.6443e-005
494	11.533	4.2188	0.	1.492e-005
495	11.536	4.8178	5.e-002	-1.0124e-022
496	11.552	5.4089	0.	1.4872e-005
497	9.8036	4.8041	0.	1.9372e-005
498	10.382	4.2122	0.	1.7918e-005
499	10.386	4.8053	5.e-002	1.1923e-015
500	10.412	5.4026	0.	1.7812e-005
501	8.6226	4.7888	0.	2.1931e-005
502	9.2031	4.2059	0.	2.0435e-005
503	9.2211	4.803	5.e-002	-1.2672e-022
504	9.2644	5.4015	0.	2.1008e-005
505	7.4054	4.7613	0.	2.4375e-005
506	7.9909	4.1826	0.	2.2782e-005
507	8.024	4.7747	5.e-002	-1.36e-022
508	8.1008	5.3873	0.	2.3801e-005
509	6.1211	4.7319	0.	2.6452e-005
510	6.7389	4.1385	0.	2.4716e-005
511	6.7868	4.7478	5.e-002	6.2913e-014
512	6.9171	5.3739	0.	2.634e-005
513	4.9701	4.985	0.	3.0156e-005
514	5.4759	4.0889	0.	2.5853e-005
515	5.4555	4.7159	5.e-002	-3.4095e-014
516	5.6863	5.358	0.	3.0959e-005
517	4.4848	5.2542	5.e-002	-2.1579e-013
518	4.6359	5.6271	0.	3.0722e-005
519	5.3688	2.8216	0.	2.2368e-005
520	6.0937	3.4955	0.	2.4253e-005
521	4.8796	3.424	0.	2.624e-005
522	5.4963	3.462	5.e-002	-1.2228e-013
523	5.9742	2.2754	0.	2.1767e-005
524	4.7348	1.8436	0.	2.9627e-005
525	5.2414	2.1812	5.e-002	8.9787e-014
526	7.3438	2.3891	0.	2.2915e-005
527	6.6991	2.9493	0.	2.3696e-005
528	6.707	2.3695	5.e-002	2.5444e-014
529	8.591	2.4144	0.	2.1332e-005
530	7.9692	2.9995	0.	2.2368e-005
531	7.9806	2.4086	5.e-002	-4.4702e-013
532	9.7971	2.4256	0.	1.9107e-005
533	9.1933	3.0145	0.	2.0264e-005
534	9.2014	2.4201	5.e-002	-7.5112e-016
535	10.967	2.4209	0.	1.6388e-005
536	10.385	3.025	0.	1.7865e-005
537	10.393	2.4311	5.e-002	-2.2759e-013
538	12.105	2.4211	0.	1.3515e-005
539	11.535	3.0152	0.	1.488e-005
540	11.542	2.4106	5.e-002	-3.5327e-015
541	13.234	2.4298	0.	1.0983e-005
542	12.67	3.0297	0.	1.218e-005
543	12.669	2.4315	5.e-002	-1.0844e-015
544	14.362	2.4169	0.	8.7216e-006
545	13.8	3.027	0.	9.7936e-006
546	13.8	2.428	5.e-002	-1.7976e-015
547	15.497	2.3961	0.	6.7065e-006
548	14.925	3.0073	0.	7.6451e-006
549	14.925	2.4059	5.e-002	3.6315e-016
550	16.634	2.3866	0.	4.9505e-006
551	16.064	2.9866	0.	5.7727e-006
552	16.068	2.3864	5.e-002	1.1282e-013
553	17.764	2.3875	0.	3.4497e-006
554	17.195	2.9811	0.	4.1395e-006
555	17.199	2.3869	5.e-002	5.5411e-014
556	18.894	2.3893	0.	2.2061e-006
557	18.325	2.9826	0.	2.7712e-006
558	18.329	2.3881	5.e-002	1.6981e-013
559	20.026	2.3925	0.	1.2088e-006
560	19.456	2.9854	0.	1.6489e-006
561	19.46	2.3905	5.e-002	1.4348e-013
562	21.158	2.3968	0.	4.5994e-007
563	20.588	2.9904	0.	7.7517e-007
564	20.592	2.3945	5.e-002	1.4322e-013
565	21.721	2.9971	0.	1.503e-007
566	21.725	2.3992	5.e-002	1.5886e-013
567	21.151	3.5906	0.	4.6453e-007
568	21.717	3.595	5.e-002	1.7501e-013
569	20.018	3.5833	0.	1.2143e-006
570	20.584	3.5863	5.e-002	1.1691e-013
571	18.887	3.5787	0.	2.2131e-006
572	19.453	3.5802	5.e-002	1.1452e-013
573	17.756	3.5762	0.	3.4601e-006
574	18.321	3.5771	5.e-002	5.8622e-014
575	16.625	3.5811	0.	4.9609e-006
576	17.191	3.5754	5.e-002	1.1653e-013
577	15.492	3.5978	0.	6.7106e-006
578	16.059	3.5868	5.e-002	5.9116e-016
579	14.363	3.6174	0.	8.7162e-006
580	14.926	3.6087	5.e-002	1.1512e-013
581	13.236	3.6269	0.	1.099e-005
582	13.801	3.626	5.e-002	1.1479e-013
583	12.1	3.6238	0.	1.3544e-005
584	12.67	3.6278	5.e-002	2.7294e-016
585	10.953	3.6194	0.	1.6422e-005
586	11.529	3.6198	5.e-002	2.8155e-015
587	9.781	3.614	0.	1.9052e-005
588	10.377	3.619	5.e-002	5.1466e-015
589	8.5714	3.5997	0.	2.1317e-005
590	9.1851	3.6089	5.e-002	9.0959e-015
591	7.3244	3.5598	0.	2.3152e-005
592	7.9577	3.5905	5.e-002	-2.3315e-013
593	6.6911	3.5291	5.e-002	2.3588e-013
594	3.1898	5.0648	5.e-002	-4.2009e-022
595	2.8582	5.0324	0.	1.7731e-005
596	1.0655	1.8637	5.e-002	3.5236e-013
597	0.53277	2.1319	0.	3.4448e-006
598	1.7128	1.4319	0.	1.1402e-005
599	1.9684	3.0774	0.	7.0383e-005
600	1.7763	3.0013	5.e-002	1.2843e-013
601	2.0681	2.5006	0.	6.1638e-005
602	3.1174	2.97	0.	5.704e-005
603	2.8546	2.6157	0.	6.6389e-005
604	3.1665	2.4665	5.e-002	2.5161e-012
605	2.8466	2.2332	0.	6.2486e-005
606	3.7204	1.275	0.	3.0238e-005
607	3.0891	1.2226	0.	3.1091e-005
608	3.2126	1.044	5.e-002	2.2736e-013
609	2.8696	1.022	0.	2.5243e-005
610	3.9423	1.7021	0.	2.6881e-005
611	4.2283	1.506	5.e-002	-3.1471e-014
612	3.3109	1.6497	0.	2.8854e-005
613	3.6563	1.8981	5.e-002	5.6888e-014
614	3.0915	1.9491	0.	5.5749e-005
615	3.6655	3.4298	0.	5.013e-005
616	4.2629	3.386	5.e-002	-2.3281e-013
617	2.8677	3.3752	0.	5.6855e-005
618	2.6049	3.0208	0.	7.0794e-005
619	2.6672	3.2768	5.e-002	4.1152e-013
620	2.5136	3.6384	0.	8.8335e-005
621	3.0682	3.4735	5.e-002	4.7651e-013
622	2.7974	3.7368	0.	5.4051e-005
623	2.9656	1.4013	5.e-002	1.2126e-012
624	2.7461	1.4507	0.	2.8423e-005
625	2.3516	2.9592	0.	8.6317e-005
626	2.1605	3.1535	5.e-002	4.4959e-014
627	2.5427	2.7649	5.e-002	4.0351e-013
628	2.4514	2.3824	0.	8.0556e-005
629	2.3516	2.9592	0.1	-8.6317e-005
630	2.6049	3.0208	0.1	-7.0794e-005
631	2.8546	2.6157	0.1	-6.6389e-005
632	2.4514	2.3824	0.1	-8.0556e-005
633	1.9684	3.0774	0.1	-7.0383e-005
634	2.1219	3.529	0.1	-8.4193e-005
635	2.2635	3.2805	0.1	-7.5128e-005
636	3.3109	1.6497	0.1	-2.8854e-005
637	3.0891	1.2226	0.1	-3.1091e-005
638	2.7461	1.4507	0.1	-2.8423e-005
639	2.8677	3.3752	0.1	-5.6855e-005
640	3.6655	3.4298	0.1	-5.013e-005
641	3.1174	2.97	0.1	-5.704e-005
642	2.7974	3.7368	0.1	-5.4051e-005
643	2.5169	3.3421	0.1	-8.3297e-005
644	2.5136	3.6384	0.1	-8.8335e-005
645	4.8796	3.424	0.1	-2.624e-005
646	4.1757	3.7683	0.1	-2.6109e-005
647	4.2014	2.9672	0.1	-2.9169e-005
648	3.9423	1.7021	0.1	-2.6881e-005
649	3.8982	2.2232	0.1	-2.2445e-005
650	3.0915	1.9491	0.1	-5.5749e-005
651	3.7204	1.275	0.1	-3.0238e-005
652	4.7348	1.8436	0.1	-2.9627e-005
653	4.4168	1.1976	0.1	-3.5456e-005
654	3.3901	0.83095	0.1	-2.4051e-005
655	2.8696	1.022	0.1	-2.5243e-005
656	3.6533	2.5074	0.1	-3.5954e-005
657	2.8466	2.2332	0.1	-6.2486e-005
658	1.7595	3.5698	0.1	-5.1561e-005
659	1.4322	3.0273	0.1	-4.4233e-005
660	2.0681	2.5006	0.1	-6.1638e-005
661	1.0768	2.4586	0.1	-1.2464e-005
662	1.0642	1.3872	0.1	-1.0541e-005
663	1.7128	1.4319	0.1	-1.1402e-005
664	0.53277	2.1319	0.1	-3.4448e-006
665	3.2844	5.2684	0.1	-2.1783e-005
666	3.4313	4.8766	0.1	-2.7783e-005
667	2.8582	5.0324	0.1	-1.7731e-005
668	7.3244	3.5598	0.1	-2.3152e-005
669	6.6991	2.9493	0.1	-2.3696e-005
670	6.0937	3.4955	0.1	-2.4253e-005
671	6.7389	4.1385	0.1	-2.4716e-005
672	8.5714	3.5997	0.1	-2.1317e-005
673	7.9692	2.9995	0.1	-2.2368e-005
674	7.9909	4.1826	0.1	-2.2782e-005
675	9.781	3.614	0.1	-1.9052e-005
676	9.1933	3.0145	0.1	-2.0264e-005
677	9.2031	4.2059	0.1	-2.0435e-005
678	10.953	3.6194	0.1	-1.6422e-005
679	10.385	3.025	0.1	-1.7865e-005
680	10.382	4.2122	0.1	-1.7918e-005
681	12.1	3.6238	0.1	-1.3544e-005
682	11.535	3.0152	0.1	-1.488e-005
683	11.533	4.2188	0.1	-1.492e-005
684	13.236	3.6269	0.1	-1.099e-005
685	12.67	3.0297	0.1	-1.218e-005
686	12.675	4.2265	0.1	-1.2222e-005
687	14.363	3.6174	0.1	-8.7162e-006
688	13.8	3.027	0.1	-9.7936e-006
689	13.812	4.232	0.1	-9.8188e-006
690	15.492	3.5978	0.1	-6.7106e-006
691	14.925	3.0073	0.1	-7.6451e-006
692	14.934	4.2086	0.1	-7.6787e-006
693	16.625	3.5811	0.1	-4.9609e-006
694	16.064	2.9866	0.1	-5.7727e-006
695	16.066	4.1906	0.1	-5.8278e-006
696	17.756	3.5762	0.1	-3.4601e-006
697	17.195	2.9811	0.1	-4.1395e-006
698	17.194	4.1761	0.1	-4.2037e-006
699	18.887	3.5787	0.1	-2.2131e-006
700	18.325	2.9826	0.1	-2.7712e-006
701	18.324	4.1777	0.1	-2.8383e-006
702	20.018	3.5833	0.1	-1.2143e-006
703	19.456	2.9854	0.1	-1.6489e-006
704	19.455	4.1805	0.1	-1.7161e-006
705	21.151	3.5906	0.1	-4.6453e-007
706	20.588	2.9904	0.1	-7.7517e-007
707	20.587	4.187	0.1	-8.425e-007
708	21.721	2.9971	0.1	-1.503e-007
709	21.72	4.1981	0.1	-2.1634e-007
710	22.286	3.5972	0.1	4.6325e-008
711	21.158	2.3968	0.1	-4.5994e-007
712	22.293	2.4003	0.1	4.886e-008
713	21.729	1.7951	0.1	-2.1149e-007
714	20.026	2.3925	0.1	-1.2088e-006
715	20.597	1.7923	0.1	-8.3347e-007
716	18.894	2.3893	0.1	-2.2061e-006
717	19.466	1.7904	0.1	-1.7042e-006
718	17.764	2.3875	0.1	-3.4497e-006
719	18.335	1.7889	0.1	-2.8217e-006
720	16.634	2.3866	0.1	-4.9505e-006
721	17.204	1.7882	0.1	-4.188e-006
722	15.497	2.3961	0.1	-6.7065e-006
723	16.074	1.7878	0.1	-5.8195e-006
724	14.362	2.4169	0.1	-8.7216e-006
725	14.934	1.8057	0.1	-7.6837e-006
726	13.234	2.4298	0.1	-1.0983e-005
727	13.808	1.8226	0.1	-9.8223e-006
728	12.105	2.4211	0.1	-1.3515e-005
729	12.679	1.8262	0.1	-1.2198e-005
730	10.967	2.4209	0.1	-1.6388e-005
731	11.547	1.7972	0.1	-1.4887e-005
732	9.7971	2.4256	0.1	-1.9107e-005
733	10.396	1.824	0.1	-1.7896e-005
734	8.591	2.4144	0.1	-2.1332e-005
735	9.2214	1.82	0.1	-2.0484e-005
736	7.3438	2.3891	0.1	-2.2915e-005
737	8.0204	1.8122	0.1	-2.2816e-005
738	5.9742	2.2754	0.1	-2.1767e-005
739	6.7809	1.7832	0.1	-2.4536e-005
740	5.3688	2.8216	0.1	-2.2368e-005
741	5.4453	1.6643	0.1	-2.4802e-005
742	4.6907	2.3648	0.1	-2.5544e-005
743	5.4759	4.0889	0.1	-2.5853e-005
744	4.9701	4.985	0.1	-3.0156e-005
745	3.9319	5.3631	0.1	-2.7525e-005
746	4.0788	4.9713	0.1	-3.3656e-005
747	4.6359	5.6271	0.1	-3.0722e-005
748	6.1211	4.7319	0.1	-2.6452e-005
749	4.772	4.4333	0.1	-2.5203e-005
750	5.6863	5.358	0.1	-3.0959e-005
751	7.4054	4.7613	0.1	-2.4375e-005
752	6.9171	5.3739	0.1	-2.634e-005
753	8.6226	4.7888	0.1	-2.1931e-005
754	8.1008	5.3873	0.1	-2.3801e-005
755	9.8036	4.8041	0.1	-1.9372e-005
756	9.2644	5.4015	0.1	-2.1008e-005
757	10.961	4.8116	0.1	-1.6443e-005
758	10.412	5.4026	0.1	-1.7812e-005
759	12.108	4.8215	0.1	-1.3598e-005
760	11.552	5.4089	0.1	-1.4872e-005
761	13.251	4.8316	0.1	-1.105e-005
762	12.689	5.4126	0.1	-1.2213e-005
763	14.383	4.8233	0.1	-8.7803e-006
764	13.825	5.419	0.1	-9.8364e-006
765	15.508	4.8014	0.1	-6.7951e-006
766	14.951	5.4043	0.1	-7.6974e-006
767	16.635	4.7856	0.1	-5.0699e-006
768	16.081	5.3972	0.1	-5.8469e-006
769	17.762	4.7776	0.1	-3.5812e-006
770	17.208	5.3884	0.1	-4.2293e-006
771	18.892	4.7796	0.1	-2.3406e-006
772	18.338	5.3892	0.1	-2.8688e-006
773	20.024	4.7843	0.1	-1.3435e-006
774	19.468	5.3904	0.1	-1.7543e-006
775	21.156	4.7945	0.1	-5.9349e-007
776	20.599	5.3939	0.1	-8.8649e-007
777	22.293	4.7995	0.1	-9.12e-008
778	21.731	5.4006	0.1	-2.694e-007
779	22.859	4.1986	0.1	1.7027e-007
780	22.866	5.3989	0.1	9.0599e-008
781	23.431	4.7989	0.1	1.556e-007
782	22.857	3.0004	0.1	2.441e-007
783	23.427	3.5997	0.1	3.0388e-007
784	22.862	1.7995	0.1	1.7201e-007
785	23.43	2.4007	0.1	3.0557e-007
786	22.299	1.1943	0.1	-8.714e-008
787	23.432	1.1988	0.1	1.5682e-007
788	22.867	0.59883	0.1	9.1699e-008
789	21.167	1.1905	0.1	-5.8419e-007
790	21.736	0.59546	0.1	-2.6735e-007
791	20.036	1.1902	0.1	-1.3281e-006
792	20.606	0.59506	0.1	-8.846e-007
793	18.906	1.19	0.1	-2.3191e-006
794	19.475	0.59513	0.1	-1.7505e-006
795	17.775	1.1897	0.1	-3.5592e-006
796	18.345	0.5949	0.1	-2.8646e-006
797	16.645	1.1894	0.1	-5.0562e-006
798	17.215	0.59479	0.1	-4.2273e-006
799	15.512	1.1974	0.1	-6.796e-006
800	16.085	0.59466	0.1	-5.8479e-006
801	14.38	1.2113	0.1	-8.7837e-006
802	14.951	0.60277	0.1	-7.703e-006
803	13.253	1.219	0.1	-1.1037e-005
804	13.822	0.60858	0.1	-9.8248e-006
805	12.121	1.2023	0.1	-1.357e-005
806	12.694	0.61046	0.1	-1.2215e-005
807	10.976	1.2003	0.1	-1.641e-005
808	11.56	0.59188	0.1	-1.488e-005
809	9.8207	1.2184	0.1	-1.9371e-005
810	10.419	0.60845	0.1	-1.7821e-005
811	8.6508	1.2178	0.1	-2.1997e-005
812	9.2746	0.60992	0.1	-2.0992e-005
813	7.4575	1.2063	0.1	-2.4441e-005
814	8.1189	0.60788	0.1	-2.3947e-005
815	6.252	1.1721	0.1	-2.7498e-005
816	6.9511	0.59839	0.1	-2.671e-005
817	5.1273	1.0183	0.1	-3.2333e-005
818	5.7832	0.57375	0.1	-3.0064e-005
819	4.0865	0.75355	0.1	-2.9269e-005
820	4.6962	0.44459	0.1	-3.4099e-005
821	1.4207	4.4239	0.1	-4.4205e-005
822	1.0934	3.8814	0.1	-1.5683e-005
823	1.7293	5.1047	0.1	-1.4706e-005
824	0.54934	4.7547	0.1	-7.1931e-006
825	1.1393	5.3547	0.1	-2.7441e-005
826	1.913	4.0214	0.1	-7.1525e-005
827	2.0513	4.5692	0.1	-3.3405e-005
828	3.8807	4.4196	0.1	-2.9383e-005
829	3.3076	4.0753	0.1	-4.7545e-005
830	2.9529	5.486	0.1	-1.5953e-005
831	3.518	5.736	0.1	-2.3836e-005
832	2.1556	3.8491	0.1	-8.5518e-005
833	2.2217	4.2022	0.1	-4.1416e-005
834	3.0471	0.55895	0.1	-1.9882e-005
835	3.6122	0.30895	0.1	-2.3534e-005
836	1.7241	2.2767	0.1	-1.1948e-005
837	0.54406	3.3267	0.1	-7.8763e-006
838	1.7114	0.70532	0.1	-1.8342e-005
839	0.53145	1.0553	0.1	-3.8631e-006
840	1.1214	0.45532	0.1	-1.9043e-005
841	3.0998	4.5942	0.1	-3.3072e-005
842	2.2972	3.6006	0.1	-8.9401e-005
843	2.2939	3.8969	0.1	-1.1852e-004
844	2.5267	5.25	0.1	-1.4172e-005
845	2.5267	5.75	0.1	-1.2868e-007
846	2.5267	5.5	5.e-002	-1.2624e-021
847	2.5267	4.75	0.1	-2.3701e-005
848	2.5267	5.	5.e-002	-6.4137e-021
849	2.5267	4.25	0.1	-4.4066e-005
850	2.5267	4.5	5.e-002	-1.6152e-021
851	2.4433	4.	0.1	-6.6425e-005
852	2.5267	4.	5.e-002	6.4763e-013
853	2.36	4.25	0.1	-4.7886e-005
854	2.36	4.	5.e-002	-2.3412e-020
855	2.36	4.75	0.1	-7.2986e-006
856	2.36	4.5	5.e-002	2.1972e-013
857	2.36	5.25	0.1	-1.8656e-005
858	2.36	5.	5.e-002	-4.3864e-013
859	2.36	5.75	0.1	-4.5055e-006
860	2.36	5.5	5.e-002	-1.6145e-021
861	2.5267	0.75	0.1	-1.648e-005
862	2.5267	0.25	0.1	-9.1146e-006
863	2.5267	0.5	5.e-002	-1.5803e-021
864	2.5267	1.25	0.1	-1.1908e-005
865	2.5267	1.	5.e-002	9.085e-013
866	2.5267	1.75	0.1	-3.2064e-005
867	2.5267	1.5	5.e-002	-6.7096e-013
868	2.4433	2.	0.1	-6.654e-005
869	2.5267	2.	5.e-002	-8.9569e-013
870	2.36	1.75	0.1	-3.469e-005
871	2.36	2.	5.e-002	1.0618e-011
872	2.36	1.25	0.1	-1.8869e-005
873	2.36	1.5	5.e-002	-2.0466e-013
874	2.36	0.75	0.1	-2.1455e-005
875	2.36	1.	5.e-002	-2.1866e-021
876	2.36	0.25	0.1	-2.7074e-005
877	2.36	0.5	5.e-002	-2.1098e-021
878	3.0918	6.	0.1	-1.3023e-005
879	2.5267	6.	5.e-002	-7.2824e-022
880	4.2219	6.	0.1	-2.7582e-005
881	3.6568	6.	5.e-002	-4.6335e-022
882	5.3521	6.	0.1	-2.9648e-005
883	4.787	6.	5.e-002	-3.7757e-022
884	6.4823	6.	0.1	-2.8999e-005
885	5.9172	6.	5.e-002	-4.6626e-022
886	7.6125	6.	0.1	-2.5788e-005
887	7.0474	6.	5.e-002	-3.4262e-014
888	8.7426	6.	0.1	-2.2603e-005
889	8.1775	6.	5.e-002	-2.1055e-022
890	9.8728	6.	0.1	-1.9236e-005
891	9.3077	6.	5.e-002	-2.2474e-022
892	11.003	6.	0.1	-1.6241e-005
893	10.438	6.	5.e-002	-2.258e-022
894	12.133	6.	0.1	-1.3488e-005
895	11.568	6.	5.e-002	1.7302e-015
896	13.263	6.	0.1	-1.0999e-005
897	12.698	6.	5.e-002	-1.0629e-021
898	14.394	6.	0.1	-8.7524e-006
899	13.828	6.	5.e-002	9.2443e-016
900	15.524	6.	0.1	-6.748e-006
901	14.959	6.	5.e-002	-1.8056e-022
902	16.654	6.	0.1	-5.0055e-006
903	16.089	6.	5.e-002	1.1449e-013
904	17.784	6.	0.1	-3.5164e-006
905	17.219	6.	5.e-002	2.2176e-013
906	18.914	6.	0.1	-2.2821e-006
907	18.349	6.	5.e-002	1.1369e-013
908	20.044	6.	0.1	-1.2968e-006
909	19.479	6.	5.e-002	1.1406e-013
910	21.175	6.	0.1	-5.6183e-007
911	20.609	6.	5.e-002	2.1884e-013
912	22.305	6.	0.1	-8.6373e-008
913	21.74	6.	5.e-002	1.9912e-013
914	23.435	6.	0.1	1.2081e-007
915	22.87	6.	5.e-002	2.824e-013
916	24.	5.4	0.1	1.825e-007
917	24.	6.	5.e-002	9.4335e-013
918	24.	4.2	0.1	2.8666e-007
919	24.	4.8	5.e-002	1.9182e-013
920	24.	3.	0.1	3.6261e-007
921	24.	3.6	5.e-002	2.2908e-013
922	24.	1.8	0.1	2.878e-007
923	24.	2.4	5.e-002	2.0545e-013
924	24.	0.6	0.1	1.8172e-007
925	24.	1.2	5.e-002	1.9637e-013
926	1.5735e-014	1.8	0.1	3.2557e-006
927	5.2451e-015	0.6	0.1	1.2852e-006
928	1.0632e-014	1.2	5.e-002	-8.4638e-014
929	2.6226e-014	3.	0.1	3.2421e-006
930	2.1264e-014	2.4	5.e-002	-6.4122e-021
931	3.6716e-014	4.2	0.1	1.2536e-006
932	3.1897e-014	3.6	5.e-002	-1.8191e-014
933	4.7206e-014	5.4	0.1	7.448e-007
934	4.2529e-014	4.8	5.e-002	-3.9403e-014
935	23.435	0.	0.1	1.1986e-007
936	24.	0.	5.e-002	8.5822e-013
937	22.305	0.	0.1	-8.7312e-008
938	22.87	0.	5.e-002	3.0219e-013
939	21.175	0.	0.1	-5.671e-007
940	21.74	0.	5.e-002	2.2096e-013
941	20.044	0.	0.1	-1.3063e-006
942	20.609	0.	5.e-002	1.9913e-013
943	18.914	0.	0.1	-2.2953e-006
944	19.479	0.	5.e-002	1.6369e-013
945	17.784	0.	0.1	-3.532e-006
946	18.349	0.	5.e-002	1.1369e-013
947	16.654	0.	0.1	-5.0184e-006
948	17.219	0.	5.e-002	1.1348e-013
949	15.524	0.	0.1	-6.7546e-006
950	16.089	0.	5.e-002	1.0663e-013
951	14.394	0.	0.1	-8.7436e-006
952	14.959	0.	5.e-002	2.278e-013
953	13.263	0.	0.1	-1.1001e-005
954	13.828	0.	5.e-002	-1.777e-022
955	12.133	0.	0.1	-1.3525e-005
956	12.698	0.	5.e-002	-1.9628e-022
957	11.003	0.	0.1	-1.6291e-005
958	11.568	0.	5.e-002	-2.2651e-022
959	9.8728	0.	0.1	-1.9324e-005
960	10.438	0.	5.e-002	3.8422e-017
961	8.7426	0.	0.1	-2.2765e-005
962	9.3077	0.	5.e-002	-2.3774e-022
963	7.6125	0.	0.1	-2.6098e-005
964	8.1775	0.	5.e-002	-2.5436e-022
965	6.4823	0.	0.1	-2.8844e-005
966	7.0474	0.	5.e-002	-6.97e-014
967	5.3521	0.	0.1	-3.1937e-005
968	5.9172	0.	5.e-002	-2.1565e-022
969	4.2219	0.	0.1	-2.809e-005
970	4.787	0.	5.e-002	8.7509e-014
971	3.0918	0.	0.1	-1.5628e-005
972	3.6568	0.	5.e-002	-2.1961e-022
973	2.5267	0.	5.e-002	-7.1203e-022
974	1.77	-6.2839e-031	0.1	-2.8158e-005
975	2.36	-8.3786e-031	5.e-002	-5.912e-022
976	0.59	-2.0946e-031	0.1	-1.2079e-005
977	1.18	0.	5.e-002	-5.6702e-022
978	0.	0.	5.e-002	-4.871e-021
979	0.59	6.	0.1	-1.5819e-005
980	5.2451e-014	6.	5.e-002	-4.3298e-021
981	1.77	6.	0.1	-1.6041e-005
982	1.18	6.	5.e-002	-1.2523e-021
983	2.36	6.	5.e-002	-1.3542e-021
984	1.77	6.	0.	1.6041e-005
985	0.59	6.	0.	1.5819e-005
986	2.36	5.75	0.	4.5055e-006
987	4.7206e-014	5.4	0.	-7.448e-007
988	1.77	-6.2839e-031	0.	2.8158e-005
989	0.59	-2.0946e-031	0.	1.2079e-005
990	2.36	0.25	0.	2.7074e-005
991	5.2451e-015	0.6	0.	-1.2852e-006
992	4.2219	0.	0.	2.809e-005
993	3.0918	0.	0.	1.5628e-005
994	5.3521	0.	0.	3.1937e-005
995	6.4823	0.	0.	2.8844e-005
996	7.6125	0.	0.	2.6098e-005
997	8.7426	0.	0.	2.2765e-005
998	9.8728	0.	0.	1.9324e-005
999	11.003	0.	0.	1.6291e-005
1000	12.133	0.	0.	1.3525e-005
1001	13.263	0.	0.	1.1001e-005
1002	14.394	0.	0.	8.7436e-006
1003	15.524	0.	0.	6.7546e-006
1004	16.654	0.	0.	5.0184e-006
1005	17.784	0.	0.	3.532e-006
1006	18.914	0.	0.	2.2953e-006
1007	20.044	0.	0.	1.3063e-006
1008	21.175	0.	0.	5.671e-007
1009	22.305	0.	0.	8.7312e-008
1010	23.435	0.	0.	-1.1987e-007
1011	2.5267	0.25	0.	9.1146e-006
1012	24.	0.6	0.	-1.8172e-007
1013	3.6716e-014	4.2	0.	-1.2536e-006
1014	2.6226e-014	3.	0.	-3.2421e-006
1015	1.5735e-014	1.8	0.	-3.2557e-006
1016	24.	1.8	0.	-2.878e-007
1017	24.	3.	0.	-3.6261e-007
1018	24.	4.2	0.	-2.8666e-007
1019	24.	5.4	0.	-1.825e-007
1020	23.435	6.	0.	-1.2081e-007
1021	22.305	6.	0.	8.6372e-008
1022	21.175	6.	0.	5.6182e-007
1023	20.044	6.	0.	1.2968e-006
1024	18.914	6.	0.	2.2821e-006
1025	17.784	6.	0.	3.5164e-006
1026	16.654	6.	0.	5.0055e-006
1027	15.524	6.	0.	6.748e-006
1028	14.394	6.	0.	8.7524e-006
1029	13.263	6.	0.	1.0999e-005
1030	12.133	6.	0.	1.3488e-005
1031	11.003	6.	0.	1.6241e-005
1032	9.8728	6.	0.	1.9236e-005
1033	8.7426	6.	0.	2.2603e-005
1034	7.6125	6.	0.	2.5788e-005
1035	6.4823	6.	0.	2.8999e-005
1036	5.3521	6.	0.	2.9648e-005
1037	4.2219	6.	0.	2.7582e-005
1038	3.0918	6.	0.	1.3023e-005
1039	2.5267	5.75	0.	1.2868e-007
1040	2.36	1.25	0.	1.8869e-005
1041	2.36	1.75	0.	3.469e-005
1042	2.36	0.75	0.	2.1455e-005
1043	2.4433	2.	0.	6.654e-005
1044	2.5267	0.75	0.	1.648e-005
1045	2.5267	1.25	0.	1.1908e-005
1046	2.5267	1.75	0.	3.2064e-005
1047	2.36	4.75	0.	7.2986e-006
1048	2.36	4.25	0.	4.7886e-005
1049	2.36	5.25	0.	1.8656e-005
1050	2.4433	4.	0.	6.6425e-005
1051	2.5267	5.25	0.	1.4172e-005
1052	2.5267	4.75	0.	2.3701e-005
1053	2.5267	4.25	0.	4.4066e-005
