Node Number	X Location (in)	Y Location (in)	Z Location (in)	Minimum Principal Elastic Strain (in/in)
1	5.398	3.2309	0.	-1.4604e-004
2	5.2552	2.6154	0.	-1.7985e-004
3	3.6157	2.7662	0.	-1.3834e-004
4	6.4383	3.4407	0.	-1.1513e-004
5	5.6564	1.5941	0.	-9.9771e-005
6	3.977	5.3201	0.	-7.9024e-005
7	3.4825	4.2169	0.	-1.14e-004
8	5.834	4.7178	0.	-1.0092e-004
9	5.5866	5.045	0.	-6.1706e-005
10	3.8617	0.39712	0.	-7.1559e-005
11	6.0036	0.5522	0.	-6.0778e-005
12	8.0145	3.3769	0.	-7.0117e-005
13	3.4841	1.6184	0.	-1.0901e-004
14	3.1271	5.1049	0.	-1.1744e-004
15	7.6817	1.8267	0.	-7.4284e-005
16	5.8594	5.4536	0.	-6.6894e-005
17	2.25	3.9464	0.	-1.2911e-004
18	2.691	2.1227	0.	-1.3069e-004
19	6.9846	0.69626	0.	-7.5225e-005
20	8.0905	0.91977	0.	-7.0672e-005
21	9.1259	1.0809	0.	-6.344e-005
22	10.287	1.1535	0.	-5.4889e-005
23	11.469	1.1658	0.	-4.6406e-005
24	12.638	1.1635	0.	-3.8333e-005
25	13.774	1.1825	0.	-3.1187e-005
26	14.913	1.1829	0.	-2.4794e-005
27	16.06	1.1773	0.	-1.9127e-005
28	17.187	1.1838	0.	-1.4249e-005
29	18.318	1.1869	0.	-1.0113e-005
30	19.458	1.1903	0.	-6.7009e-006
31	20.591	1.1927	0.	-4.0377e-006
32	21.728	1.1957	0.	-2.1026e-006
33	22.869	1.1889	0.	-8.869e-007
34	1.1114	4.8829	0.	-1.3219e-004
35	1.1113	3.7359	0.	-1.394e-004
36	1.226	2.5568	0.	-1.3782e-004
37	1.5283	1.3259	0.	-1.2894e-004
38	22.845	2.4004	0.	-1.041e-006
39	22.825	3.5989	0.	-1.0554e-006
40	22.809	4.7989	0.	-9.4274e-007
41	21.625	4.8018	0.	-2.2561e-006
42	20.447	4.7968	0.	-4.3528e-006
43	19.258	4.7951	0.	-7.2479e-006
44	18.084	4.7929	0.	-1.0918e-005
45	16.911	4.7916	0.	-1.538e-005
46	15.731	4.7902	0.	-2.0658e-005
47	14.546	4.7858	0.	-2.6768e-005
48	13.347	4.7586	0.	-3.382e-005
49	12.096	4.7597	0.	-4.2009e-005
50	10.811	4.736	0.	-5.1335e-005
51	9.3907	4.672	0.	-6.3515e-005
52	7.6544	4.6685	0.	-7.3421e-005
53	6.7956	5.1957	0.	-6.9303e-005
54	2.3427	2.9655	0.	-1.2661e-004
55	8.7218	2.1993	0.	-6.6699e-005
56	9.8966	2.3441	0.	-5.7625e-005
57	11.175	2.3587	0.	-4.8249e-005
58	12.413	2.3666	0.	-3.964e-005
59	13.607	2.3779	0.	-3.207e-005
60	14.78	2.3793	0.	-2.546e-005
61	15.934	2.3799	0.	-1.9683e-005
62	17.084	2.3833	0.	-1.4661e-005
63	18.235	2.3865	0.	-1.0412e-005
64	19.386	2.3906	0.	-6.9331e-006
65	20.538	2.3949	0.	-4.2078e-006
66	21.693	2.3974	0.	-2.2494e-006
67	21.654	3.5935	0.	-2.3074e-006
68	20.487	3.5998	0.	-4.3205e-006
69	19.322	3.5966	0.	-7.1035e-006
70	18.156	3.5929	0.	-1.0683e-005
71	16.993	3.5907	0.	-1.5036e-005
72	15.829	3.5889	0.	-2.0162e-005
73	14.654	3.5834	0.	-2.6128e-005
74	13.45	3.5756	0.	-3.3037e-005
75	12.216	3.5663	0.	-4.0936e-005
76	10.911	3.5474	0.	-5.0364e-005
77	6.3453	4.1028	0.	-9.6385e-005
78	3.0253	0.87129	0.	-1.0967e-004
79	4.0879	2.2187	0.	-1.7421e-004
80	2.2181	4.9749	0.	-1.2755e-004
81	4.0656	4.872	0.	-8.7821e-005
82	3.5058	3.449	0.	-1.3139e-004
83	5.8613	1.0872	0.	-7.3661e-005
84	5.3847	2.2352	0.	-1.5354e-004
85	4.4754	3.1574	0.	-1.9155e-004
86	9.5222	3.5007	0.	-6.1114e-005
87	4.587	2.6698	0.	-1.9045e-004
88	6.7515	1.3539	0.	-8.1018e-005
89	6.3064	1.8139	0.	-9.5724e-005
90	7.2537	2.4708	0.	-8.5892e-005
91	6.1291	2.2647	0.	-1.2444e-004
92	6.4723	2.7963	0.	-1.1068e-004
93	6.4723	2.7963	0.1	-4.7437e-005
94	6.1291	2.2647	0.1	-5.0256e-005
95	7.2537	2.4708	0.1	-3.088e-005
96	6.3064	1.8139	0.1	-3.368e-005
97	6.7515	1.3539	0.1	-3.1803e-005
98	4.587	2.6698	0.1	-8.3948e-005
99	9.5222	3.5007	0.1	-2.1258e-005
100	4.4754	3.1574	0.1	-9.854e-005
101	5.3847	2.2352	0.1	-5.7605e-005
102	5.8613	1.0872	0.1	-3.411e-005
103	3.5058	3.449	0.1	-4.8535e-005
104	4.0656	4.872	0.1	-4.1186e-005
105	2.2181	4.9749	0.1	-4.5683e-005
106	4.0879	2.2187	0.1	-6.761e-005
107	3.0253	0.87129	0.1	-4.6554e-005
108	6.3453	4.1028	0.1	-3.3137e-005
109	10.911	3.5474	0.1	-1.7163e-005
110	12.216	3.5663	0.1	-1.3591e-005
111	13.45	3.5756	0.1	-1.1274e-005
112	14.654	3.5834	0.1	-9.2873e-006
113	15.829	3.5889	0.1	-7.4863e-006
114	16.993	3.5907	0.1	-5.8725e-006
115	18.156	3.5929	0.1	-4.4821e-006
116	19.322	3.5966	0.1	-3.3279e-006
117	20.487	3.5998	0.1	-2.4212e-006
118	21.654	3.5935	0.1	-1.7651e-006
119	21.693	2.3974	0.1	-1.7496e-006
120	20.538	2.3949	0.1	-2.3889e-006
121	19.386	2.3906	0.1	-3.2702e-006
122	18.235	2.3865	0.1	-4.3935e-006
123	17.084	2.3833	0.1	-5.7445e-006
124	15.934	2.3799	0.1	-7.3224e-006
125	14.78	2.3793	0.1	-9.1156e-006
126	13.607	2.3779	0.1	-1.1101e-005
127	12.413	2.3666	0.1	-1.325e-005
128	11.175	2.3587	0.1	-1.6033e-005
129	9.8966	2.3441	0.1	-2.0627e-005
130	8.7218	2.1993	0.1	-2.317e-005
131	2.3427	2.9655	0.1	-5.1213e-005
132	6.7956	5.1957	0.1	-2.3369e-005
133	7.6544	4.6685	0.1	-2.3601e-005
134	9.3907	4.672	0.1	-2.3061e-005
135	10.811	4.736	0.1	-1.7045e-005
136	12.096	4.7597	0.1	-1.393e-005
137	13.347	4.7586	0.1	-1.1454e-005
138	14.546	4.7858	0.1	-9.39e-006
139	15.731	4.7902	0.1	-7.4815e-006
140	16.911	4.7916	0.1	-5.8049e-006
141	18.084	4.7929	0.1	-4.3637e-006
142	19.258	4.7951	0.1	-3.1676e-006
143	20.447	4.7968	0.1	-2.2068e-006
144	21.625	4.8018	0.1	-1.4988e-006
145	22.809	4.7989	0.1	-1.0179e-006
146	22.825	3.5989	0.1	-1.3538e-006
147	22.845	2.4004	0.1	-1.3514e-006
148	1.5283	1.3259	0.1	-7.4143e-005
149	1.226	2.5568	0.1	-8.6735e-005
150	1.1113	3.7359	0.1	-8.6561e-005
151	1.1114	4.8829	0.1	-7.7028e-005
152	22.869	1.1889	0.1	-1.0018e-006
153	21.728	1.1957	0.1	-1.46e-006
154	20.591	1.1927	0.1	-2.1248e-006
155	19.458	1.1903	0.1	-3.0148e-006
156	18.318	1.1869	0.1	-4.139e-006
157	17.187	1.1838	0.1	-5.4924e-006
158	16.06	1.1773	0.1	-7.0555e-006
159	14.913	1.1829	0.1	-8.866e-006
160	13.774	1.1825	0.1	-1.0851e-005
161	12.638	1.1635	0.1	-1.301e-005
162	11.469	1.1658	0.1	-1.5541e-005
163	10.287	1.1535	0.1	-1.8424e-005
164	9.1259	1.0809	0.1	-2.1251e-005
165	8.0905	0.91977	0.1	-2.4614e-005
166	6.9846	0.69626	0.1	-2.659e-005
167	2.691	2.1227	0.1	-5.3202e-005
168	2.25	3.9464	0.1	-5.309e-005
169	5.8594	5.4536	0.1	-3.218e-005
170	7.6817	1.8267	0.1	-2.5467e-005
171	3.1271	5.1049	0.1	-4.2167e-005
172	3.4841	1.6184	0.1	-4.1447e-005
173	8.0145	3.3769	0.1	-2.6109e-005
174	6.0036	0.5522	0.1	-2.6796e-005
175	3.8617	0.39712	0.1	-3.1672e-005
176	5.5866	5.045	0.1	-3.7103e-005
177	5.834	4.7178	0.1	-4.7907e-005
178	3.4825	4.2169	0.1	-4.4778e-005
179	3.977	5.3201	0.1	-3.0847e-005
180	5.6564	1.5941	0.1	-4.3054e-005
181	6.4383	3.4407	0.1	-3.9207e-005
182	3.6157	2.7662	0.1	-5.5738e-005
183	5.2552	2.6154	0.1	-7.3399e-005
184	5.398	3.2309	0.1	-7.5469e-005
185	4.9267	0.5	0.1	-1.5315e-005
186	4.9267	1.	0.1	-2.7785e-005
187	4.9267	1.5	0.1	-8.5532e-005
188	4.9267	2.	0.1	-1.9892e-004
189	4.76	2.	0.1	-1.7091e-004
190	4.76	1.5	0.1	-1.0183e-004
191	4.76	1.	0.1	-3.7549e-005
192	4.76	0.5	0.1	-6.2401e-005
193	4.9267	5.5	0.1	-1.4075e-005
194	4.9267	5.	0.1	-5.9084e-005
195	4.9267	4.5	0.1	-1.0228e-004
196	4.9267	4.	0.1	-8.79e-005
197	4.76	4.	0.1	-9.7902e-005
198	4.76	4.5	0.1	-6.8802e-005
199	4.76	5.	0.1	-8.4637e-005
200	4.76	5.5	0.1	-1.7233e-005
201	4.9267	6.	0.1	-1.6952e-005
202	6.1188	6.	0.1	-1.9613e-005
203	7.3108	6.	0.1	-2.529e-005
204	8.5029	6.	0.1	-2.9825e-005
205	9.695	6.	0.1	-2.201e-005
206	10.887	6.	0.1	-1.824e-005
207	12.079	6.	0.1	-1.482e-005
208	13.271	6.	0.1	-1.1821e-005
209	14.463	6.	0.1	-9.5323e-006
210	15.655	6.	0.1	-7.6043e-006
211	16.847	6.	0.1	-5.921e-006
212	18.04	6.	0.1	-4.4878e-006
213	19.232	6.	0.1	-3.2816e-006
214	20.424	6.	0.1	-2.2846e-006
215	21.616	6.	0.1	-1.5171e-006
216	22.808	6.	0.1	-9.1471e-007
217	24.	6.	0.1	-4.7671e-007
218	24.	4.8	0.1	-7.6582e-007
219	24.	3.6	0.1	-1.1551e-006
220	24.	2.4	0.1	-1.1578e-006
221	24.	1.2	0.1	-7.772e-007
222	1.049e-014	1.2	0.1	-8.4762e-007
223	2.0981e-014	2.4	0.1	-1.8155e-007
224	3.1471e-014	3.6	0.1	-4.8479e-007
225	4.1961e-014	4.8	0.1	-7.8669e-007
226	3.937e-014	6.	0.1	-9.3922e-006
227	1.19	6.	0.1	-6.6094e-005
228	2.38	6.	0.1	-4.2487e-005
229	3.57	6.	0.1	-3.8548e-005
230	4.165	6.	0.1	-2.7352e-005
231	4.76	6.	0.1	-9.1202e-006
232	24.	0.	0.1	-4.7895e-007
233	22.878	0.	0.1	-8.8402e-007
234	21.756	0.	0.1	-1.461e-006
235	20.634	0.	0.1	-2.1923e-006
236	19.512	0.	0.1	-3.1103e-006
237	18.39	0.	0.1	-4.2694e-006
238	17.268	0.	0.1	-5.6303e-006
239	16.146	0.	0.1	-7.2224e-006
240	15.024	0.	0.1	-9.09e-006
241	13.902	0.	0.1	-1.1131e-005
242	12.78	0.	0.1	-1.3426e-005
243	11.658	0.	0.1	-1.5962e-005
244	10.536	0.	0.1	-1.8764e-005
245	9.4145	0.	0.1	-2.1281e-005
246	8.2925	0.	0.1	-2.371e-005
247	7.1706	0.	0.1	-2.5724e-005
248	6.0486	0.	0.1	-2.129e-005
249	4.9267	0.	0.1	-1.1232e-005
250	4.76	0.	0.1	-1.8293e-005
251	3.57	3.6396e-031	0.1	-2.878e-005
252	2.38	2.4264e-031	0.1	-5.6948e-005
253	1.19	1.2132e-031	0.1	-6.4142e-005
254	0.	0.	0.1	-6.433e-006
255	1.19	1.2132e-031	0.	-1.3725e-004
256	2.38	2.4264e-031	0.	-1.2674e-004
257	3.57	3.6396e-031	0.	-8.0767e-005
258	4.76	0.	0.	-5.1425e-005
259	0.	0.	0.	-1.046e-004
260	6.0486	0.	0.	-5.4222e-005
261	7.1706	0.	0.	-7.2305e-005
262	8.2925	0.	0.	-7.0322e-005
263	9.4145	0.	0.	-6.187e-005
264	10.536	0.	0.	-5.34e-005
265	11.658	0.	0.	-4.5368e-005
266	12.78	0.	0.	-3.7693e-005
267	13.902	0.	0.	-3.0568e-005
268	15.024	0.	0.	-2.4283e-005
269	16.146	0.	0.	-1.8747e-005
270	17.268	0.	0.	-1.3909e-005
271	18.39	0.	0.	-9.8375e-006
272	19.512	0.	0.	-6.4935e-006
273	20.634	0.	0.	-3.8599e-006
274	21.756	0.	0.	-1.9203e-006
275	22.878	0.	0.	-6.7196e-007
276	4.9267	0.	0.	-3.4286e-005
277	24.	0.	0.	-1.6398e-007
278	4.165	6.	0.	-5.673e-005
279	3.57	6.	0.	-9.7205e-005
280	2.38	6.	0.	-1.2966e-004
281	1.19	6.	0.	-1.3611e-004
282	4.76	6.	0.	-2.648e-005
283	3.937e-014	6.	0.	-9.8267e-005
284	4.1961e-014	4.8	0.	-1.2964e-004
285	3.1471e-014	3.6	0.	-1.357e-004
286	2.0981e-014	2.4	0.	-1.4038e-004
287	1.049e-014	1.2	0.	-1.3517e-004
288	24.	1.2	0.	-4.2055e-007
289	24.	2.4	0.	-6.0603e-007
290	24.	3.6	0.	-6.1249e-007
291	24.	4.8	0.	-4.3821e-007
292	24.	6.	0.	-1.6821e-007
293	22.808	6.	0.	-7.4794e-007
294	21.616	6.	0.	-2.145e-006
295	20.424	6.	0.	-4.3194e-006
296	19.232	6.	0.	-7.2799e-006
297	18.04	6.	0.	-1.1055e-005
298	16.847	6.	0.	-1.5652e-005
299	15.655	6.	0.	-2.1081e-005
300	14.463	6.	0.	-2.7368e-005
301	13.271	6.	0.	-3.4493e-005
302	12.079	6.	0.	-4.2419e-005
303	10.887	6.	0.	-5.1729e-005
304	9.695	6.	0.	-6.1213e-005
305	8.5029	6.	0.	-7.0637e-005
306	7.3108	6.	0.	-6.859e-005
307	6.1188	6.	0.	-5.6029e-005
308	4.9267	6.	0.	-4.1205e-005
309	4.76	4.5	0.	-1.6238e-004
310	4.76	5.	0.	-1.561e-004
311	4.76	5.5	0.	-6.258e-005
312	4.76	4.	0.	-3.4086e-004
313	4.9267	5.5	0.	-3.8627e-005
314	4.9267	5.	0.	-9.7879e-005
315	4.9267	4.5	0.	-1.4177e-004
316	4.9267	4.	0.	-2.8567e-004
317	4.76	1.5	0.	-1.8859e-004
318	4.76	1.	0.	-9.3606e-005
319	4.76	0.5	0.	-1.0739e-004
320	4.76	2.	0.	-3.0328e-004
321	4.9267	0.5	0.	-4.8387e-005
322	4.9267	1.	0.	-8.2569e-005
323	4.9267	1.5	0.	-1.503e-004
324	4.9267	2.	0.	-4.3006e-004
325	5.3266	2.9231	0.	-1.6154e-004
326	5.9181	3.3358	0.	-1.3056e-004
327	4.9367	3.1942	0.	-1.6739e-004
328	5.398	3.2309	5.e-002	-4.4193e-006
329	5.1624	3.6154	0.	-2.1264e-004
330	5.32	2.4253	0.	-1.6512e-004
331	4.9211	2.6426	0.	-1.8407e-004
332	5.8637	2.7059	0.	-1.4525e-004
333	5.2552	2.6154	5.e-002	-1.0925e-005
334	5.0076	2.3077	0.	-2.3751e-004
335	3.1534	2.4444	0.	-1.3445e-004
336	3.8518	2.4925	0.	-1.5589e-004
337	3.5608	3.1076	0.	-1.3404e-004
338	4.0456	2.9618	0.	-1.6375e-004
339	3.6157	2.7662	5.e-002	-4.0714e-006
340	7.2264	3.4088	0.	-9.2103e-005
341	6.3918	3.7717	0.	-1.0569e-004
342	6.4553	3.1185	0.	-1.116e-004
343	6.4383	3.4407	5.e-002	-3.7442e-006
344	5.7588	1.3407	0.	-8.6714e-005
345	5.5206	1.9147	0.	-1.2642e-004
346	5.9814	1.704	0.	-9.6369e-005
347	5.6564	1.5941	5.e-002	-5.1232e-006
348	5.2915	1.5471	0.	-1.1785e-004
349	3.552	5.2125	0.	-9.7811e-005
350	4.0213	5.0961	0.	-8.3358e-005
351	3.977	5.3201	5.e-002	-5.9976e-006
352	4.071	5.6601	0.	-6.7667e-005
353	4.3685	5.4101	0.	-6.7033e-005
354	3.3048	4.6609	0.	-1.1568e-004
355	2.8663	4.0817	0.	-1.2127e-004
356	3.7741	4.5445	0.	-1.0058e-004
357	3.4942	3.833	0.	-1.2237e-004
358	3.4825	4.2169	5.e-002	-5.5571e-006
359	4.1213	4.3585	0.	-1.3441e-004
360	5.7103	4.8814	0.	-7.975e-005
361	6.3148	4.9567	0.	-8.496e-005
362	6.0897	4.4103	0.	-9.8622e-005
363	5.834	4.7178	5.e-002	-1.2764e-005
364	5.3803	4.6089	0.	-1.0866e-004
365	5.723	5.2493	0.	-6.4049e-005
366	5.5866	5.045	5.e-002	-7.872e-007
367	5.2566	5.0225	0.	-7.5571e-005
368	3.4435	0.63421	0.	-9.0432e-005
369	3.8617	0.39712	5.e-002	-1.8658e-006
370	3.7158	0.19856	0.	-7.6147e-005
371	4.3108	0.44856	0.	-8.1099e-005
372	6.4941	0.62423	0.	-6.7446e-005
373	5.9324	0.81972	0.	-6.7086e-005
374	6.0036	0.5522	5.e-002	-2.4734e-006
375	6.0261	0.2761	0.	-5.735e-005
376	5.4651	0.5261	0.	-5.2253e-005
377	7.8344	4.0227	0.	-7.1697e-005
378	8.3682	2.7881	0.	-6.8406e-005
379	8.7684	3.4388	0.	-6.5585e-005
380	7.6341	2.9239	0.	-7.7983e-005
381	8.0145	3.3769	5.e-002	-7.8625e-007
382	3.0876	1.8705	0.	-1.1963e-004
383	3.2547	1.2448	0.	-1.0916e-004
384	3.786	1.9185	0.	-1.4153e-004
385	3.4841	1.6184	5.e-002	-7.1764e-006
386	4.1221	1.5592	0.	-1.4011e-004
387	2.6726	5.0399	0.	-1.2231e-004
388	3.1271	5.1049	5.e-002	-2.4817e-006
389	3.3485	5.5525	0.	-1.0716e-004
390	7.8861	1.3732	0.	-7.2469e-005
391	8.2018	2.013	0.	-7.0486e-005
392	7.2166	1.5903	0.	-7.759e-005
393	7.4677	2.1488	0.	-8.0086e-005
394	7.6817	1.8267	5.e-002	-1.6976e-006
395	6.3275	5.3246	0.	-6.7002e-005
396	5.8594	5.4536	5.e-002	-4.0923e-006
397	5.9891	5.7268	0.	-6.1056e-005
398	5.393	5.4768	0.	-5.1405e-005
399	1.6807	3.8411	0.	-1.3423e-004
400	2.2964	3.4559	0.	-1.2754e-004
401	2.2341	4.4607	0.	-1.2824e-004
402	2.25	3.9464	5.e-002	-2.8233e-006
403	2.1096	1.7243	0.	-1.2976e-004
404	2.5168	2.5441	0.	-1.286e-004
405	2.691	2.1227	5.e-002	-5.8142e-006
406	7.5375	0.80801	0.	-7.2924e-005
407	6.868	1.0251	0.	-7.8121e-005
408	6.9846	0.69626	5.e-002	-5.7437e-007
409	7.0776	0.34813	0.	-7.3764e-005
410	8.6082	1.0003	0.	-6.7054e-005
411	8.0905	0.91977	5.e-002	-8.3723e-007
412	8.1915	0.45988	0.	-7.0485e-005
413	9.7066	1.1172	0.	-5.9164e-005
414	8.9238	1.6401	0.	-6.5065e-005
415	9.1259	1.0809	5.e-002	-5.9052e-007
416	9.2702	0.54046	0.	-6.264e-005
417	10.878	1.1596	0.	-5.0646e-005
418	10.092	1.7488	0.	-5.623e-005
419	10.287	1.1535	5.e-002	-6.2941e-007
420	10.412	0.57674	0.	-5.412e-005
421	12.054	1.1647	0.	-4.2367e-005
422	11.322	1.7622	0.	-4.7303e-005
423	11.469	1.1658	5.e-002	-5.6124e-007
424	11.564	0.5829	0.	-4.5859e-005
425	13.206	1.173	0.	-3.4759e-005
426	12.526	1.765	0.	-3.8959e-005
427	12.638	1.1635	5.e-002	-4.6726e-007
428	12.709	0.58176	0.	-3.7984e-005
429	14.343	1.1827	0.	-2.7989e-005
430	13.69	1.7802	0.	-3.1601e-005
431	13.774	1.1825	5.e-002	-4.0193e-007
432	13.838	0.59124	0.	-3.0848e-005
433	15.486	1.1801	0.	-2.1959e-005
434	14.846	1.7811	0.	-2.5097e-005
435	14.913	1.1829	5.e-002	-3.5401e-007
436	14.969	0.59147	0.	-2.4508e-005
437	16.623	1.1806	0.	-1.6687e-005
438	15.997	1.7786	0.	-1.9373e-005
439	16.06	1.1773	5.e-002	-3.0943e-007
440	16.103	0.58866	0.	-1.8906e-005
441	17.752	1.1853	0.	-1.2179e-005
442	17.136	1.7835	0.	-1.4423e-005
443	17.187	1.1838	5.e-002	-2.707e-007
444	17.228	0.5919	0.	-1.4048e-005
445	18.888	1.1886	0.	-8.4048e-006
446	18.276	1.7867	0.	-1.0231e-005
447	18.318	1.1869	5.e-002	-2.2334e-007
448	18.354	0.59345	0.	-9.9434e-006
449	20.025	1.1915	0.	-5.3674e-006
450	19.422	1.7904	0.	-6.7857e-006
451	19.458	1.1903	5.e-002	-1.7919e-007
452	19.485	0.59513	0.	-6.5656e-006
453	21.159	1.1942	0.	-3.0689e-006
454	20.565	1.7938	0.	-4.0936e-006
455	20.591	1.1927	5.e-002	-1.3606e-007
456	20.613	0.59634	0.	-3.9164e-006
457	22.298	1.1923	0.	-1.4946e-006
458	21.71	1.7966	0.	-2.1514e-006
459	21.728	1.1957	5.e-002	-9.2585e-008
460	21.742	0.59787	0.	-1.9788e-006
461	22.857	1.7946	0.	-9.4866e-007
462	22.869	1.1889	5.e-002	-5.918e-008
463	22.874	0.59445	0.	-7.5003e-007
464	23.435	1.1944	0.	-6.4781e-007
465	1.1114	4.3094	0.	-1.3556e-004
466	1.6648	4.9289	0.	-1.2987e-004
467	1.1114	4.8829	5.e-002	-2.6677e-006
468	1.1507	5.4414	0.	-1.3361e-004
469	0.5557	4.8414	0.	-1.303e-004
470	1.1686	3.1463	0.	-1.3852e-004
471	1.1113	3.7359	5.e-002	-9.5069e-007
472	0.55565	3.6679	0.	-1.3747e-004
473	1.3771	1.9413	0.	-1.3312e-004
474	1.7843	2.7611	0.	-1.322e-004
475	1.226	2.5568	5.e-002	-2.1774e-006
476	0.613	2.4784	0.	-1.3909e-004
477	2.2768	1.0986	0.	-1.1892e-004
478	1.5283	1.3259	5.e-002	-4.5642e-006
479	1.3591	0.66296	0.	-1.3234e-004
480	0.76413	1.263	0.	-1.3176e-004
481	22.835	2.9997	0.	-1.0393e-006
482	22.269	2.3989	0.	-1.6449e-006
483	22.845	2.4004	5.e-002	-5.807e-008
484	23.422	2.4002	0.	-8.2211e-007
485	22.817	4.1989	0.	-9.8314e-007
486	22.24	3.5962	0.	-1.681e-006
487	22.825	3.5989	5.e-002	-5.9487e-008
488	23.413	3.5995	0.	-8.3235e-007
489	22.217	4.8003	0.	-1.5992e-006
490	22.809	4.7989	5.e-002	-6.2174e-008
491	23.405	4.7994	0.	-6.8441e-007
492	22.809	5.3994	0.	-8.1555e-007
493	21.036	4.7993	0.	-3.303e-006
494	21.639	4.1977	0.	-2.2575e-006
495	21.625	4.8018	5.e-002	-9.5785e-008
496	21.62	5.4009	0.	-2.168e-006
497	19.853	4.796	0.	-5.7981e-006
498	20.467	4.1983	0.	-4.3078e-006
499	20.447	4.7968	5.e-002	-1.3995e-007
500	20.435	5.3984	0.	-4.3045e-006
501	18.671	4.794	0.	-9.0812e-006
502	19.29	4.1959	0.	-7.1458e-006
503	19.258	4.7951	5.e-002	-1.8536e-007
504	19.245	5.3976	0.	-7.2321e-006
505	17.498	4.7922	0.	-1.3148e-005
506	18.12	4.1929	0.	-1.077e-005
507	18.084	4.7929	5.e-002	-2.3082e-007
508	18.062	5.3964	0.	-1.0956e-005
509	16.321	4.7909	0.	-1.8018e-005
510	16.952	4.1912	0.	-1.5177e-005
511	16.911	4.7916	5.e-002	-2.7567e-007
512	16.879	5.3958	0.	-1.5486e-005
513	15.139	4.788	0.	-2.3712e-005
514	15.78	4.1895	0.	-2.0381e-005
515	15.731	4.7902	5.e-002	-3.1695e-007
516	15.693	5.3951	0.	-2.0839e-005
517	13.946	4.7722	0.	-3.0292e-005
518	14.6	4.1846	0.	-2.6422e-005
519	14.546	4.7858	5.e-002	-3.7368e-007
520	14.505	5.3929	0.	-2.7037e-005
521	12.721	4.7591	0.	-3.7912e-005
522	13.398	4.1671	0.	-3.3409e-005
523	13.347	4.7586	5.e-002	-4.2453e-007
524	13.309	5.3793	0.	-3.4124e-005
525	11.453	4.7479	0.	-4.6671e-005
526	12.156	4.163	0.	-4.1458e-005
527	12.096	4.7597	5.e-002	-5.3677e-007
528	12.087	5.3798	0.	-4.2172e-005
529	10.101	4.704	0.	-5.7424e-005
530	10.861	4.1417	0.	-5.0829e-005
531	10.811	4.736	5.e-002	-5.2734e-007
532	10.849	5.368	0.	-5.1513e-005
533	8.5225	4.6702	0.	-6.846e-005
534	9.4565	4.0863	0.	-6.2288e-005
535	9.3907	4.672	5.e-002	-2.2173e-007
536	9.5429	5.336	0.	-6.236e-005
537	7.225	4.9321	0.	-7.1282e-005
538	6.9998	4.3856	0.	-8.4462e-005
539	7.6544	4.6685	5.e-002	-2.2241e-007
540	8.0786	5.3342	0.	-7.191e-005
541	6.7956	5.1957	5.e-002	-9.513e-007
542	7.0532	5.5978	0.	-6.8889e-005
543	2.9243	3.2073	0.	-1.2869e-004
544	2.3427	2.9655	5.e-002	-1.9355e-006
545	9.3092	2.2717	0.	-6.215e-005
546	8.7218	2.1993	5.e-002	-1.1639e-006
547	10.536	2.3514	0.	-5.2936e-005
548	9.7094	2.9224	0.	-5.9368e-005
549	9.8966	2.3441	5.e-002	-8.0358e-007
550	11.794	2.3626	0.	-4.3944e-005
551	11.043	2.953	0.	-4.9298e-005
552	11.175	2.3587	5.e-002	-3.467e-007
553	13.01	2.3722	0.	-3.5855e-005
554	12.314	2.9665	0.	-4.0268e-005
555	12.413	2.3666	5.e-002	-4.174e-007
556	14.193	2.3786	0.	-2.8765e-005
557	13.528	2.9768	0.	-3.2528e-005
558	13.607	2.3779	5.e-002	-3.8591e-007
559	15.357	2.3796	0.	-2.2571e-005
560	14.717	2.9813	0.	-2.5766e-005
561	14.78	2.3793	5.e-002	-3.6632e-007
562	16.509	2.3816	0.	-1.7172e-005
563	15.882	2.9844	0.	-1.9894e-005
564	15.934	2.3799	5.e-002	-3.209e-007
565	17.66	2.3849	0.	-1.2536e-005
566	17.039	2.987	0.	-1.482e-005
567	17.084	2.3833	5.e-002	-2.7337e-007
568	18.81	2.3886	0.	-8.6722e-006
569	18.196	2.9897	0.	-1.0519e-005
570	18.235	2.3865	5.e-002	-2.2878e-007
571	19.962	2.3928	0.	-5.5703e-006
572	19.354	2.9936	0.	-6.9914e-006
573	19.386	2.3906	5.e-002	-1.8322e-007
574	21.116	2.3962	0.	-3.2285e-006
575	20.513	2.9974	0.	-4.2405e-006
576	20.538	2.3949	5.e-002	-1.3775e-007
577	21.674	2.9954	0.	-2.2603e-006
578	21.693	2.3974	5.e-002	-9.3902e-008
579	21.071	3.5967	0.	-3.3137e-006
580	21.654	3.5935	5.e-002	-9.4851e-008
581	19.904	3.5982	0.	-5.7118e-006
582	20.487	3.5998	5.e-002	-1.3957e-007
583	18.739	3.5948	0.	-8.893e-006
584	19.322	3.5966	5.e-002	-1.8495e-007
585	17.575	3.5918	0.	-1.2859e-005
586	18.156	3.5929	5.e-002	-2.2974e-007
587	16.411	3.5898	0.	-1.7599e-005
588	16.993	3.5907	5.e-002	-2.7511e-007
589	15.241	3.5861	0.	-2.3145e-005
590	15.829	3.5889	5.e-002	-3.1536e-007
591	14.052	3.5795	0.	-2.9582e-005
592	14.654	3.5834	5.e-002	-3.5692e-007
593	12.833	3.571	0.	-3.6986e-005
594	13.45	3.5756	5.e-002	-4.0442e-007
595	11.564	3.5568	0.	-4.5648e-005
596	12.216	3.5663	5.e-002	-5.5674e-007
597	10.217	3.524	0.	-5.5737e-005
598	10.911	3.5474	5.e-002	-4.2855e-007
599	6.3453	4.1028	5.e-002	-4.2116e-006
600	5.636	4.0514	0.	-1.9001e-004
601	3.0253	0.87129	5.e-002	-5.6762e-006
602	2.7026	0.43565	0.	-1.1805e-004
603	3.8926	0.93565	0.	-9.9628e-005
604	4.3375	2.4443	0.	-1.8147e-004
605	4.0879	2.2187	5.e-002	-1.3074e-005
606	4.4239	2.1093	0.	-2.3868e-004
607	2.2181	4.9749	5.e-002	-2.3591e-006
608	2.2991	5.4875	0.	-1.2857e-004
609	4.0656	4.872	5.e-002	-4.8596e-006
610	4.4128	4.936	0.	-1.1536e-004
611	3.5058	3.449	5.e-002	-6.1868e-006
612	4.1329	3.7245	0.	-2.3449e-004
613	6.3064	1.2206	0.	-7.6032e-005
614	5.8613	1.0872	5.e-002	-4.0497e-006
615	5.394	1.0436	0.	-7.363e-005
616	5.7569	2.25	0.	-1.3755e-004
617	5.3847	2.2352	5.e-002	-7.4199e-006
618	5.1557	2.1176	0.	-2.8999e-004
619	4.5312	2.9136	0.	-1.8998e-004
620	4.4754	3.1574	5.e-002	-6.4132e-006
621	4.6177	3.5787	0.	-2.641e-004
622	9.5222	3.5007	5.e-002	-4.2147e-007
623	4.587	2.6698	5.e-002	-2.0737e-005
624	6.5289	1.5839	0.	-8.8349e-005
625	6.7515	1.3539	5.e-002	-1.7096e-006
626	6.78	2.1423	0.	-9.0626e-005
627	6.2178	2.0393	0.	-1.0999e-004
628	6.3064	1.8139	5.e-002	-3.2984e-006
629	6.863	2.6336	0.	-9.8031e-005
630	7.2537	2.4708	5.e-002	-3.0082e-006
631	6.3007	2.5305	0.	-1.1751e-004
632	6.1291	2.2647	5.e-002	-4.1622e-006
633	6.4723	2.7963	5.e-002	-8.4617e-006
634	6.3007	2.5305	0.1	-4.8318e-005
635	6.863	2.6336	0.1	-3.8175e-005
636	6.4553	3.1185	0.1	-4.3283e-005
637	5.8637	2.7059	0.1	-4.8398e-005
638	6.2178	2.0393	0.1	-4.1377e-005
639	5.7569	2.25	0.1	-5.3755e-005
640	6.78	2.1423	0.1	-3.2137e-005
641	7.4677	2.1488	0.1	-2.8123e-005
642	7.6341	2.9239	0.1	-2.819e-005
643	6.5289	1.5839	0.1	-3.1867e-005
644	5.9814	1.704	0.1	-3.4523e-005
645	6.3064	1.2206	0.1	-2.8541e-005
646	6.868	1.0251	0.1	-2.9128e-005
647	7.2166	1.5903	0.1	-2.8091e-005
648	4.5312	2.9136	0.1	-8.0337e-005
649	4.3375	2.4443	0.1	-6.5235e-005
650	4.9211	2.6426	0.1	-7.5151e-005
651	10.217	3.524	0.1	-1.9209e-005
652	9.7094	2.9224	0.1	-2.0941e-005
653	9.4565	4.0863	0.1	-2.2159e-005
654	8.7684	3.4388	0.1	-2.368e-005
655	4.0456	2.9618	0.1	-6.2483e-005
656	4.9367	3.1942	0.1	-8.5626e-005
657	4.6177	3.5787	0.1	-9.6321e-005
658	5.5206	1.9147	0.1	-4.1998e-005
659	5.32	2.4253	0.1	-5.9705e-005
660	5.1557	2.1176	0.1	-1.2108e-004
661	5.9324	0.81972	0.1	-3.0262e-005
662	5.7588	1.3407	0.1	-3.8579e-005
663	5.394	1.0436	0.1	-2.5586e-005
664	2.9243	3.2073	0.1	-4.9005e-005
665	3.4942	3.833	0.1	-4.6442e-005
666	3.5608	3.1076	0.1	-5.1052e-005
667	4.1329	3.7245	0.1	-6.9634e-005
668	3.7741	4.5445	0.1	-3.8358e-005
669	4.0213	5.0961	0.1	-3.5959e-005
670	4.4128	4.936	0.1	-5.7245e-005
671	1.6648	4.9289	0.1	-6.1346e-005
672	2.2341	4.4607	0.1	-4.9383e-005
673	2.6726	5.0399	0.1	-4.3598e-005
674	2.2991	5.4875	0.1	-4.3442e-005
675	3.786	1.9185	0.1	-5.3887e-005
676	3.8518	2.4925	0.1	-5.934e-005
677	4.4239	2.1093	0.1	-1.106e-004
678	2.2768	1.0986	0.1	-5.1987e-005
679	3.2547	1.2448	0.1	-3.8135e-005
680	3.4435	0.63421	0.1	-3.8938e-005
681	3.8926	0.93565	0.1	-3.479e-005
682	2.7026	0.43565	0.1	-5.115e-005
683	6.9998	4.3856	0.1	-2.8348e-005
684	6.0897	4.4103	0.1	-3.9417e-005
685	6.3918	3.7717	0.1	-3.5008e-005
686	5.636	4.0514	0.1	-5.5283e-005
687	11.564	3.5568	0.1	-1.5376e-005
688	11.043	2.953	0.1	-1.6597e-005
689	10.861	4.1417	0.1	-1.695e-005
690	12.833	3.571	0.1	-1.2287e-005
691	12.314	2.9665	0.1	-1.3272e-005
692	12.156	4.163	0.1	-1.3734e-005
693	14.052	3.5795	0.1	-1.0281e-005
694	13.528	2.9768	0.1	-1.1161e-005
695	13.398	4.1671	0.1	-1.1345e-005
696	15.241	3.5861	0.1	-8.3867e-006
697	14.717	2.9813	0.1	-9.1732e-006
698	14.6	4.1846	0.1	-9.3126e-006
699	16.411	3.5898	0.1	-6.6792e-006
700	15.882	2.9844	0.1	-7.3757e-006
701	15.78	4.1895	0.1	-7.454e-006
702	17.575	3.5918	0.1	-5.1771e-006
703	17.039	2.987	0.1	-5.7792e-006
704	16.952	4.1912	0.1	-5.8078e-006
705	18.739	3.5948	0.1	-3.9048e-006
706	18.196	2.9897	0.1	-4.4087e-006
707	18.12	4.1929	0.1	-4.392e-006
708	19.904	3.5982	0.1	-2.8744e-006
709	19.354	2.9936	0.1	-3.2717e-006
710	19.29	4.1959	0.1	-3.2175e-006
711	21.071	3.5967	0.1	-2.0931e-006
712	20.513	2.9974	0.1	-2.381e-006
713	20.467	4.1983	0.1	-2.2848e-006
714	21.674	2.9954	0.1	-1.7388e-006
715	21.639	4.1977	0.1	-1.6074e-006
716	22.24	3.5962	0.1	-1.5594e-006
717	21.116	2.3962	0.1	-2.0692e-006
718	22.269	2.3989	0.1	-1.5505e-006
719	21.71	1.7966	0.1	-1.5798e-006
720	19.962	2.3928	0.1	-2.8294e-006
721	20.565	1.7938	0.1	-2.2273e-006
722	18.81	2.3886	0.1	-3.8317e-006
723	19.422	1.7904	0.1	-3.1109e-006
724	17.66	2.3849	0.1	-5.0688e-006
725	18.276	1.7867	0.1	-4.2343e-006
726	16.509	2.3816	0.1	-6.5332e-006
727	17.136	1.7835	0.1	-5.5861e-006
728	15.357	2.3796	0.1	-8.2187e-006
729	15.997	1.7786	0.1	-7.1568e-006
730	14.193	2.3786	0.1	-1.0108e-005
731	14.846	1.7811	0.1	-8.9607e-006
732	13.01	2.3722	0.1	-1.2169e-005
733	13.69	1.7802	0.1	-1.0948e-005
734	11.794	2.3626	0.1	-1.4438e-005
735	12.526	1.765	0.1	-1.3105e-005
736	10.536	2.3514	0.1	-1.8327e-005
737	11.322	1.7622	0.1	-1.5683e-005
738	9.3092	2.2717	0.1	-2.175e-005
739	10.092	1.7488	0.1	-1.936e-005
740	8.9238	1.6401	0.1	-2.2208e-005
741	8.2018	2.013	0.1	-2.4307e-005
742	8.3682	2.7881	0.1	-2.4407e-005
743	1.7843	2.7611	0.1	-6.8956e-005
744	2.5168	2.5441	0.1	-5.2116e-005
745	2.2964	3.4559	0.1	-5.2065e-005
746	7.225	4.9321	0.1	-2.3444e-005
747	6.3275	5.3246	0.1	-2.4354e-005
748	6.3148	4.9567	0.1	-3.4155e-005
749	7.0532	5.5978	0.1	-2.337e-005
750	8.5225	4.6702	0.1	-2.3314e-005
751	7.8344	4.0227	0.1	-2.4824e-005
752	8.0786	5.3342	0.1	-2.6121e-005
753	10.101	4.704	0.1	-1.9895e-005
754	9.5429	5.336	0.1	-2.2535e-005
755	11.453	4.7479	0.1	-1.5487e-005
756	10.849	5.368	0.1	-1.7427e-005
757	12.721	4.7591	0.1	-1.2672e-005
758	12.087	5.3798	0.1	-1.4312e-005
759	13.946	4.7722	0.1	-1.0419e-005
760	13.309	5.3793	0.1	-1.1604e-005
761	15.139	4.788	0.1	-8.4339e-006
762	14.505	5.3929	0.1	-9.4292e-006
763	16.321	4.7909	0.1	-6.6416e-006
764	15.693	5.3951	0.1	-7.5126e-006
765	17.498	4.7922	0.1	-5.0825e-006
766	16.879	5.3958	0.1	-5.8319e-006
767	18.671	4.794	0.1	-3.7636e-006
768	18.062	5.3964	0.1	-4.3943e-006
769	19.853	4.796	0.1	-2.6849e-006
770	19.245	5.3976	0.1	-3.1927e-006
771	21.036	4.7993	0.1	-1.8514e-006
772	20.435	5.3984	0.1	-2.2139e-006
773	22.217	4.8003	0.1	-1.2583e-006
774	21.62	5.4009	0.1	-1.4752e-006
775	22.817	4.1989	0.1	-1.1695e-006
776	22.809	5.3994	0.1	-9.3636e-007
777	23.405	4.7994	0.1	-8.868e-007
778	22.835	2.9997	0.1	-1.3433e-006
779	23.413	3.5995	0.1	-1.2539e-006
780	22.857	1.7946	0.1	-1.1609e-006
781	23.422	2.4002	0.1	-1.2542e-006
782	1.3771	1.9413	0.1	-8.0425e-005
783	2.1096	1.7243	0.1	-6.3543e-005
784	0.76413	1.263	0.1	-3.7116e-005
785	1.3591	0.66296	0.1	-6.9063e-005
786	1.1686	3.1463	0.1	-8.6642e-005
787	0.613	2.4784	0.1	-4.3357e-005
788	1.1114	4.3094	0.1	-8.1775e-005
789	1.6807	3.8411	0.1	-6.9799e-005
790	0.55565	3.6679	0.1	-4.3282e-005
791	0.5557	4.8414	0.1	-3.8581e-005
792	1.1507	5.4414	0.1	-7.1512e-005
793	22.298	1.1923	0.1	-1.2309e-006
794	23.435	1.1944	0.1	-8.8451e-007
795	22.874	0.59445	0.1	-9.1319e-007
796	21.159	1.1942	0.1	-1.7911e-006
797	21.742	0.59787	0.1	-1.4275e-006
798	20.025	1.1915	0.1	-2.5679e-006
799	20.613	0.59634	0.1	-2.1258e-006
800	18.888	1.1886	0.1	-3.5749e-006
801	19.485	0.59513	0.1	-3.0307e-006
802	17.752	1.1853	0.1	-4.814e-006
803	18.354	0.59345	0.1	-4.1724e-006
804	16.623	1.1806	0.1	-6.2724e-006
805	17.228	0.5919	0.1	-5.5302e-006
806	15.486	1.1801	0.1	-7.959e-006
807	16.103	0.58866	0.1	-7.1082e-006
808	14.343	1.1827	0.1	-9.8569e-006
809	14.969	0.59147	0.1	-8.9477e-006
810	13.206	1.173	0.1	-1.1926e-005
811	13.838	0.59124	0.1	-1.0962e-005
812	12.054	1.1647	0.1	-1.4243e-005
813	12.709	0.58176	0.1	-1.3186e-005
814	10.878	1.1596	0.1	-1.698e-005
815	11.564	0.5829	0.1	-1.5667e-005
816	9.7066	1.1172	0.1	-1.9813e-005
817	10.412	0.57674	0.1	-1.8446e-005
818	8.6082	1.0003	0.1	-2.2859e-005
819	9.2702	0.54046	0.1	-2.1065e-005
820	7.5375	0.80801	0.1	-2.554e-005
821	7.8861	1.3732	0.1	-2.4703e-005
822	8.1915	0.45988	0.1	-2.3784e-005
823	6.4941	0.62423	0.1	-2.5713e-005
824	7.0776	0.34813	0.1	-2.5629e-005
825	3.0876	1.8705	0.1	-4.6978e-005
826	3.1534	2.4444	0.1	-5.4419e-005
827	2.8663	4.0817	0.1	-4.7943e-005
828	5.723	5.2493	0.1	-3.4419e-005
829	5.393	5.4768	0.1	-1.6337e-005
830	5.9891	5.7268	0.1	-2.5268e-005
831	3.3048	4.6609	0.1	-4.2421e-005
832	3.552	5.2125	0.1	-3.4936e-005
833	3.3485	5.5525	0.1	-3.94e-005
834	4.1221	1.5592	0.1	-5.4474e-005
835	7.2264	3.4088	0.1	-3.2467e-005
836	5.4651	0.5261	0.1	-1.596e-005
837	6.0261	0.2761	0.1	-2.3812e-005
838	4.3108	0.44856	0.1	-3.9508e-005
839	3.7158	0.19856	0.1	-2.6533e-005
840	5.7103	4.8814	0.1	-3.7392e-005
841	5.2566	5.0225	0.1	-4.3761e-005
842	5.3803	4.6089	0.1	-5.6827e-005
843	4.1213	4.3585	0.1	-5.2865e-005
844	4.3685	5.4101	0.1	-2.0859e-005
845	4.071	5.6601	0.1	-2.8905e-005
846	5.2915	1.5471	0.1	-5.6828e-005
847	5.9181	3.3358	0.1	-5.2353e-005
848	5.3266	2.9231	0.1	-7.1778e-005
849	5.0076	2.3077	0.1	-1.1811e-004
850	5.1624	3.6154	0.1	-7.8243e-005
851	4.9267	0.75	0.1	-1.928e-005
852	4.9267	0.25	0.1	-1.3026e-005
853	4.9267	0.5	5.e-002	-4.2854e-006
854	4.9267	1.25	0.1	-5.6195e-005
855	4.9267	1.	5.e-002	-7.8458e-006
856	4.9267	1.75	0.1	-1.3363e-004
857	4.9267	1.5	5.e-002	-1.7979e-005
858	4.8433	2.	0.1	-1.5436e-004
859	4.9267	2.	5.e-002	-3.418e-005
860	4.76	1.75	0.1	-1.188e-004
861	4.76	2.	5.e-002	-3.5945e-005
862	4.76	1.25	0.1	-5.4674e-005
863	4.76	1.5	5.e-002	-3.9266e-006
864	4.76	0.75	0.1	-3.5294e-005
865	4.76	1.	5.e-002	-9.7803e-006
866	4.76	0.25	0.1	-3.3378e-005
867	4.76	0.5	5.e-002	-1.8366e-005
868	4.9267	5.25	0.1	-3.0202e-005
869	4.9267	5.75	0.1	-1.52e-005
870	4.9267	5.5	5.e-002	-3.784e-006
871	4.9267	4.75	0.1	-7.8945e-005
872	4.9267	5.	5.e-002	-1.9679e-005
873	4.9267	4.25	0.1	-8.302e-005
874	4.9267	4.5	5.e-002	-1.0235e-005
875	4.8433	4.	0.1	-8.1846e-005
876	4.9267	4.	5.e-002	-1.2254e-005
877	4.76	4.25	0.1	-7.9843e-005
878	4.76	4.	5.e-002	-2.1737e-005
879	4.76	4.75	0.1	-6.9261e-005
880	4.76	4.5	5.e-002	-1.2042e-005
881	4.76	5.25	0.1	-5.0381e-005
882	4.76	5.	5.e-002	-2.5912e-005
883	4.76	5.75	0.1	-1.239e-005
884	4.76	5.5	5.e-002	-1.0029e-005
885	5.5227	6.	0.1	-1.6545e-005
886	4.9267	6.	5.e-002	-4.057e-006
887	6.7148	6.	0.1	-2.2194e-005
888	6.1188	6.	5.e-002	-1.5319e-006
889	7.9069	6.	0.1	-2.7385e-005
890	7.3108	6.	5.e-002	-1.8915e-006
891	9.099	6.	0.1	-2.4017e-005
892	8.5029	6.	5.e-002	-2.6837e-006
893	10.291	6.	0.1	-1.885e-005
894	9.695	6.	5.e-002	-1.727e-007
895	11.483	6.	0.1	-1.6515e-005
896	10.887	6.	5.e-002	-2.1776e-007
897	12.675	6.	0.1	-1.3318e-005
898	12.079	6.	5.e-002	-7.6703e-007
899	13.867	6.	0.1	-1.0672e-005
900	13.271	6.	5.e-002	-8.6525e-007
901	15.059	6.	0.1	-8.5645e-006
902	14.463	6.	5.e-002	-8.4041e-007
903	16.251	6.	0.1	-6.7582e-006
904	15.655	6.	5.e-002	-7.1626e-007
905	17.444	6.	0.1	-5.1991e-006
906	16.847	6.	5.e-002	-6.0811e-007
907	18.636	6.	0.1	-3.8781e-006
908	18.04	6.	5.e-002	-5.0925e-007
909	19.828	6.	0.1	-2.7754e-006
910	19.232	6.	5.e-002	-4.0827e-007
911	21.02	6.	0.1	-1.8926e-006
912	20.424	6.	5.e-002	-3.0564e-007
913	22.212	6.	0.1	-1.2123e-006
914	21.616	6.	5.e-002	-2.0402e-007
915	23.404	6.	0.1	-6.925e-007
916	22.808	6.	5.e-002	-1.1125e-007
917	24.	5.4	0.1	-6.0777e-007
918	24.	6.	5.e-002	-2.4062e-008
919	24.	4.2	0.1	-9.5765e-007
920	24.	4.8	5.e-002	-4.3405e-008
921	24.	3.	0.1	-1.1547e-006
922	24.	3.6	5.e-002	-4.5053e-008
923	24.	1.8	0.1	-9.6489e-007
924	24.	2.4	5.e-002	-4.2283e-008
925	24.	0.6	0.1	-6.1564e-007
926	24.	1.2	5.e-002	-3.9031e-008
927	1.5735e-014	1.8	0.1	-4.7875e-007
928	5.2451e-015	0.6	0.1	-1.969e-006
929	1.0632e-014	1.2	5.e-002	-4.4852e-006
930	2.6226e-014	3.	0.1	-3.2689e-007
931	2.1264e-014	2.4	5.e-002	-1.0406e-006
932	3.6716e-014	4.2	0.1	-3.9275e-008
933	3.1897e-014	3.6	5.e-002	-1.7114e-006
934	4.7206e-014	5.4	0.1	-1.718e-006
935	4.2529e-014	4.8	5.e-002	-5.9646e-006
936	0.595	6.	0.1	-3.4463e-005
937	5.2451e-014	6.	5.e-002	-2.9093e-005
938	1.785	6.	0.1	-5.3535e-005
939	1.19	6.	5.e-002	-3.9047e-006
940	2.975	6.	0.1	-3.9681e-005
941	2.38	6.	5.e-002	-2.4232e-006
942	3.8675	6.	0.1	-3.2565e-005
943	3.57	6.	5.e-002	-2.0136e-006
944	4.4625	6.	0.1	-1.4118e-005
945	4.165	6.	5.e-002	-1.6044e-006
946	4.76	6.	5.e-002	-5.456e-006
947	23.439	0.	0.1	-6.7763e-007
948	24.	0.	5.e-002	-2.222e-008
949	22.317	0.	0.1	-1.1696e-006
950	22.878	0.	5.e-002	-1.0329e-007
951	21.195	0.	0.1	-1.8193e-006
952	21.756	0.	5.e-002	-1.8841e-007
953	20.073	0.	0.1	-2.6439e-006
954	20.634	0.	5.e-002	-2.8934e-007
955	18.951	0.	0.1	-3.6838e-006
956	19.512	0.	5.e-002	-3.8437e-007
957	17.829	0.	0.1	-4.9448e-006
958	18.39	0.	5.e-002	-4.8095e-007
959	16.707	0.	0.1	-6.4222e-006
960	17.268	0.	5.e-002	-5.8122e-007
961	15.585	0.	0.1	-8.1524e-006
962	16.146	0.	5.e-002	-6.7407e-007
963	14.463	0.	0.1	-1.0107e-005
964	15.024	0.	5.e-002	-7.6033e-007
965	13.341	0.	0.1	-1.2275e-005
966	13.902	0.	5.e-002	-8.5186e-007
967	12.219	0.	0.1	-1.4689e-005
968	12.78	0.	5.e-002	-9.1749e-007
969	11.097	0.	0.1	-1.736e-005
970	11.658	0.	5.e-002	-9.2112e-007
971	9.9755	0.	0.1	-2.0017e-005
972	10.536	0.	5.e-002	-9.7451e-007
973	8.8535	0.	0.1	-2.2483e-005
974	9.4145	0.	5.e-002	-1.1595e-006
975	7.7316	0.	0.1	-2.4701e-005
976	8.2925	0.	5.e-002	-8.4507e-007
977	6.6096	0.	0.1	-2.3239e-005
978	7.1706	0.	5.e-002	-6.9681e-007
979	5.4876	0.	0.1	-1.3962e-005
980	6.0486	0.	5.e-002	-7.6831e-007
981	4.9267	0.	5.e-002	-2.5263e-006
982	4.165	4.2461e-031	0.1	-2.3315e-005
983	4.76	4.8527e-031	5.e-002	-4.2692e-006
984	2.975	3.033e-031	0.1	-3.9828e-005
985	3.57	0.	5.e-002	-6.4302e-006
986	1.785	1.8198e-031	0.1	-5.2378e-005
987	2.38	0.	5.e-002	-7.0736e-006
988	0.595	6.0659e-032	0.1	-3.2779e-005
989	1.19	0.	5.e-002	-1.2237e-006
990	0.	0.	5.e-002	-2.0365e-005
991	1.785	1.8198e-031	0.	-1.316e-004
992	0.595	6.0659e-032	0.	-1.1881e-004
993	2.975	3.033e-031	0.	-1.0371e-004
994	4.165	4.2461e-031	0.	-6.5434e-005
995	4.76	0.25	0.	-7.7518e-005
996	5.2451e-015	0.6	0.	-1.1833e-004
997	6.6096	0.	0.	-6.314e-005
998	5.4876	0.	0.	-4.3997e-005
999	7.7316	0.	0.	-7.1313e-005
1000	8.8535	0.	0.	-6.6092e-005
1001	9.9755	0.	0.	-5.7633e-005
1002	11.097	0.	0.	-4.9381e-005
1003	12.219	0.	0.	-4.1526e-005
1004	13.341	0.	0.	-3.4127e-005
1005	14.463	0.	0.	-2.7422e-005
1006	15.585	0.	0.	-2.1511e-005
1007	16.707	0.	0.	-1.6324e-005
1008	17.829	0.	0.	-1.1868e-005
1009	18.951	0.	0.	-8.1595e-006
1010	20.073	0.	0.	-5.1693e-006
1011	21.195	0.	0.	-2.8826e-006
1012	22.317	0.	0.	-1.2928e-006
1013	23.439	0.	0.	-3.8806e-007
1014	4.9267	0.25	0.	-4.0213e-005
1015	24.	0.6	0.	-2.5646e-007
1016	3.8675	6.	0.	-7.6773e-005
1017	4.4625	6.	0.	-4.1416e-005
1018	2.975	6.	0.	-1.1342e-004
1019	1.785	6.	0.	-1.3249e-004
1020	0.595	6.	0.	-1.1372e-004
1021	4.76	5.75	0.	-4.1377e-005
1022	4.7206e-014	5.4	0.	-1.1056e-004
1023	3.6716e-014	4.2	0.	-1.3256e-004
1024	2.6226e-014	3.	0.	-1.3804e-004
1025	1.5735e-014	1.8	0.	-1.3772e-004
1026	24.	1.8	0.	-5.1093e-007
1027	24.	3.	0.	-6.0769e-007
1028	24.	4.2	0.	-5.2278e-007
1029	24.	5.4	0.	-2.7256e-007
1030	23.404	6.	0.	-4.3532e-007
1031	22.212	6.	0.	-1.4422e-006
1032	21.02	6.	0.	-3.2237e-006
1033	19.828	6.	0.	-5.7918e-006
1034	18.636	6.	0.	-9.1608e-006
1035	17.444	6.	0.	-1.3348e-005
1036	16.251	6.	0.	-1.8362e-005
1037	15.059	6.	0.	-2.422e-005
1038	13.867	6.	0.	-3.0926e-005
1039	12.675	6.	0.	-3.8454e-005
1040	11.483	6.	0.	-4.706e-005
1041	10.291	6.	0.	-5.6414e-005
1042	9.099	6.	0.	-6.5834e-005
1043	7.9069	6.	0.	-6.9534e-005
1044	6.7148	6.	0.	-6.195e-005
1045	5.5227	6.	0.	-4.8591e-005
1046	4.9267	5.75	0.	-3.792e-005
1047	4.76	4.75	0.	-1.5642e-004
1048	4.76	4.25	0.	-2.4795e-004
1049	4.76	5.25	0.	-1.0926e-004
1050	4.8433	4.	0.	-2.8643e-004
1051	4.9267	5.25	0.	-6.7889e-005
1052	4.9267	4.75	0.	-1.1959e-004
1053	4.9267	4.25	0.	-2.0181e-004
1054	4.76	1.25	0.	-1.4017e-004
1055	4.76	1.75	0.	-2.2939e-004
1056	4.76	0.75	0.	-9.8848e-005
1057	4.8433	2.	0.	-3.3201e-004
1058	4.9267	0.75	0.	-6.5247e-005
1059	4.9267	1.25	0.	-1.164e-004
1060	4.9267	1.75	0.	-2.8144e-004
