Node Number	X Location (in)	Y Location (in)	Z Location (in)	Total Deformation (in)
1	0.8	5.25	0.	3.0592e-003
2	1.6	5.25	0.	1.2721e-002
3	2.4	5.25	0.	2.955e-002
4	3.2	5.25	0.	5.3459e-002
5	4.	5.25	0.	8.4242e-002
6	4.8	5.25	0.	0.12161
7	5.6	5.25	0.	0.16526
8	6.4	5.25	0.	0.21488
9	7.2	5.25	0.	0.27016
10	8.	5.25	0.	0.3308
11	8.8	5.25	0.	0.39649
12	9.6	5.25	0.	0.46694
13	10.4	5.25	0.	0.54186
14	11.2	5.25	0.	0.62096
15	12.	5.25	0.	0.70395
16	12.8	5.25	0.	0.79055
17	13.6	5.25	0.	0.8805
18	14.4	5.25	0.	0.97351
19	15.2	5.25	0.	1.0693
20	16.	5.25	0.	1.1677
21	16.8	5.25	0.	1.2684
22	17.6	5.25	0.	1.3711
23	18.4	5.25	0.	1.4756
24	19.2	5.25	0.	1.5816
25	20.	5.25	0.	1.689
26	20.8	5.25	0.	1.7975
27	21.6	5.25	0.	1.9068
28	22.4	5.25	0.	2.0167
29	23.2	5.25	0.	2.1271
30	0.8	4.5	0.	3.4999e-003
31	1.6	4.5	0.	1.4124e-002
32	2.4	4.5	0.	3.1823e-002
33	3.2	4.5	0.	5.6352e-002
34	4.	4.5	0.	8.7529e-002
35	4.8	4.5	0.	0.12512
36	5.6	4.5	0.	0.16886
37	6.4	4.5	0.	0.21848
38	7.2	4.5	0.	0.27369
39	8.	4.5	0.	0.33423
40	8.8	4.5	0.	0.39978
41	9.6	4.5	0.	0.47008
42	10.4	4.5	0.	0.54483
43	11.2	4.5	0.	0.62375
44	12.	4.5	0.	0.70655
45	12.8	4.5	0.	0.79297
46	13.6	4.5	0.	0.88274
47	14.4	4.5	0.	0.97557
48	15.2	4.5	0.	1.0712
49	16.	4.5	0.	1.1694
50	16.8	4.5	0.	1.2699
51	17.6	4.5	0.	1.3724
52	18.4	4.5	0.	1.4768
53	19.2	4.5	0.	1.5827
54	20.	4.5	0.	1.6899
55	20.8	4.5	0.	1.7982
56	21.6	4.5	0.	1.9074
57	22.4	4.5	0.	2.0173
58	23.2	4.5	0.	2.1277
59	0.8	3.75	0.	3.6833e-003
60	1.6	3.75	0.	1.4779e-002
61	2.4	3.75	0.	3.2993e-002
62	3.2	3.75	0.	5.7932e-002
63	4.	3.75	0.	8.9387e-002
64	4.8	3.75	0.	0.12714
65	5.6	3.75	0.	0.17096
66	6.4	3.75	0.	0.2206
67	7.2	3.75	0.	0.27579
68	8.	3.75	0.	0.33626
69	8.8	3.75	0.	0.40175
70	9.6	3.75	0.	0.47195
71	10.4	3.75	0.	0.5466
72	11.2	3.75	0.	0.62542
73	12.	3.75	0.	0.70812
74	12.8	3.75	0.	0.79443
75	13.6	3.75	0.	0.88408
76	14.4	3.75	0.	0.97681
77	15.2	3.75	0.	1.0723
78	16.	3.75	0.	1.1704
79	16.8	3.75	0.	1.2708
80	17.6	3.75	0.	1.3732
81	18.4	3.75	0.	1.4775
82	19.2	3.75	0.	1.5833
83	20.	3.75	0.	1.6904
84	20.8	3.75	0.	1.7987
85	21.6	3.75	0.	1.9079
86	22.4	3.75	0.	2.0177
87	23.2	3.75	0.	2.128
88	0.8	3.	0.	3.7355e-003
89	1.6	3.	0.	1.4969e-002
90	2.4	3.	0.	3.3351e-002
91	3.2	3.	0.	5.8433e-002
92	4.	3.	0.	8.9987e-002
93	4.8	3.	0.	0.1278
94	5.6	3.	0.	0.17165
95	6.4	3.	0.	0.2213
96	7.2	3.	0.	0.27648
97	8.	3.	0.	0.33694
98	8.8	3.	0.	0.4024
99	9.6	3.	0.	0.47258
100	10.4	3.	0.	0.54719
101	11.2	3.	0.	0.62597
102	12.	3.	0.	0.70864
103	12.8	3.	0.	0.79491
104	13.6	3.	0.	0.88453
105	14.4	3.	0.	0.97722
106	15.2	3.	0.	1.0727
107	16.	3.	0.	1.1708
108	16.8	3.	0.	1.2711
109	17.6	3.	0.	1.3735
110	18.4	3.	0.	1.4777
111	19.2	3.	0.	1.5835
112	20.	3.	0.	1.6906
113	20.8	3.	0.	1.7989
114	21.6	3.	0.	1.908
115	22.4	3.	0.	2.0178
116	23.2	3.	0.	2.1281
117	0.8	2.25	0.	3.6833e-003
118	1.6	2.25	0.	1.4779e-002
119	2.4	2.25	0.	3.2993e-002
120	3.2	2.25	0.	5.7932e-002
121	4.	2.25	0.	8.9387e-002
122	4.8	2.25	0.	0.12714
123	5.6	2.25	0.	0.17096
124	6.4	2.25	0.	0.2206
125	7.2	2.25	0.	0.27579
126	8.	2.25	0.	0.33626
127	8.8	2.25	0.	0.40175
128	9.6	2.25	0.	0.47195
129	10.4	2.25	0.	0.5466
130	11.2	2.25	0.	0.62542
131	12.	2.25	0.	0.70812
132	12.8	2.25	0.	0.79443
133	13.6	2.25	0.	0.88408
134	14.4	2.25	0.	0.97681
135	15.2	2.25	0.	1.0723
136	16.	2.25	0.	1.1704
137	16.8	2.25	0.	1.2708
138	17.6	2.25	0.	1.3732
139	18.4	2.25	0.	1.4775
140	19.2	2.25	0.	1.5833
141	20.	2.25	0.	1.6904
142	20.8	2.25	0.	1.7987
143	21.6	2.25	0.	1.9079
144	22.4	2.25	0.	2.0177
145	23.2	2.25	0.	2.128
146	0.8	1.5	0.	3.4999e-003
147	1.6	1.5	0.	1.4124e-002
148	2.4	1.5	0.	3.1823e-002
149	3.2	1.5	0.	5.6352e-002
150	4.	1.5	0.	8.7529e-002
151	4.8	1.5	0.	0.12512
152	5.6	1.5	0.	0.16886
153	6.4	1.5	0.	0.21848
154	7.2	1.5	0.	0.27369
155	8.	1.5	0.	0.33423
156	8.8	1.5	0.	0.39978
157	9.6	1.5	0.	0.47008
158	10.4	1.5	0.	0.54483
159	11.2	1.5	0.	0.62375
160	12.	1.5	0.	0.70655
161	12.8	1.5	0.	0.79297
162	13.6	1.5	0.	0.88274
163	14.4	1.5	0.	0.97557
164	15.2	1.5	0.	1.0712
165	16.	1.5	0.	1.1694
166	16.8	1.5	0.	1.2699
167	17.6	1.5	0.	1.3724
168	18.4	1.5	0.	1.4768
169	19.2	1.5	0.	1.5827
170	20.	1.5	0.	1.6899
171	20.8	1.5	0.	1.7982
172	21.6	1.5	0.	1.9074
173	22.4	1.5	0.	2.0173
174	23.2	1.5	0.	2.1277
175	0.8	0.75	0.	3.0592e-003
176	1.6	0.75	0.	1.2721e-002
177	2.4	0.75	0.	2.955e-002
178	3.2	0.75	0.	5.3459e-002
179	4.	0.75	0.	8.4242e-002
180	4.8	0.75	0.	0.12161
181	5.6	0.75	0.	0.16526
182	6.4	0.75	0.	0.21488
183	7.2	0.75	0.	0.27016
184	8.	0.75	0.	0.3308
185	8.8	0.75	0.	0.39649
186	9.6	0.75	0.	0.46694
187	10.4	0.75	0.	0.54186
188	11.2	0.75	0.	0.62096
189	12.	0.75	0.	0.70395
190	12.8	0.75	0.	0.79055
191	13.6	0.75	0.	0.8805
192	14.4	0.75	0.	0.97351
193	15.2	0.75	0.	1.0693
194	16.	0.75	0.	1.1677
195	16.8	0.75	0.	1.2684
196	17.6	0.75	0.	1.3711
197	18.4	0.75	0.	1.4756
198	19.2	0.75	0.	1.5816
199	20.	0.75	0.	1.689
200	20.8	0.75	0.	1.7975
201	21.6	0.75	0.	1.9068
202	22.4	0.75	0.	2.0167
203	23.2	0.75	0.	2.1271
204	23.2	0.75	0.1	2.1271
205	22.4	0.75	0.1	2.0167
206	21.6	0.75	0.1	1.9068
207	20.8	0.75	0.1	1.7975
208	20.	0.75	0.1	1.689
209	19.2	0.75	0.1	1.5816
210	18.4	0.75	0.1	1.4756
211	17.6	0.75	0.1	1.3711
212	16.8	0.75	0.1	1.2684
213	16.	0.75	0.1	1.1677
214	15.2	0.75	0.1	1.0693
215	14.4	0.75	0.1	0.97351
216	13.6	0.75	0.1	0.8805
217	12.8	0.75	0.1	0.79055
218	12.	0.75	0.1	0.70395
219	11.2	0.75	0.1	0.62096
220	10.4	0.75	0.1	0.54186
221	9.6	0.75	0.1	0.46694
222	8.8	0.75	0.1	0.39649
223	8.	0.75	0.1	0.3308
224	7.2	0.75	0.1	0.27016
225	6.4	0.75	0.1	0.21488
226	5.6	0.75	0.1	0.16526
227	4.8	0.75	0.1	0.12161
228	4.	0.75	0.1	8.4242e-002
229	3.2	0.75	0.1	5.3459e-002
230	2.4	0.75	0.1	2.955e-002
231	1.6	0.75	0.1	1.2721e-002
232	0.8	0.75	0.1	3.0592e-003
233	23.2	1.5	0.1	2.1277
234	22.4	1.5	0.1	2.0173
235	21.6	1.5	0.1	1.9074
236	20.8	1.5	0.1	1.7982
237	20.	1.5	0.1	1.6899
238	19.2	1.5	0.1	1.5827
239	18.4	1.5	0.1	1.4768
240	17.6	1.5	0.1	1.3724
241	16.8	1.5	0.1	1.2699
242	16.	1.5	0.1	1.1694
243	15.2	1.5	0.1	1.0712
244	14.4	1.5	0.1	0.97557
245	13.6	1.5	0.1	0.88274
246	12.8	1.5	0.1	0.79297
247	12.	1.5	0.1	0.70655
248	11.2	1.5	0.1	0.62375
249	10.4	1.5	0.1	0.54483
250	9.6	1.5	0.1	0.47008
251	8.8	1.5	0.1	0.39978
252	8.	1.5	0.1	0.33423
253	7.2	1.5	0.1	0.27369
254	6.4	1.5	0.1	0.21848
255	5.6	1.5	0.1	0.16886
256	4.8	1.5	0.1	0.12512
257	4.	1.5	0.1	8.7529e-002
258	3.2	1.5	0.1	5.6352e-002
259	2.4	1.5	0.1	3.1823e-002
260	1.6	1.5	0.1	1.4124e-002
261	0.8	1.5	0.1	3.4999e-003
262	23.2	2.25	0.1	2.128
263	22.4	2.25	0.1	2.0177
264	21.6	2.25	0.1	1.9079
265	20.8	2.25	0.1	1.7987
266	20.	2.25	0.1	1.6904
267	19.2	2.25	0.1	1.5833
268	18.4	2.25	0.1	1.4775
269	17.6	2.25	0.1	1.3732
270	16.8	2.25	0.1	1.2708
271	16.	2.25	0.1	1.1704
272	15.2	2.25	0.1	1.0723
273	14.4	2.25	0.1	0.97681
274	13.6	2.25	0.1	0.88408
275	12.8	2.25	0.1	0.79443
276	12.	2.25	0.1	0.70812
277	11.2	2.25	0.1	0.62542
278	10.4	2.25	0.1	0.5466
279	9.6	2.25	0.1	0.47195
280	8.8	2.25	0.1	0.40175
281	8.	2.25	0.1	0.33626
282	7.2	2.25	0.1	0.27579
283	6.4	2.25	0.1	0.2206
284	5.6	2.25	0.1	0.17096
285	4.8	2.25	0.1	0.12714
286	4.	2.25	0.1	8.9387e-002
287	3.2	2.25	0.1	5.7932e-002
288	2.4	2.25	0.1	3.2993e-002
289	1.6	2.25	0.1	1.4779e-002
290	0.8	2.25	0.1	3.6833e-003
291	23.2	3.	0.1	2.1281
292	22.4	3.	0.1	2.0178
293	21.6	3.	0.1	1.908
294	20.8	3.	0.1	1.7989
295	20.	3.	0.1	1.6906
296	19.2	3.	0.1	1.5835
297	18.4	3.	0.1	1.4777
298	17.6	3.	0.1	1.3735
299	16.8	3.	0.1	1.2711
300	16.	3.	0.1	1.1708
301	15.2	3.	0.1	1.0727
302	14.4	3.	0.1	0.97722
303	13.6	3.	0.1	0.88453
304	12.8	3.	0.1	0.79491
305	12.	3.	0.1	0.70864
306	11.2	3.	0.1	0.62597
307	10.4	3.	0.1	0.54719
308	9.6	3.	0.1	0.47258
309	8.8	3.	0.1	0.4024
310	8.	3.	0.1	0.33694
311	7.2	3.	0.1	0.27648
312	6.4	3.	0.1	0.2213
313	5.6	3.	0.1	0.17165
314	4.8	3.	0.1	0.1278
315	4.	3.	0.1	8.9987e-002
316	3.2	3.	0.1	5.8433e-002
317	2.4	3.	0.1	3.3351e-002
318	1.6	3.	0.1	1.4969e-002
319	0.8	3.	0.1	3.7355e-003
320	23.2	3.75	0.1	2.128
321	22.4	3.75	0.1	2.0177
322	21.6	3.75	0.1	1.9079
323	20.8	3.75	0.1	1.7987
324	20.	3.75	0.1	1.6904
325	19.2	3.75	0.1	1.5833
326	18.4	3.75	0.1	1.4775
327	17.6	3.75	0.1	1.3732
328	16.8	3.75	0.1	1.2708
329	16.	3.75	0.1	1.1704
330	15.2	3.75	0.1	1.0723
331	14.4	3.75	0.1	0.97681
332	13.6	3.75	0.1	0.88408
333	12.8	3.75	0.1	0.79443
334	12.	3.75	0.1	0.70812
335	11.2	3.75	0.1	0.62542
336	10.4	3.75	0.1	0.5466
337	9.6	3.75	0.1	0.47195
338	8.8	3.75	0.1	0.40175
339	8.	3.75	0.1	0.33626
340	7.2	3.75	0.1	0.27579
341	6.4	3.75	0.1	0.2206
342	5.6	3.75	0.1	0.17096
343	4.8	3.75	0.1	0.12714
344	4.	3.75	0.1	8.9387e-002
345	3.2	3.75	0.1	5.7932e-002
346	2.4	3.75	0.1	3.2993e-002
347	1.6	3.75	0.1	1.4779e-002
348	0.8	3.75	0.1	3.6833e-003
349	23.2	4.5	0.1	2.1277
350	22.4	4.5	0.1	2.0173
351	21.6	4.5	0.1	1.9074
352	20.8	4.5	0.1	1.7982
353	20.	4.5	0.1	1.6899
354	19.2	4.5	0.1	1.5827
355	18.4	4.5	0.1	1.4768
356	17.6	4.5	0.1	1.3724
357	16.8	4.5	0.1	1.2699
358	16.	4.5	0.1	1.1694
359	15.2	4.5	0.1	1.0712
360	14.4	4.5	0.1	0.97557
361	13.6	4.5	0.1	0.88274
362	12.8	4.5	0.1	0.79297
363	12.	4.5	0.1	0.70655
364	11.2	4.5	0.1	0.62375
365	10.4	4.5	0.1	0.54483
366	9.6	4.5	0.1	0.47008
367	8.8	4.5	0.1	0.39978
368	8.	4.5	0.1	0.33423
369	7.2	4.5	0.1	0.27369
370	6.4	4.5	0.1	0.21848
371	5.6	4.5	0.1	0.16886
372	4.8	4.5	0.1	0.12512
373	4.	4.5	0.1	8.7529e-002
374	3.2	4.5	0.1	5.6352e-002
375	2.4	4.5	0.1	3.1823e-002
376	1.6	4.5	0.1	1.4124e-002
377	0.8	4.5	0.1	3.4999e-003
378	23.2	5.25	0.1	2.1271
379	22.4	5.25	0.1	2.0167
380	21.6	5.25	0.1	1.9068
381	20.8	5.25	0.1	1.7975
382	20.	5.25	0.1	1.689
383	19.2	5.25	0.1	1.5816
384	18.4	5.25	0.1	1.4756
385	17.6	5.25	0.1	1.3711
386	16.8	5.25	0.1	1.2684
387	16.	5.25	0.1	1.1677
388	15.2	5.25	0.1	1.0693
389	14.4	5.25	0.1	0.97351
390	13.6	5.25	0.1	0.8805
391	12.8	5.25	0.1	0.79055
392	12.	5.25	0.1	0.70395
393	11.2	5.25	0.1	0.62096
394	10.4	5.25	0.1	0.54186
395	9.6	5.25	0.1	0.46694
396	8.8	5.25	0.1	0.39649
397	8.	5.25	0.1	0.3308
398	7.2	5.25	0.1	0.27016
399	6.4	5.25	0.1	0.21488
400	5.6	5.25	0.1	0.16526
401	4.8	5.25	0.1	0.12161
402	4.	5.25	0.1	8.4242e-002
403	3.2	5.25	0.1	5.3459e-002
404	2.4	5.25	0.1	2.955e-002
405	1.6	5.25	0.1	1.2721e-002
406	0.8	5.25	0.1	3.0592e-003
407	0.8	6.	0.1	1.8916e-003
408	1.6	6.	0.1	9.9661e-003
409	2.4	6.	0.1	2.5686e-002
410	3.2	6.	0.1	4.8905e-002
411	4.	6.	0.1	7.9281e-002
412	4.8	6.	0.1	0.11645
413	5.6	6.	0.1	0.16005
414	6.4	6.	0.1	0.20972
415	7.2	6.	0.1	0.26512
416	8.	6.	0.1	0.32594
417	8.8	6.	0.1	0.39184
418	9.6	6.	0.1	0.46253
419	10.4	6.	0.1	0.53769
420	11.2	6.	0.1	0.61704
421	12.	6.	0.1	0.70029
422	12.8	6.	0.1	0.78716
423	13.6	6.	0.1	0.87736
424	14.4	6.	0.1	0.97064
425	15.2	6.	0.1	1.0667
426	16.	6.	0.1	1.1653
427	16.8	6.	0.1	1.2662
428	17.6	6.	0.1	1.3692
429	18.4	6.	0.1	1.4739
430	19.2	6.	0.1	1.5802
431	20.	6.	0.1	1.6878
432	20.8	6.	0.1	1.7964
433	21.6	6.	0.1	1.9059
434	22.4	6.	0.1	2.016
435	23.2	6.	0.1	2.1265
436	24.	6.	0.1	2.2372
437	24.	5.25	0.1	2.2378
438	24.	4.5	0.1	2.2383
439	24.	3.75	0.1	2.2386
440	24.	3.	0.1	2.2387
441	24.	2.25	0.1	2.2386
442	24.	1.5	0.1	2.2383
443	24.	0.75	0.1	2.2378
444	24.	0.	0.1	2.2372
445	23.2	0.	0.1	2.1265
446	22.4	0.	0.1	2.016
447	21.6	0.	0.1	1.9059
448	20.8	0.	0.1	1.7964
449	20.	0.	0.1	1.6878
450	19.2	0.	0.1	1.5802
451	18.4	0.	0.1	1.4739
452	17.6	0.	0.1	1.3692
453	16.8	0.	0.1	1.2662
454	16.	0.	0.1	1.1653
455	15.2	0.	0.1	1.0667
456	14.4	0.	0.1	0.97064
457	13.6	0.	0.1	0.87736
458	12.8	0.	0.1	0.78716
459	12.	0.	0.1	0.70029
460	11.2	0.	0.1	0.61704
461	10.4	0.	0.1	0.53769
462	9.6	0.	0.1	0.46253
463	8.8	0.	0.1	0.39184
464	8.	0.	0.1	0.32594
465	7.2	0.	0.1	0.26512
466	6.4	0.	0.1	0.20972
467	5.6	0.	0.1	0.16005
468	4.8	0.	0.1	0.11645
469	4.	0.	0.1	7.9281e-002
470	3.2	0.	0.1	4.8905e-002
471	2.4	0.	0.1	2.5686e-002
472	1.6	0.	0.1	9.9661e-003
473	0.8	0.	0.1	1.8916e-003
474	0.	0.	0.1	0.
475	6.5564e-015	0.75	0.1	0.
476	1.3113e-014	1.5	0.1	0.
477	1.9669e-014	2.25	0.1	0.
478	2.6226e-014	3.	0.1	0.
479	3.2782e-014	3.75	0.1	0.
480	3.9339e-014	4.5	0.1	0.
481	4.5895e-014	5.25	0.1	0.
482	3.937e-014	6.	0.1	0.
483	4.5895e-014	5.25	0.	0.
484	3.9339e-014	4.5	0.	0.
485	3.2782e-014	3.75	0.	0.
486	2.6226e-014	3.	0.	0.
487	1.9669e-014	2.25	0.	0.
488	1.3113e-014	1.5	0.	0.
489	6.5564e-015	0.75	0.	0.
490	3.937e-014	6.	0.	0.
491	0.	0.	0.	0.
492	0.8	0.	0.	1.8916e-003
493	1.6	0.	0.	9.9661e-003
494	2.4	0.	0.	2.5686e-002
495	3.2	0.	0.	4.8905e-002
496	4.	0.	0.	7.9281e-002
497	4.8	0.	0.	0.11645
498	5.6	0.	0.	0.16005
499	6.4	0.	0.	0.20972
500	7.2	0.	0.	0.26512
501	8.	0.	0.	0.32594
502	8.8	0.	0.	0.39184
503	9.6	0.	0.	0.46253
504	10.4	0.	0.	0.53769
505	11.2	0.	0.	0.61704
506	12.	0.	0.	0.70029
507	12.8	0.	0.	0.78716
508	13.6	0.	0.	0.87736
509	14.4	0.	0.	0.97064
510	15.2	0.	0.	1.0667
511	16.	0.	0.	1.1653
512	16.8	0.	0.	1.2662
513	17.6	0.	0.	1.3692
514	18.4	0.	0.	1.4739
515	19.2	0.	0.	1.5802
516	20.	0.	0.	1.6878
517	20.8	0.	0.	1.7964
518	21.6	0.	0.	1.9059
519	22.4	0.	0.	2.016
520	23.2	0.	0.	2.1265
521	24.	0.	0.	2.2372
522	24.	0.75	0.	2.2378
523	24.	1.5	0.	2.2383
524	24.	2.25	0.	2.2386
525	24.	3.	0.	2.2387
526	24.	3.75	0.	2.2386
527	24.	4.5	0.	2.2383
528	24.	5.25	0.	2.2378
529	24.	6.	0.	2.2372
530	23.2	6.	0.	2.1265
531	22.4	6.	0.	2.016
532	21.6	6.	0.	1.9059
533	20.8	6.	0.	1.7964
534	20.	6.	0.	1.6878
535	19.2	6.	0.	1.5802
536	18.4	6.	0.	1.4739
537	17.6	6.	0.	1.3692
538	16.8	6.	0.	1.2662
539	16.	6.	0.	1.1653
540	15.2	6.	0.	1.0667
541	14.4	6.	0.	0.97064
542	13.6	6.	0.	0.87736
543	12.8	6.	0.	0.78716
544	12.	6.	0.	0.70029
545	11.2	6.	0.	0.61704
546	10.4	6.	0.	0.53769
547	9.6	6.	0.	0.46253
548	8.8	6.	0.	0.39184
549	8.	6.	0.	0.32594
550	7.2	6.	0.	0.26512
551	6.4	6.	0.	0.20972
552	5.6	6.	0.	0.16005
553	4.8	6.	0.	0.11645
554	4.	6.	0.	7.9281e-002
555	3.2	6.	0.	4.8905e-002
556	2.4	6.	0.	2.5686e-002
557	1.6	6.	0.	9.9661e-003
558	0.8	6.	0.	1.8916e-003
559	1.2	5.25	0.	6.9948e-003
560	0.8	4.875	0.	3.3223e-003
561	0.8	5.25	5.e-002	3.0282e-003
562	0.4	5.25	0.	7.8129e-004
563	0.8	5.625	0.	2.6142e-003
564	2.	5.25	0.	2.0247e-002
565	1.6	4.875	0.	1.3546e-002
566	1.6	5.25	5.e-002	1.2688e-002
567	1.6	5.625	0.	1.157e-002
568	2.8	5.25	0.	4.0629e-002
569	2.4	4.875	0.	3.0853e-002
570	2.4	5.25	5.e-002	2.9517e-002
571	2.4	5.625	0.	2.7853e-002
572	3.6	5.25	0.	6.8009e-002
573	3.2	4.875	0.	5.509e-002
574	3.2	5.25	5.e-002	5.3426e-002
575	3.2	5.625	0.	5.1414e-002
576	4.4	5.25	0.	0.10212
577	4.	4.875	0.	8.6079e-002
578	4.	5.25	5.e-002	8.421e-002
579	4.	5.625	0.	8.1988e-002
580	5.2	5.25	0.	0.14267
581	4.8	4.875	0.	0.12356
582	4.8	5.25	5.e-002	0.12158
583	4.8	5.625	0.	0.11925
584	6.	5.25	0.	0.18934
585	5.6	4.875	0.	0.16725
586	5.6	5.25	5.e-002	0.16523
587	5.6	5.625	0.	0.16286
588	6.8	5.25	0.	0.24183
589	6.4	4.875	0.	0.21687
590	6.4	5.25	5.e-002	0.21485
591	6.4	5.625	0.	0.2125
592	7.6	5.25	0.	0.29983
593	7.2	4.875	0.	0.27211
594	7.2	5.25	5.e-002	0.27013
595	7.2	5.625	0.	0.26783
596	8.4	5.25	0.	0.36303
597	8.	4.875	0.	0.33269
598	8.	5.25	5.e-002	0.33077
599	8.	5.625	0.	0.32855
600	9.2	5.25	0.	0.43114
601	8.8	4.875	0.	0.3983
602	8.8	5.25	5.e-002	0.39646
603	8.8	5.625	0.	0.39434
604	10.	5.25	0.	0.50386
605	9.6	4.875	0.	0.46867
606	9.6	5.25	5.e-002	0.46692
607	9.6	5.625	0.	0.4649
608	10.8	5.25	0.	0.5809
609	10.4	4.875	0.	0.54349
610	10.4	5.25	5.e-002	0.54184
611	10.4	5.625	0.	0.53993
612	11.6	5.25	0.	0.66198
613	11.2	4.875	0.	0.62249
614	11.2	5.25	5.e-002	0.62093
615	11.2	5.625	0.	0.61914
616	12.4	5.25	0.	0.74681
617	12.	4.875	0.	0.70538
618	12.	5.25	5.e-002	0.70392
619	12.	5.625	0.	0.70225
620	13.2	5.25	0.	0.83512
621	12.8	4.875	0.	0.79188
622	12.8	5.25	5.e-002	0.79053
623	12.8	5.625	0.	0.78897
624	14.	5.25	0.	0.92664
625	13.6	4.875	0.	0.88173
626	13.6	5.25	5.e-002	0.88048
627	13.6	5.625	0.	0.87904
628	14.8	5.25	0.	1.0211
629	14.4	4.875	0.	0.97464
630	14.4	5.25	5.e-002	0.97349
631	14.4	5.625	0.	0.97218
632	15.6	5.25	0.	1.1182
633	15.2	4.875	0.	1.0704
634	15.2	5.25	5.e-002	1.0693
635	15.2	5.625	0.	1.0681
636	16.4	5.25	0.	1.2178
637	16.	4.875	0.	1.1686
638	16.	5.25	5.e-002	1.1677
639	16.	5.625	0.	1.1666
640	17.2	5.25	0.	1.3195
641	16.8	4.875	0.	1.2692
642	16.8	5.25	5.e-002	1.2684
643	16.8	5.625	0.	1.2674
644	18.	5.25	0.	1.4231
645	17.6	4.875	0.	1.3718
646	17.6	5.25	5.e-002	1.3711
647	17.6	5.625	0.	1.3702
648	18.8	5.25	0.	1.5284
649	18.4	4.875	0.	1.4762
650	18.4	5.25	5.e-002	1.4756
651	18.4	5.625	0.	1.4748
652	19.6	5.25	0.	1.6352
653	19.2	4.875	0.	1.5822
654	19.2	5.25	5.e-002	1.5816
655	19.2	5.625	0.	1.5809
656	20.4	5.25	0.	1.7431
657	20.	4.875	0.	1.6895
658	20.	5.25	5.e-002	1.689
659	20.	5.625	0.	1.6884
660	21.2	5.25	0.	1.852
661	20.8	4.875	0.	1.7979
662	20.8	5.25	5.e-002	1.7974
663	20.8	5.625	0.	1.797
664	22.	5.25	0.	1.9617
665	21.6	4.875	0.	1.9071
666	21.6	5.25	5.e-002	1.9068
667	21.6	5.625	0.	1.9064
668	22.8	5.25	0.	2.0719
669	22.4	4.875	0.	2.0171
670	22.4	5.25	5.e-002	2.0167
671	22.4	5.625	0.	2.0164
672	23.2	4.875	0.	2.1274
673	23.2	5.25	5.e-002	2.1271
674	23.6	5.25	0.	2.1824
675	23.2	5.625	0.	2.1268
676	1.2	4.5	0.	7.9035e-003
677	0.8	4.125	0.	3.6075e-003
678	0.8	4.5	5.e-002	3.4639e-003
679	0.4	4.5	0.	8.8527e-004
680	2.	4.5	0.	2.2114e-002
681	1.6	4.125	0.	1.4521e-002
682	1.6	4.5	5.e-002	1.409e-002
683	2.8	4.5	0.	4.3244e-002
684	2.4	4.125	0.	3.2523e-002
685	2.4	4.5	5.e-002	3.179e-002
686	3.6	4.5	0.	7.1125e-002
687	3.2	4.125	0.	5.7288e-002
688	3.2	4.5	5.e-002	5.632e-002
689	4.4	4.5	0.	0.10554
690	4.	4.125	0.	8.8624e-002
691	4.	4.5	5.e-002	8.7498e-002
692	5.2	4.5	0.	0.14623
693	4.8	4.125	0.	0.1263
694	4.8	4.5	5.e-002	0.12509
695	6.	4.5	0.	0.19295
696	5.6	4.125	0.	0.17009
697	5.6	4.5	5.e-002	0.16883
698	6.8	4.5	0.	0.2454
699	6.4	4.125	0.	0.21972
700	6.4	4.5	5.e-002	0.21845
701	7.6	4.5	0.	0.30331
702	7.2	4.125	0.	0.27492
703	7.2	4.5	5.e-002	0.27367
704	8.4	4.5	0.	0.36639
705	8.	4.125	0.	0.33542
706	8.	4.5	5.e-002	0.3342
707	9.2	4.5	0.	0.43436
708	8.8	4.125	0.	0.40093
709	8.8	4.5	5.e-002	0.39976
710	10.	4.5	0.	0.50691
711	9.6	4.125	0.	0.47117
712	9.6	4.5	5.e-002	0.47005
713	10.8	4.5	0.	0.58378
714	10.4	4.125	0.	0.54586
715	10.4	4.5	5.e-002	0.5448
716	11.6	4.5	0.	0.66468
717	11.2	4.125	0.	0.62472
718	11.2	4.5	5.e-002	0.62372
719	12.4	4.5	0.	0.74933
720	12.	4.125	0.	0.70747
721	12.	4.5	5.e-002	0.70653
722	13.2	4.5	0.	0.83745
723	12.8	4.125	0.	0.79382
724	12.8	4.5	5.e-002	0.79295
725	14.	4.5	0.	0.92879
726	13.6	4.125	0.	0.88352
727	13.6	4.5	5.e-002	0.88272
728	14.8	4.5	0.	1.0231
729	14.4	4.125	0.	0.97629
730	14.4	4.5	5.e-002	0.97555
731	15.6	4.5	0.	1.12
732	15.2	4.125	0.	1.0719
733	15.2	4.5	5.e-002	1.0712
734	16.4	4.5	0.	1.2194
735	16.	4.125	0.	1.17
736	16.	4.5	5.e-002	1.1694
737	17.2	4.5	0.	1.3209
738	16.8	4.125	0.	1.2704
739	16.8	4.5	5.e-002	1.2699
740	18.	4.5	0.	1.4244
741	17.6	4.125	0.	1.3729
742	17.6	4.5	5.e-002	1.3724
743	18.8	4.5	0.	1.5295
744	18.4	4.125	0.	1.4772
745	18.4	4.5	5.e-002	1.4767
746	19.6	4.5	0.	1.6361
747	19.2	4.125	0.	1.583
748	19.2	4.5	5.e-002	1.5827
749	20.4	4.5	0.	1.7439
750	20.	4.125	0.	1.6902
751	20.	4.5	5.e-002	1.6899
752	21.2	4.5	0.	1.8527
753	20.8	4.125	0.	1.7985
754	20.8	4.5	5.e-002	1.7982
755	22.	4.5	0.	1.9623
756	21.6	4.125	0.	1.9077
757	21.6	4.5	5.e-002	1.9074
758	22.8	4.5	0.	2.0724
759	22.4	4.125	0.	2.0175
760	22.4	4.5	5.e-002	2.0173
761	23.2	4.125	0.	2.1278
762	23.2	4.5	5.e-002	2.1276
763	23.6	4.5	0.	2.1829
764	1.2	3.75	0.	8.2984e-003
765	0.8	3.375	0.	3.7203e-003
766	0.8	3.75	5.e-002	3.6455e-003
767	0.4	3.75	0.	9.3433e-004
768	2.	3.75	0.	2.3033e-002
769	1.6	3.375	0.	1.4921e-002
770	1.6	3.75	5.e-002	1.4744e-002
771	2.8	3.75	0.	4.4635e-002
772	2.4	3.375	0.	3.3263e-002
773	2.4	3.75	5.e-002	3.2959e-002
774	3.6	3.75	0.	7.286e-002
775	3.2	3.375	0.	5.8309e-002
776	3.2	3.75	5.e-002	5.79e-002
777	4.4	3.75	0.	0.10749
778	4.	3.375	0.	8.9838e-002
779	4.	3.75	5.e-002	8.9356e-002
780	5.2	3.75	0.	0.14831
781	4.8	3.375	0.	0.12764
782	4.8	3.75	5.e-002	0.12711
783	6.	3.75	0.	0.19507
784	5.6	3.375	0.	0.17148
785	5.6	3.75	5.e-002	0.17093
786	6.8	3.75	0.	0.24751
787	6.4	3.375	0.	0.22112
788	6.4	3.75	5.e-002	0.22057
789	7.6	3.75	0.	0.30538
790	7.2	3.375	0.	0.27631
791	7.2	3.75	5.e-002	0.27576
792	8.4	3.75	0.	0.3684
793	8.	3.375	0.	0.33677
794	8.	3.75	5.e-002	0.33624
795	9.2	3.75	0.	0.43628
796	8.8	3.375	0.	0.40224
797	8.8	3.75	5.e-002	0.40172
798	10.	3.75	0.	0.50874
799	9.6	3.375	0.	0.47242
800	9.6	3.75	5.e-002	0.47193
801	10.8	3.75	0.	0.58551
802	10.4	3.375	0.	0.54705
803	10.4	3.75	5.e-002	0.54658
804	11.6	3.75	0.	0.6663
805	11.2	3.375	0.	0.62583
806	11.2	3.75	5.e-002	0.62539
807	12.4	3.75	0.	0.75084
808	12.	3.375	0.	0.70851
809	12.	3.75	5.e-002	0.70809
810	13.2	3.75	0.	0.83885
811	12.8	3.375	0.	0.79479
812	12.8	3.75	5.e-002	0.79441
813	14.	3.75	0.	0.93008
814	13.6	3.375	0.	0.88442
815	13.6	3.75	5.e-002	0.88406
816	14.8	3.75	0.	1.0242
817	14.4	3.375	0.	0.97711
818	14.4	3.75	5.e-002	0.97679
819	15.6	3.75	0.	1.1211
820	15.2	3.375	0.	1.0726
821	15.2	3.75	5.e-002	1.0723
822	16.4	3.75	0.	1.2203
823	16.	3.375	0.	1.1707
824	16.	3.75	5.e-002	1.1704
825	17.2	3.75	0.	1.3218
826	16.8	3.375	0.	1.271
827	16.8	3.75	5.e-002	1.2708
828	18.	3.75	0.	1.4252
829	17.6	3.375	0.	1.3735
830	17.6	3.75	5.e-002	1.3732
831	18.8	3.75	0.	1.5302
832	18.4	3.375	0.	1.4777
833	18.4	3.75	5.e-002	1.4775
834	19.6	3.75	0.	1.6367
835	19.2	3.375	0.	1.5835
836	19.2	3.75	5.e-002	1.5833
837	20.4	3.75	0.	1.7444
838	20.	3.375	0.	1.6906
839	20.	3.75	5.e-002	1.6904
840	21.2	3.75	0.	1.8532
841	20.8	3.375	0.	1.7988
842	20.8	3.75	5.e-002	1.7987
843	22.	3.75	0.	1.9627
844	21.6	3.375	0.	1.908
845	21.6	3.75	5.e-002	1.9078
846	22.8	3.75	0.	2.0728
847	22.4	3.375	0.	2.0178
848	22.4	3.75	5.e-002	2.0177
849	23.2	3.375	0.	2.1281
850	23.2	3.75	5.e-002	2.128
851	23.6	3.75	0.	2.1833
852	1.2	3.	0.	8.41e-003
853	0.8	2.625	0.	3.7203e-003
854	0.8	3.	5.e-002	3.6972e-003
855	0.4	3.	0.	9.4947e-004
856	2.	3.	0.	2.3309e-002
857	1.6	2.625	0.	1.4921e-002
858	1.6	3.	5.e-002	1.4934e-002
859	2.8	3.	0.	4.507e-002
860	2.4	2.625	0.	3.3263e-002
861	2.4	3.	5.e-002	3.3318e-002
862	3.6	3.	0.	7.3415e-002
863	3.2	2.625	0.	5.8309e-002
864	3.2	3.	5.e-002	5.8401e-002
865	4.4	3.	0.	0.10812
866	4.	2.625	0.	8.9838e-002
867	4.	3.	5.e-002	8.9956e-002
868	5.2	3.	0.	0.14898
869	4.8	2.625	0.	0.12764
870	4.8	3.	5.e-002	0.12777
871	6.	3.	0.	0.19576
872	5.6	2.625	0.	0.17148
873	5.6	3.	5.e-002	0.17162
874	6.8	3.	0.	0.24821
875	6.4	2.625	0.	0.22112
876	6.4	3.	5.e-002	0.22127
877	7.6	3.	0.	0.30607
878	7.2	2.625	0.	0.27631
879	7.2	3.	5.e-002	0.27645
880	8.4	3.	0.	0.36906
881	8.	2.625	0.	0.33677
882	8.	3.	5.e-002	0.33691
883	9.2	3.	0.	0.43692
884	8.8	2.625	0.	0.40224
885	8.8	3.	5.e-002	0.40237
886	10.	3.	0.	0.50935
887	9.6	2.625	0.	0.47242
888	9.6	3.	5.e-002	0.47255
889	10.8	3.	0.	0.58608
890	10.4	2.625	0.	0.54705
891	10.4	3.	5.e-002	0.54717
892	11.6	3.	0.	0.66684
893	11.2	2.625	0.	0.62583
894	11.2	3.	5.e-002	0.62595
895	12.4	3.	0.	0.75134
896	12.	2.625	0.	0.70851
897	12.	3.	5.e-002	0.70862
898	13.2	3.	0.	0.83932
899	12.8	2.625	0.	0.79479
900	12.8	3.	5.e-002	0.79489
901	14.	3.	0.	0.93051
902	13.6	2.625	0.	0.88442
903	13.6	3.	5.e-002	0.88451
904	14.8	3.	0.	1.0246
905	14.4	2.625	0.	0.97711
906	14.4	3.	5.e-002	0.9772
907	15.6	3.	0.	1.1214
908	15.2	2.625	0.	1.0726
909	15.2	3.	5.e-002	1.0727
910	16.4	3.	0.	1.2207
911	16.	2.625	0.	1.1707
912	16.	3.	5.e-002	1.1708
913	17.2	3.	0.	1.3221
914	16.8	2.625	0.	1.271
915	16.8	3.	5.e-002	1.2711
916	18.	3.	0.	1.4254
917	17.6	2.625	0.	1.3735
918	17.6	3.	5.e-002	1.3735
919	18.8	3.	0.	1.5304
920	18.4	2.625	0.	1.4777
921	18.4	3.	5.e-002	1.4777
922	19.6	3.	0.	1.6369
923	19.2	2.625	0.	1.5835
924	19.2	3.	5.e-002	1.5835
925	20.4	3.	0.	1.7446
926	20.	2.625	0.	1.6906
927	20.	3.	5.e-002	1.6906
928	21.2	3.	0.	1.8533
929	20.8	2.625	0.	1.7988
930	20.8	3.	5.e-002	1.7988
931	22.	3.	0.	1.9628
932	21.6	2.625	0.	1.908
933	21.6	3.	5.e-002	1.908
934	22.8	3.	0.	2.0729
935	22.4	2.625	0.	2.0178
936	22.4	3.	5.e-002	2.0178
937	23.2	2.625	0.	2.1281
938	23.2	3.	5.e-002	2.1281
939	23.6	3.	0.	2.1834
940	1.2	2.25	0.	8.2984e-003
941	0.8	1.875	0.	3.6075e-003
942	0.8	2.25	5.e-002	3.6455e-003
943	0.4	2.25	0.	9.3433e-004
944	2.	2.25	0.	2.3033e-002
945	1.6	1.875	0.	1.4521e-002
946	1.6	2.25	5.e-002	1.4744e-002
947	2.8	2.25	0.	4.4635e-002
948	2.4	1.875	0.	3.2523e-002
949	2.4	2.25	5.e-002	3.2959e-002
950	3.6	2.25	0.	7.286e-002
951	3.2	1.875	0.	5.7288e-002
952	3.2	2.25	5.e-002	5.79e-002
953	4.4	2.25	0.	0.10749
954	4.	1.875	0.	8.8624e-002
955	4.	2.25	5.e-002	8.9356e-002
956	5.2	2.25	0.	0.14831
957	4.8	1.875	0.	0.1263
958	4.8	2.25	5.e-002	0.12711
959	6.	2.25	0.	0.19507
960	5.6	1.875	0.	0.17009
961	5.6	2.25	5.e-002	0.17093
962	6.8	2.25	0.	0.24751
963	6.4	1.875	0.	0.21972
964	6.4	2.25	5.e-002	0.22057
965	7.6	2.25	0.	0.30538
966	7.2	1.875	0.	0.27492
967	7.2	2.25	5.e-002	0.27576
968	8.4	2.25	0.	0.3684
969	8.	1.875	0.	0.33542
970	8.	2.25	5.e-002	0.33624
971	9.2	2.25	0.	0.43628
972	8.8	1.875	0.	0.40093
973	8.8	2.25	5.e-002	0.40172
974	10.	2.25	0.	0.50874
975	9.6	1.875	0.	0.47117
976	9.6	2.25	5.e-002	0.47193
977	10.8	2.25	0.	0.58551
978	10.4	1.875	0.	0.54586
979	10.4	2.25	5.e-002	0.54658
980	11.6	2.25	0.	0.6663
981	11.2	1.875	0.	0.62472
982	11.2	2.25	5.e-002	0.62539
983	12.4	2.25	0.	0.75084
984	12.	1.875	0.	0.70747
985	12.	2.25	5.e-002	0.70809
986	13.2	2.25	0.	0.83885
987	12.8	1.875	0.	0.79382
988	12.8	2.25	5.e-002	0.79441
989	14.	2.25	0.	0.93007
990	13.6	1.875	0.	0.88352
991	13.6	2.25	5.e-002	0.88406
992	14.8	2.25	0.	1.0242
993	14.4	1.875	0.	0.97629
994	14.4	2.25	5.e-002	0.97679
995	15.6	2.25	0.	1.1211
996	15.2	1.875	0.	1.0719
997	15.2	2.25	5.e-002	1.0723
998	16.4	2.25	0.	1.2203
999	16.	1.875	0.	1.17
1000	16.	2.25	5.e-002	1.1704
1001	17.2	2.25	0.	1.3218
1002	16.8	1.875	0.	1.2704
1003	16.8	2.25	5.e-002	1.2708
1004	18.	2.25	0.	1.4252
1005	17.6	1.875	0.	1.3729
1006	17.6	2.25	5.e-002	1.3732
1007	18.8	2.25	0.	1.5302
1008	18.4	1.875	0.	1.4772
1009	18.4	2.25	5.e-002	1.4775
1010	19.6	2.25	0.	1.6367
1011	19.2	1.875	0.	1.583
1012	19.2	2.25	5.e-002	1.5833
1013	20.4	2.25	0.	1.7444
1014	20.	1.875	0.	1.6902
1015	20.	2.25	5.e-002	1.6904
1016	21.2	2.25	0.	1.8532
1017	20.8	1.875	0.	1.7985
1018	20.8	2.25	5.e-002	1.7987
1019	22.	2.25	0.	1.9627
1020	21.6	1.875	0.	1.9077
1021	21.6	2.25	5.e-002	1.9078
1022	22.8	2.25	0.	2.0728
1023	22.4	1.875	0.	2.0175
1024	22.4	2.25	5.e-002	2.0177
1025	23.2	1.875	0.	2.1278
1026	23.2	2.25	5.e-002	2.128
1027	23.6	2.25	0.	2.1833
1028	1.2	1.5	0.	7.9035e-003
1029	0.8	1.125	0.	3.3223e-003
1030	0.8	1.5	5.e-002	3.4639e-003
1031	0.4	1.5	0.	8.8527e-004
1032	2.	1.5	0.	2.2114e-002
1033	1.6	1.125	0.	1.3546e-002
1034	1.6	1.5	5.e-002	1.409e-002
1035	2.8	1.5	0.	4.3244e-002
1036	2.4	1.125	0.	3.0853e-002
1037	2.4	1.5	5.e-002	3.179e-002
1038	3.6	1.5	0.	7.1125e-002
1039	3.2	1.125	0.	5.509e-002
1040	3.2	1.5	5.e-002	5.632e-002
1041	4.4	1.5	0.	0.10554
1042	4.	1.125	0.	8.6079e-002
1043	4.	1.5	5.e-002	8.7497e-002
1044	5.2	1.5	0.	0.14623
1045	4.8	1.125	0.	0.12356
1046	4.8	1.5	5.e-002	0.12509
1047	6.	1.5	0.	0.19295
1048	5.6	1.125	0.	0.16725
1049	5.6	1.5	5.e-002	0.16883
1050	6.8	1.5	0.	0.2454
1051	6.4	1.125	0.	0.21687
1052	6.4	1.5	5.e-002	0.21845
1053	7.6	1.5	0.	0.30331
1054	7.2	1.125	0.	0.27211
1055	7.2	1.5	5.e-002	0.27367
1056	8.4	1.5	0.	0.36639
1057	8.	1.125	0.	0.33269
1058	8.	1.5	5.e-002	0.3342
1059	9.2	1.5	0.	0.43436
1060	8.8	1.125	0.	0.3983
1061	8.8	1.5	5.e-002	0.39976
1062	10.	1.5	0.	0.50691
1063	9.6	1.125	0.	0.46867
1064	9.6	1.5	5.e-002	0.47005
1065	10.8	1.5	0.	0.58378
1066	10.4	1.125	0.	0.54349
1067	10.4	1.5	5.e-002	0.5448
1068	11.6	1.5	0.	0.66468
1069	11.2	1.125	0.	0.62249
1070	11.2	1.5	5.e-002	0.62372
1071	12.4	1.5	0.	0.74933
1072	12.	1.125	0.	0.70538
1073	12.	1.5	5.e-002	0.70653
1074	13.2	1.5	0.	0.83745
1075	12.8	1.125	0.	0.79188
1076	12.8	1.5	5.e-002	0.79295
1077	14.	1.5	0.	0.92879
1078	13.6	1.125	0.	0.88173
1079	13.6	1.5	5.e-002	0.88272
1080	14.8	1.5	0.	1.0231
1081	14.4	1.125	0.	0.97464
1082	14.4	1.5	5.e-002	0.97555
1083	15.6	1.5	0.	1.12
1084	15.2	1.125	0.	1.0704
1085	15.2	1.5	5.e-002	1.0712
1086	16.4	1.5	0.	1.2194
1087	16.	1.125	0.	1.1686
1088	16.	1.5	5.e-002	1.1694
1089	17.2	1.5	0.	1.3209
1090	16.8	1.125	0.	1.2692
1091	16.8	1.5	5.e-002	1.2699
1092	18.	1.5	0.	1.4244
1093	17.6	1.125	0.	1.3718
1094	17.6	1.5	5.e-002	1.3724
1095	18.8	1.5	0.	1.5295
1096	18.4	1.125	0.	1.4762
1097	18.4	1.5	5.e-002	1.4767
1098	19.6	1.5	0.	1.6361
1099	19.2	1.125	0.	1.5822
1100	19.2	1.5	5.e-002	1.5827
1101	20.4	1.5	0.	1.7439
1102	20.	1.125	0.	1.6895
1103	20.	1.5	5.e-002	1.6899
1104	21.2	1.5	0.	1.8527
1105	20.8	1.125	0.	1.7979
1106	20.8	1.5	5.e-002	1.7982
1107	22.	1.5	0.	1.9623
1108	21.6	1.125	0.	1.9071
1109	21.6	1.5	5.e-002	1.9074
1110	22.8	1.5	0.	2.0724
1111	22.4	1.125	0.	2.0171
1112	22.4	1.5	5.e-002	2.0173
1113	23.2	1.125	0.	2.1274
1114	23.2	1.5	5.e-002	2.1276
1115	23.6	1.5	0.	2.1829
1116	1.2	0.75	0.	6.9948e-003
1117	0.8	0.75	5.e-002	3.0282e-003
1118	0.4	0.75	0.	7.8129e-004
1119	0.8	0.375	0.	2.6142e-003
1120	2.	0.75	0.	2.0247e-002
1121	1.6	0.75	5.e-002	1.2688e-002
1122	1.6	0.375	0.	1.157e-002
1123	2.8	0.75	0.	4.0629e-002
1124	2.4	0.75	5.e-002	2.9517e-002
1125	2.4	0.375	0.	2.7853e-002
1126	3.6	0.75	0.	6.8009e-002
1127	3.2	0.75	5.e-002	5.3426e-002
1128	3.2	0.375	0.	5.1414e-002
1129	4.4	0.75	0.	0.10212
1130	4.	0.75	5.e-002	8.421e-002
1131	4.	0.375	0.	8.1988e-002
1132	5.2	0.75	0.	0.14267
1133	4.8	0.75	5.e-002	0.12158
1134	4.8	0.375	0.	0.11925
1135	6.	0.75	0.	0.18934
1136	5.6	0.75	5.e-002	0.16523
1137	5.6	0.375	0.	0.16286
1138	6.8	0.75	0.	0.24183
1139	6.4	0.75	5.e-002	0.21485
1140	6.4	0.375	0.	0.2125
1141	7.6	0.75	0.	0.29983
1142	7.2	0.75	5.e-002	0.27013
1143	7.2	0.375	0.	0.26783
1144	8.4	0.75	0.	0.36303
1145	8.	0.75	5.e-002	0.33077
1146	8.	0.375	0.	0.32855
1147	9.2	0.75	0.	0.43114
1148	8.8	0.75	5.e-002	0.39646
1149	8.8	0.375	0.	0.39434
1150	10.	0.75	0.	0.50386
1151	9.6	0.75	5.e-002	0.46692
1152	9.6	0.375	0.	0.4649
1153	10.8	0.75	0.	0.5809
1154	10.4	0.75	5.e-002	0.54184
1155	10.4	0.375	0.	0.53993
1156	11.6	0.75	0.	0.66198
1157	11.2	0.75	5.e-002	0.62093
1158	11.2	0.375	0.	0.61914
1159	12.4	0.75	0.	0.74681
1160	12.	0.75	5.e-002	0.70392
1161	12.	0.375	0.	0.70225
1162	13.2	0.75	0.	0.83512
1163	12.8	0.75	5.e-002	0.79053
1164	12.8	0.375	0.	0.78897
1165	14.	0.75	0.	0.92664
1166	13.6	0.75	5.e-002	0.88048
1167	13.6	0.375	0.	0.87904
1168	14.8	0.75	0.	1.0211
1169	14.4	0.75	5.e-002	0.97349
1170	14.4	0.375	0.	0.97218
1171	15.6	0.75	0.	1.1182
1172	15.2	0.75	5.e-002	1.0693
1173	15.2	0.375	0.	1.0681
1174	16.4	0.75	0.	1.2178
1175	16.	0.75	5.e-002	1.1677
1176	16.	0.375	0.	1.1666
1177	17.2	0.75	0.	1.3195
1178	16.8	0.75	5.e-002	1.2684
1179	16.8	0.375	0.	1.2674
1180	18.	0.75	0.	1.4231
1181	17.6	0.75	5.e-002	1.3711
1182	17.6	0.375	0.	1.3702
1183	18.8	0.75	0.	1.5284
1184	18.4	0.75	5.e-002	1.4756
1185	18.4	0.375	0.	1.4748
1186	19.6	0.75	0.	1.6352
1187	19.2	0.75	5.e-002	1.5816
1188	19.2	0.375	0.	1.5809
1189	20.4	0.75	0.	1.7431
1190	20.	0.75	5.e-002	1.689
1191	20.	0.375	0.	1.6884
1192	21.2	0.75	0.	1.852
1193	20.8	0.75	5.e-002	1.7974
1194	20.8	0.375	0.	1.797
1195	22.	0.75	0.	1.9617
1196	21.6	0.75	5.e-002	1.9068
1197	21.6	0.375	0.	1.9064
1198	22.8	0.75	0.	2.0719
1199	22.4	0.75	5.e-002	2.0167
1200	22.4	0.375	0.	2.0164
1201	23.2	0.75	5.e-002	2.1271
1202	23.2	0.375	0.	2.1268
1203	23.6	0.75	0.	2.1824
1204	22.8	0.75	0.1	2.0719
1205	23.2	1.125	0.1	2.1274
1206	23.6	0.75	0.1	2.1824
1207	23.2	0.375	0.1	2.1268
1208	22.	0.75	0.1	1.9617
1209	22.4	1.125	0.1	2.0171
1210	22.4	0.375	0.1	2.0164
1211	21.2	0.75	0.1	1.852
1212	21.6	1.125	0.1	1.9071
1213	21.6	0.375	0.1	1.9064
1214	20.4	0.75	0.1	1.7431
1215	20.8	1.125	0.1	1.7979
1216	20.8	0.375	0.1	1.797
1217	19.6	0.75	0.1	1.6352
1218	20.	1.125	0.1	1.6895
1219	20.	0.375	0.1	1.6884
1220	18.8	0.75	0.1	1.5284
1221	19.2	1.125	0.1	1.5822
1222	19.2	0.375	0.1	1.5809
1223	18.	0.75	0.1	1.4231
1224	18.4	1.125	0.1	1.4762
1225	18.4	0.375	0.1	1.4748
1226	17.2	0.75	0.1	1.3195
1227	17.6	1.125	0.1	1.3718
1228	17.6	0.375	0.1	1.3702
1229	16.4	0.75	0.1	1.2178
1230	16.8	1.125	0.1	1.2692
1231	16.8	0.375	0.1	1.2674
1232	15.6	0.75	0.1	1.1182
1233	16.	1.125	0.1	1.1686
1234	16.	0.375	0.1	1.1666
1235	14.8	0.75	0.1	1.0211
1236	15.2	1.125	0.1	1.0704
1237	15.2	0.375	0.1	1.0681
1238	14.	0.75	0.1	0.92664
1239	14.4	1.125	0.1	0.97464
1240	14.4	0.375	0.1	0.97218
1241	13.2	0.75	0.1	0.83512
1242	13.6	1.125	0.1	0.88173
1243	13.6	0.375	0.1	0.87904
1244	12.4	0.75	0.1	0.74681
1245	12.8	1.125	0.1	0.79188
1246	12.8	0.375	0.1	0.78897
1247	11.6	0.75	0.1	0.66198
1248	12.	1.125	0.1	0.70538
1249	12.	0.375	0.1	0.70225
1250	10.8	0.75	0.1	0.5809
1251	11.2	1.125	0.1	0.62249
1252	11.2	0.375	0.1	0.61914
1253	10.	0.75	0.1	0.50386
1254	10.4	1.125	0.1	0.54349
1255	10.4	0.375	0.1	0.53993
1256	9.2	0.75	0.1	0.43114
1257	9.6	1.125	0.1	0.46867
1258	9.6	0.375	0.1	0.4649
1259	8.4	0.75	0.1	0.36303
1260	8.8	1.125	0.1	0.3983
1261	8.8	0.375	0.1	0.39434
1262	7.6	0.75	0.1	0.29983
1263	8.	1.125	0.1	0.33269
1264	8.	0.375	0.1	0.32855
1265	6.8	0.75	0.1	0.24183
1266	7.2	1.125	0.1	0.27211
1267	7.2	0.375	0.1	0.26783
1268	6.	0.75	0.1	0.18934
1269	6.4	1.125	0.1	0.21687
1270	6.4	0.375	0.1	0.2125
1271	5.2	0.75	0.1	0.14267
1272	5.6	1.125	0.1	0.16725
1273	5.6	0.375	0.1	0.16286
1274	4.4	0.75	0.1	0.10212
1275	4.8	1.125	0.1	0.12356
1276	4.8	0.375	0.1	0.11925
1277	3.6	0.75	0.1	6.8009e-002
1278	4.	1.125	0.1	8.6079e-002
1279	4.	0.375	0.1	8.1988e-002
1280	2.8	0.75	0.1	4.0629e-002
1281	3.2	1.125	0.1	5.509e-002
1282	3.2	0.375	0.1	5.1414e-002
1283	2.	0.75	0.1	2.0247e-002
1284	2.4	1.125	0.1	3.0853e-002
1285	2.4	0.375	0.1	2.7853e-002
1286	1.2	0.75	0.1	6.9948e-003
1287	1.6	1.125	0.1	1.3546e-002
1288	1.6	0.375	0.1	1.157e-002
1289	0.8	1.125	0.1	3.3223e-003
1290	0.8	0.375	0.1	2.6142e-003
1291	0.4	0.75	0.1	7.8129e-004
1292	22.8	1.5	0.1	2.0724
1293	23.2	1.875	0.1	2.1278
1294	23.6	1.5	0.1	2.1829
1295	22.	1.5	0.1	1.9623
1296	22.4	1.875	0.1	2.0175
1297	21.2	1.5	0.1	1.8527
1298	21.6	1.875	0.1	1.9077
1299	20.4	1.5	0.1	1.7439
1300	20.8	1.875	0.1	1.7985
1301	19.6	1.5	0.1	1.6361
1302	20.	1.875	0.1	1.6902
1303	18.8	1.5	0.1	1.5295
1304	19.2	1.875	0.1	1.583
1305	18.	1.5	0.1	1.4244
1306	18.4	1.875	0.1	1.4772
1307	17.2	1.5	0.1	1.3209
1308	17.6	1.875	0.1	1.3729
1309	16.4	1.5	0.1	1.2194
1310	16.8	1.875	0.1	1.2704
1311	15.6	1.5	0.1	1.12
1312	16.	1.875	0.1	1.17
1313	14.8	1.5	0.1	1.0231
1314	15.2	1.875	0.1	1.0719
1315	14.	1.5	0.1	0.92879
1316	14.4	1.875	0.1	0.97629
1317	13.2	1.5	0.1	0.83745
1318	13.6	1.875	0.1	0.88352
1319	12.4	1.5	0.1	0.74933
1320	12.8	1.875	0.1	0.79382
1321	11.6	1.5	0.1	0.66468
1322	12.	1.875	0.1	0.70747
1323	10.8	1.5	0.1	0.58378
1324	11.2	1.875	0.1	0.62472
1325	10.	1.5	0.1	0.50691
1326	10.4	1.875	0.1	0.54586
1327	9.2	1.5	0.1	0.43436
1328	9.6	1.875	0.1	0.47117
1329	8.4	1.5	0.1	0.36639
1330	8.8	1.875	0.1	0.40093
1331	7.6	1.5	0.1	0.30331
1332	8.	1.875	0.1	0.33542
1333	6.8	1.5	0.1	0.2454
1334	7.2	1.875	0.1	0.27492
1335	6.	1.5	0.1	0.19295
1336	6.4	1.875	0.1	0.21972
1337	5.2	1.5	0.1	0.14623
1338	5.6	1.875	0.1	0.17009
1339	4.4	1.5	0.1	0.10554
1340	4.8	1.875	0.1	0.1263
1341	3.6	1.5	0.1	7.1125e-002
1342	4.	1.875	0.1	8.8624e-002
1343	2.8	1.5	0.1	4.3244e-002
1344	3.2	1.875	0.1	5.7288e-002
1345	2.	1.5	0.1	2.2114e-002
1346	2.4	1.875	0.1	3.2523e-002
1347	1.2	1.5	0.1	7.9035e-003
1348	1.6	1.875	0.1	1.4521e-002
1349	0.8	1.875	0.1	3.6075e-003
1350	0.4	1.5	0.1	8.8527e-004
1351	22.8	2.25	0.1	2.0728
1352	23.2	2.625	0.1	2.1281
1353	23.6	2.25	0.1	2.1833
1354	22.	2.25	0.1	1.9627
1355	22.4	2.625	0.1	2.0178
1356	21.2	2.25	0.1	1.8532
1357	21.6	2.625	0.1	1.908
1358	20.4	2.25	0.1	1.7444
1359	20.8	2.625	0.1	1.7988
1360	19.6	2.25	0.1	1.6367
1361	20.	2.625	0.1	1.6906
1362	18.8	2.25	0.1	1.5302
1363	19.2	2.625	0.1	1.5835
1364	18.	2.25	0.1	1.4252
1365	18.4	2.625	0.1	1.4777
1366	17.2	2.25	0.1	1.3218
1367	17.6	2.625	0.1	1.3735
1368	16.4	2.25	0.1	1.2203
1369	16.8	2.625	0.1	1.271
1370	15.6	2.25	0.1	1.1211
1371	16.	2.625	0.1	1.1707
1372	14.8	2.25	0.1	1.0242
1373	15.2	2.625	0.1	1.0726
1374	14.	2.25	0.1	0.93007
1375	14.4	2.625	0.1	0.97711
1376	13.2	2.25	0.1	0.83885
1377	13.6	2.625	0.1	0.88442
1378	12.4	2.25	0.1	0.75084
1379	12.8	2.625	0.1	0.79479
1380	11.6	2.25	0.1	0.6663
1381	12.	2.625	0.1	0.70851
1382	10.8	2.25	0.1	0.58551
1383	11.2	2.625	0.1	0.62583
1384	10.	2.25	0.1	0.50874
1385	10.4	2.625	0.1	0.54705
1386	9.2	2.25	0.1	0.43628
1387	9.6	2.625	0.1	0.47242
1388	8.4	2.25	0.1	0.3684
1389	8.8	2.625	0.1	0.40224
1390	7.6	2.25	0.1	0.30538
1391	8.	2.625	0.1	0.33677
1392	6.8	2.25	0.1	0.24751
1393	7.2	2.625	0.1	0.27631
1394	6.	2.25	0.1	0.19507
1395	6.4	2.625	0.1	0.22112
1396	5.2	2.25	0.1	0.14831
1397	5.6	2.625	0.1	0.17148
1398	4.4	2.25	0.1	0.10749
1399	4.8	2.625	0.1	0.12764
1400	3.6	2.25	0.1	7.286e-002
1401	4.	2.625	0.1	8.9838e-002
1402	2.8	2.25	0.1	4.4635e-002
1403	3.2	2.625	0.1	5.8309e-002
1404	2.	2.25	0.1	2.3033e-002
1405	2.4	2.625	0.1	3.3263e-002
1406	1.2	2.25	0.1	8.2984e-003
1407	1.6	2.625	0.1	1.4921e-002
1408	0.8	2.625	0.1	3.7203e-003
1409	0.4	2.25	0.1	9.3433e-004
1410	22.8	3.	0.1	2.0729
1411	23.2	3.375	0.1	2.1281
1412	23.6	3.	0.1	2.1834
1413	22.	3.	0.1	1.9628
1414	22.4	3.375	0.1	2.0178
1415	21.2	3.	0.1	1.8533
1416	21.6	3.375	0.1	1.908
1417	20.4	3.	0.1	1.7446
1418	20.8	3.375	0.1	1.7988
1419	19.6	3.	0.1	1.6369
1420	20.	3.375	0.1	1.6906
1421	18.8	3.	0.1	1.5304
1422	19.2	3.375	0.1	1.5835
1423	18.	3.	0.1	1.4254
1424	18.4	3.375	0.1	1.4777
1425	17.2	3.	0.1	1.3221
1426	17.6	3.375	0.1	1.3735
1427	16.4	3.	0.1	1.2207
1428	16.8	3.375	0.1	1.271
1429	15.6	3.	0.1	1.1214
1430	16.	3.375	0.1	1.1707
1431	14.8	3.	0.1	1.0246
1432	15.2	3.375	0.1	1.0726
1433	14.	3.	0.1	0.93051
1434	14.4	3.375	0.1	0.97711
1435	13.2	3.	0.1	0.83932
1436	13.6	3.375	0.1	0.88442
1437	12.4	3.	0.1	0.75134
1438	12.8	3.375	0.1	0.79479
1439	11.6	3.	0.1	0.66684
1440	12.	3.375	0.1	0.70851
1441	10.8	3.	0.1	0.58608
1442	11.2	3.375	0.1	0.62583
1443	10.	3.	0.1	0.50935
1444	10.4	3.375	0.1	0.54705
1445	9.2	3.	0.1	0.43692
1446	9.6	3.375	0.1	0.47242
1447	8.4	3.	0.1	0.36906
1448	8.8	3.375	0.1	0.40224
1449	7.6	3.	0.1	0.30607
1450	8.	3.375	0.1	0.33677
1451	6.8	3.	0.1	0.24821
1452	7.2	3.375	0.1	0.27631
1453	6.	3.	0.1	0.19576
1454	6.4	3.375	0.1	0.22112
1455	5.2	3.	0.1	0.14898
1456	5.6	3.375	0.1	0.17148
1457	4.4	3.	0.1	0.10812
1458	4.8	3.375	0.1	0.12764
1459	3.6	3.	0.1	7.3415e-002
1460	4.	3.375	0.1	8.9838e-002
1461	2.8	3.	0.1	4.507e-002
1462	3.2	3.375	0.1	5.8309e-002
1463	2.	3.	0.1	2.3309e-002
1464	2.4	3.375	0.1	3.3263e-002
1465	1.2	3.	0.1	8.41e-003
1466	1.6	3.375	0.1	1.4921e-002
1467	0.8	3.375	0.1	3.7203e-003
1468	0.4	3.	0.1	9.4947e-004
1469	22.8	3.75	0.1	2.0728
1470	23.2	4.125	0.1	2.1278
1471	23.6	3.75	0.1	2.1833
1472	22.	3.75	0.1	1.9627
1473	22.4	4.125	0.1	2.0175
1474	21.2	3.75	0.1	1.8532
1475	21.6	4.125	0.1	1.9077
1476	20.4	3.75	0.1	1.7444
1477	20.8	4.125	0.1	1.7985
1478	19.6	3.75	0.1	1.6367
1479	20.	4.125	0.1	1.6902
1480	18.8	3.75	0.1	1.5302
1481	19.2	4.125	0.1	1.583
1482	18.	3.75	0.1	1.4252
1483	18.4	4.125	0.1	1.4772
1484	17.2	3.75	0.1	1.3218
1485	17.6	4.125	0.1	1.3729
1486	16.4	3.75	0.1	1.2203
1487	16.8	4.125	0.1	1.2704
1488	15.6	3.75	0.1	1.1211
1489	16.	4.125	0.1	1.17
1490	14.8	3.75	0.1	1.0242
1491	15.2	4.125	0.1	1.0719
1492	14.	3.75	0.1	0.93008
1493	14.4	4.125	0.1	0.97629
1494	13.2	3.75	0.1	0.83885
1495	13.6	4.125	0.1	0.88352
1496	12.4	3.75	0.1	0.75084
1497	12.8	4.125	0.1	0.79382
1498	11.6	3.75	0.1	0.6663
1499	12.	4.125	0.1	0.70747
1500	10.8	3.75	0.1	0.58551
1501	11.2	4.125	0.1	0.62472
1502	10.	3.75	0.1	0.50874
1503	10.4	4.125	0.1	0.54586
1504	9.2	3.75	0.1	0.43628
1505	9.6	4.125	0.1	0.47117
1506	8.4	3.75	0.1	0.3684
1507	8.8	4.125	0.1	0.40093
1508	7.6	3.75	0.1	0.30538
1509	8.	4.125	0.1	0.33542
1510	6.8	3.75	0.1	0.24751
1511	7.2	4.125	0.1	0.27492
1512	6.	3.75	0.1	0.19507
1513	6.4	4.125	0.1	0.21972
1514	5.2	3.75	0.1	0.14831
1515	5.6	4.125	0.1	0.17009
1516	4.4	3.75	0.1	0.10749
1517	4.8	4.125	0.1	0.1263
1518	3.6	3.75	0.1	7.286e-002
1519	4.	4.125	0.1	8.8624e-002
1520	2.8	3.75	0.1	4.4635e-002
1521	3.2	4.125	0.1	5.7288e-002
1522	2.	3.75	0.1	2.3033e-002
1523	2.4	4.125	0.1	3.2523e-002
1524	1.2	3.75	0.1	8.2984e-003
1525	1.6	4.125	0.1	1.4521e-002
1526	0.8	4.125	0.1	3.6075e-003
1527	0.4	3.75	0.1	9.3433e-004
1528	22.8	4.5	0.1	2.0724
1529	23.2	4.875	0.1	2.1274
1530	23.6	4.5	0.1	2.1829
1531	22.	4.5	0.1	1.9623
1532	22.4	4.875	0.1	2.0171
1533	21.2	4.5	0.1	1.8527
1534	21.6	4.875	0.1	1.9071
1535	20.4	4.5	0.1	1.7439
1536	20.8	4.875	0.1	1.7979
1537	19.6	4.5	0.1	1.6361
1538	20.	4.875	0.1	1.6895
1539	18.8	4.5	0.1	1.5295
1540	19.2	4.875	0.1	1.5822
1541	18.	4.5	0.1	1.4244
1542	18.4	4.875	0.1	1.4762
1543	17.2	4.5	0.1	1.3209
1544	17.6	4.875	0.1	1.3718
1545	16.4	4.5	0.1	1.2194
1546	16.8	4.875	0.1	1.2692
1547	15.6	4.5	0.1	1.12
1548	16.	4.875	0.1	1.1686
1549	14.8	4.5	0.1	1.0231
1550	15.2	4.875	0.1	1.0704
1551	14.	4.5	0.1	0.92879
1552	14.4	4.875	0.1	0.97464
1553	13.2	4.5	0.1	0.83745
1554	13.6	4.875	0.1	0.88173
1555	12.4	4.5	0.1	0.74933
1556	12.8	4.875	0.1	0.79188
1557	11.6	4.5	0.1	0.66468
1558	12.	4.875	0.1	0.70538
1559	10.8	4.5	0.1	0.58378
1560	11.2	4.875	0.1	0.62249
1561	10.	4.5	0.1	0.50691
1562	10.4	4.875	0.1	0.54349
1563	9.2	4.5	0.1	0.43436
1564	9.6	4.875	0.1	0.46867
1565	8.4	4.5	0.1	0.36639
1566	8.8	4.875	0.1	0.3983
1567	7.6	4.5	0.1	0.30331
1568	8.	4.875	0.1	0.33269
1569	6.8	4.5	0.1	0.2454
1570	7.2	4.875	0.1	0.27211
1571	6.	4.5	0.1	0.19295
1572	6.4	4.875	0.1	0.21687
1573	5.2	4.5	0.1	0.14623
1574	5.6	4.875	0.1	0.16725
1575	4.4	4.5	0.1	0.10554
1576	4.8	4.875	0.1	0.12356
1577	3.6	4.5	0.1	7.1125e-002
1578	4.	4.875	0.1	8.6079e-002
1579	2.8	4.5	0.1	4.3244e-002
1580	3.2	4.875	0.1	5.509e-002
1581	2.	4.5	0.1	2.2114e-002
1582	2.4	4.875	0.1	3.0853e-002
1583	1.2	4.5	0.1	7.9035e-003
1584	1.6	4.875	0.1	1.3546e-002
1585	0.8	4.875	0.1	3.3223e-003
1586	0.4	4.5	0.1	8.8527e-004
1587	22.8	5.25	0.1	2.0719
1588	23.2	5.625	0.1	2.1268
1589	23.6	5.25	0.1	2.1824
1590	22.	5.25	0.1	1.9617
1591	22.4	5.625	0.1	2.0164
1592	21.2	5.25	0.1	1.852
1593	21.6	5.625	0.1	1.9064
1594	20.4	5.25	0.1	1.7431
1595	20.8	5.625	0.1	1.797
1596	19.6	5.25	0.1	1.6352
1597	20.	5.625	0.1	1.6884
1598	18.8	5.25	0.1	1.5284
1599	19.2	5.625	0.1	1.5809
1600	18.	5.25	0.1	1.4231
1601	18.4	5.625	0.1	1.4748
1602	17.2	5.25	0.1	1.3195
1603	17.6	5.625	0.1	1.3702
1604	16.4	5.25	0.1	1.2178
1605	16.8	5.625	0.1	1.2674
1606	15.6	5.25	0.1	1.1182
1607	16.	5.625	0.1	1.1666
1608	14.8	5.25	0.1	1.0211
1609	15.2	5.625	0.1	1.0681
1610	14.	5.25	0.1	0.92664
1611	14.4	5.625	0.1	0.97218
1612	13.2	5.25	0.1	0.83512
1613	13.6	5.625	0.1	0.87904
1614	12.4	5.25	0.1	0.74681
1615	12.8	5.625	0.1	0.78897
1616	11.6	5.25	0.1	0.66198
1617	12.	5.625	0.1	0.70225
1618	10.8	5.25	0.1	0.5809
1619	11.2	5.625	0.1	0.61914
1620	10.	5.25	0.1	0.50386
1621	10.4	5.625	0.1	0.53993
1622	9.2	5.25	0.1	0.43114
1623	9.6	5.625	0.1	0.4649
1624	8.4	5.25	0.1	0.36303
1625	8.8	5.625	0.1	0.39434
1626	7.6	5.25	0.1	0.29983
1627	8.	5.625	0.1	0.32855
1628	6.8	5.25	0.1	0.24183
1629	7.2	5.625	0.1	0.26783
1630	6.	5.25	0.1	0.18934
1631	6.4	5.625	0.1	0.2125
1632	5.2	5.25	0.1	0.14267
1633	5.6	5.625	0.1	0.16286
1634	4.4	5.25	0.1	0.10212
1635	4.8	5.625	0.1	0.11925
1636	3.6	5.25	0.1	6.8009e-002
1637	4.	5.625	0.1	8.1988e-002
1638	2.8	5.25	0.1	4.0629e-002
1639	3.2	5.625	0.1	5.1414e-002
1640	2.	5.25	0.1	2.0247e-002
1641	2.4	5.625	0.1	2.7853e-002
1642	1.2	5.25	0.1	6.9948e-003
1643	1.6	5.625	0.1	1.157e-002
1644	0.8	5.625	0.1	2.6142e-003
1645	0.4	5.25	0.1	7.8129e-004
1646	1.2	6.	0.1	4.9956e-003
1647	0.4	6.	0.1	3.9255e-004
1648	0.8	6.	5.e-002	1.863e-003
1649	2.	6.	0.1	1.687e-002
1650	1.6	6.	5.e-002	9.9303e-003
1651	2.8	6.	0.1	3.6378e-002
1652	2.4	6.	5.e-002	2.565e-002
1653	3.6	6.	0.1	6.3221e-002
1654	3.2	6.	5.e-002	4.887e-002
1655	4.4	6.	0.1	9.7039e-002
1656	4.	6.	5.e-002	7.9247e-002
1657	5.2	6.	0.1	0.13747
1658	4.8	6.	5.e-002	0.11642
1659	6.	6.	0.1	0.18414
1660	5.6	6.	5.e-002	0.16002
1661	6.8	6.	0.1	0.23673
1662	6.4	6.	5.e-002	0.20969
1663	7.6	6.	0.1	0.29488
1664	7.2	6.	5.e-002	0.2651
1665	8.4	6.	0.1	0.35827
1666	8.	6.	5.e-002	0.32591
1667	9.2	6.	0.1	0.42661
1668	8.8	6.	5.e-002	0.39182
1669	10.	6.	0.1	0.49957
1670	9.6	6.	5.e-002	0.4625
1671	10.8	6.	0.1	0.57686
1672	10.4	6.	5.e-002	0.53767
1673	11.6	6.	0.1	0.6582
1674	11.2	6.	5.e-002	0.61702
1675	12.4	6.	0.1	0.74329
1676	12.	6.	5.e-002	0.70027
1677	13.2	6.	0.1	0.83186
1678	12.8	6.	5.e-002	0.78714
1679	14.	6.	0.1	0.92363
1680	13.6	6.	5.e-002	0.87734
1681	14.8	6.	0.1	1.0183
1682	14.4	6.	5.e-002	0.97062
1683	15.6	6.	0.1	1.1157
1684	15.2	6.	5.e-002	1.0667
1685	16.4	6.	0.1	1.2155
1686	16.	6.	5.e-002	1.1653
1687	17.2	6.	0.1	1.3175
1688	16.8	6.	5.e-002	1.2662
1689	18.	6.	0.1	1.4213
1690	17.6	6.	5.e-002	1.3692
1691	18.8	6.	0.1	1.5269
1692	18.4	6.	5.e-002	1.4739
1693	19.6	6.	0.1	1.6338
1694	19.2	6.	5.e-002	1.5802
1695	20.4	6.	0.1	1.742
1696	20.	6.	5.e-002	1.6877
1697	21.2	6.	0.1	1.8511
1698	20.8	6.	5.e-002	1.7964
1699	22.	6.	0.1	1.9609
1700	21.6	6.	5.e-002	1.9059
1701	22.8	6.	0.1	2.0712
1702	22.4	6.	5.e-002	2.016
1703	23.6	6.	0.1	2.1818
1704	23.2	6.	5.e-002	2.1265
1705	24.	5.625	0.1	2.2375
1706	24.	6.	5.e-002	2.2372
1707	24.	4.875	0.1	2.238
1708	24.	5.25	5.e-002	2.2378
1709	24.	4.125	0.1	2.2384
1710	24.	4.5	5.e-002	2.2382
1711	24.	3.375	0.1	2.2386
1712	24.	3.75	5.e-002	2.2386
1713	24.	2.625	0.1	2.2386
1714	24.	3.	5.e-002	2.2387
1715	24.	1.875	0.1	2.2384
1716	24.	2.25	5.e-002	2.2386
1717	24.	1.125	0.1	2.238
1718	24.	1.5	5.e-002	2.2382
1719	24.	0.375	0.1	2.2375
1720	24.	0.75	5.e-002	2.2378
1721	23.6	0.	0.1	2.1818
1722	24.	0.	5.e-002	2.2372
1723	22.8	0.	0.1	2.0712
1724	23.2	0.	5.e-002	2.1265
1725	22.	0.	0.1	1.9609
1726	22.4	0.	5.e-002	2.016
1727	21.2	0.	0.1	1.8511
1728	21.6	0.	5.e-002	1.9059
1729	20.4	0.	0.1	1.742
1730	20.8	0.	5.e-002	1.7964
1731	19.6	0.	0.1	1.6338
1732	20.	0.	5.e-002	1.6877
1733	18.8	0.	0.1	1.5269
1734	19.2	0.	5.e-002	1.5802
1735	18.	0.	0.1	1.4213
1736	18.4	0.	5.e-002	1.4739
1737	17.2	0.	0.1	1.3175
1738	17.6	0.	5.e-002	1.3692
1739	16.4	0.	0.1	1.2155
1740	16.8	0.	5.e-002	1.2662
1741	15.6	0.	0.1	1.1157
1742	16.	0.	5.e-002	1.1653
1743	14.8	0.	0.1	1.0183
1744	15.2	0.	5.e-002	1.0667
1745	14.	0.	0.1	0.92363
1746	14.4	0.	5.e-002	0.97062
1747	13.2	0.	0.1	0.83186
1748	13.6	0.	5.e-002	0.87734
1749	12.4	0.	0.1	0.74329
1750	12.8	0.	5.e-002	0.78714
1751	11.6	0.	0.1	0.6582
1752	12.	0.	5.e-002	0.70027
1753	10.8	0.	0.1	0.57686
1754	11.2	0.	5.e-002	0.61702
1755	10.	0.	0.1	0.49957
1756	10.4	0.	5.e-002	0.53767
1757	9.2	0.	0.1	0.42661
1758	9.6	0.	5.e-002	0.4625
1759	8.4	0.	0.1	0.35827
1760	8.8	0.	5.e-002	0.39182
1761	7.6	0.	0.1	0.29488
1762	8.	0.	5.e-002	0.32591
1763	6.8	0.	0.1	0.23673
1764	7.2	0.	5.e-002	0.2651
1765	6.	0.	0.1	0.18414
1766	6.4	0.	5.e-002	0.20969
1767	5.2	0.	0.1	0.13747
1768	5.6	0.	5.e-002	0.16002
1769	4.4	0.	0.1	9.7039e-002
1770	4.8	0.	5.e-002	0.11642
1771	3.6	0.	0.1	6.3221e-002
1772	4.	0.	5.e-002	7.9247e-002
1773	2.8	0.	0.1	3.6378e-002
1774	3.2	0.	5.e-002	4.887e-002
1775	2.	0.	0.1	1.687e-002
1776	2.4	0.	5.e-002	2.565e-002
1777	1.2	0.	0.1	4.9956e-003
1778	1.6	0.	5.e-002	9.9303e-003
1779	0.4	0.	0.1	3.9255e-004
1780	0.8	0.	5.e-002	1.863e-003
1781	3.2782e-015	0.375	0.1	0.
1782	0.	0.	5.e-002	0.
1783	9.8347e-015	1.125	0.1	0.
1784	6.6451e-015	0.75	5.e-002	0.
1785	1.6391e-014	1.875	0.1	0.
1786	1.329e-014	1.5	5.e-002	0.
1787	2.2948e-014	2.625	0.1	0.
1788	1.9935e-014	2.25	5.e-002	0.
1789	2.9504e-014	3.375	0.1	0.
1790	2.6581e-014	3.	5.e-002	0.
1791	3.606e-014	4.125	0.1	0.
1792	3.3226e-014	3.75	5.e-002	0.
1793	4.2617e-014	4.875	0.1	0.
1794	3.9871e-014	4.5	5.e-002	0.
1795	4.9173e-014	5.625	0.1	0.
1796	4.6516e-014	5.25	5.e-002	0.
1797	5.2451e-014	6.	5.e-002	0.
1798	4.2617e-014	4.875	0.	0.
1799	4.9173e-014	5.625	0.	0.
1800	3.606e-014	4.125	0.	0.
1801	2.9504e-014	3.375	0.	0.
1802	2.2948e-014	2.625	0.	0.
1803	1.6391e-014	1.875	0.	0.
1804	9.8347e-015	1.125	0.	0.
1805	3.2782e-015	0.375	0.	0.
1806	0.4	6.	0.	3.9255e-004
1807	0.4	0.	0.	3.9255e-004
1808	1.2	0.	0.	4.9956e-003
1809	2.	0.	0.	1.687e-002
1810	2.8	0.	0.	3.6378e-002
1811	3.6	0.	0.	6.3221e-002
1812	4.4	0.	0.	9.7039e-002
1813	5.2	0.	0.	0.13747
1814	6.	0.	0.	0.18414
1815	6.8	0.	0.	0.23673
1816	7.6	0.	0.	0.29488
1817	8.4	0.	0.	0.35827
1818	9.2	0.	0.	0.42661
1819	10.	0.	0.	0.49957
1820	10.8	0.	0.	0.57686
1821	11.6	0.	0.	0.6582
1822	12.4	0.	0.	0.74329
1823	13.2	0.	0.	0.83186
1824	14.	0.	0.	0.92363
1825	14.8	0.	0.	1.0183
1826	15.6	0.	0.	1.1157
1827	16.4	0.	0.	1.2155
1828	17.2	0.	0.	1.3175
1829	18.	0.	0.	1.4213
1830	18.8	0.	0.	1.5269
1831	19.6	0.	0.	1.6338
1832	20.4	0.	0.	1.742
1833	21.2	0.	0.	1.8511
1834	22.	0.	0.	1.9609
1835	22.8	0.	0.	2.0712
1836	23.6	0.	0.	2.1818
1837	24.	0.375	0.	2.2375
1838	24.	1.125	0.	2.238
1839	24.	1.875	0.	2.2384
1840	24.	2.625	0.	2.2386
1841	24.	3.375	0.	2.2386
1842	24.	4.125	0.	2.2384
1843	24.	4.875	0.	2.238
1844	24.	5.625	0.	2.2375
1845	23.6	6.	0.	2.1818
1846	22.8	6.	0.	2.0712
1847	22.	6.	0.	1.9609
1848	21.2	6.	0.	1.8511
1849	20.4	6.	0.	1.742
1850	19.6	6.	0.	1.6338
1851	18.8	6.	0.	1.5269
1852	18.	6.	0.	1.4213
1853	17.2	6.	0.	1.3175
1854	16.4	6.	0.	1.2155
1855	15.6	6.	0.	1.1157
1856	14.8	6.	0.	1.0183
1857	14.	6.	0.	0.92363
1858	13.2	6.	0.	0.83186
1859	12.4	6.	0.	0.74329
1860	11.6	6.	0.	0.6582
1861	10.8	6.	0.	0.57686
1862	10.	6.	0.	0.49957
1863	9.2	6.	0.	0.42661
1864	8.4	6.	0.	0.35827
1865	7.6	6.	0.	0.29488
1866	6.8	6.	0.	0.23673
1867	6.	6.	0.	0.18414
1868	5.2	6.	0.	0.13747
1869	4.4	6.	0.	9.7039e-002
1870	3.6	6.	0.	6.3221e-002
1871	2.8	6.	0.	3.6378e-002
1872	2.	6.	0.	1.687e-002
1873	1.2	6.	0.	4.9956e-003
