Node Number	X Location (in)	Y Location (in)	Z Location (in)	Maximum Principal Elastic Strain (in/in)
1	4.7946	2.2491	0.	4.4877e-005
2	3.8621	2.936	0.	1.1874e-004
3	4.9264	4.7099	0.	5.2033e-005
4	2.3019	0.89817	0.	3.9971e-005
5	2.7937	2.2634	0.	5.455e-005
6	4.8397	0.59063	0.	3.5533e-005
7	2.3152	4.1617	0.	4.1921e-005
8	2.9932	4.0016	0.	6.9215e-005
9	4.6643	5.4639	0.	3.5221e-005
10	5.334	4.2159	0.	4.4313e-005
11	2.3132	5.1198	0.	3.9283e-005
12	1.1314	4.9106	0.	7.9294e-005
13	1.1334	3.7533	0.	9.0011e-005
14	1.1418	1.1377	0.	7.7634e-005
15	5.7317	1.1086	0.	3.0076e-005
16	7.0244	1.1652	0.	2.8739e-005
17	8.2121	1.1903	0.	2.4441e-005
18	9.3744	1.2022	0.	2.0957e-005
19	10.524	1.2039	0.	1.7648e-005
20	11.67	1.1967	0.	1.515e-005
21	12.795	1.2008	0.	1.2841e-005
22	13.909	1.2087	0.	1.0695e-005
23	15.022	1.2056	0.	8.7352e-006
24	16.137	1.1974	0.	6.9651e-006
25	17.26	1.1927	0.	5.3989e-006
26	18.384	1.1803	0.	4.0647e-006
27	19.506	1.1809	0.	2.9693e-006
28	20.628	1.1817	0.	2.0971e-006
29	21.751	1.1848	0.	1.4441e-006
30	22.872	1.1948	0.	1.0014e-006
31	22.866	4.8135	0.	1.0014e-006
32	21.744	4.8102	0.	1.452e-006
33	20.623	4.8099	0.	2.1058e-006
34	19.5	4.8086	0.	2.9815e-006
35	18.379	4.8078	0.	4.0828e-006
36	17.256	4.8094	0.	5.3982e-006
37	16.134	4.7989	0.	6.9697e-006
38	15.031	4.8412	0.	8.6855e-006
39	13.904	4.8187	0.	1.0703e-005
40	12.781	4.8112	0.	1.2843e-005
41	11.647	4.8068	0.	1.5149e-005
42	10.497	4.798	0.	1.7792e-005
43	9.3186	4.7815	0.	2.0962e-005
44	8.0868	4.7617	0.	2.6402e-005
45	6.6692	4.7487	0.	2.8745e-005
46	5.706	5.2591	0.	3.2805e-005
47	5.8591	2.2813	0.	3.801e-005
48	6.9537	2.3208	0.	2.9714e-005
49	8.1518	2.3678	0.	2.5359e-005
50	9.3331	2.4005	0.	2.1231e-005
51	10.517	2.4036	0.	1.77e-005
52	11.66	2.4049	0.	1.505e-005
53	12.792	2.412	0.	1.2831e-005
54	13.903	2.4197	0.	1.0759e-005
55	15.005	2.4152	0.	8.8469e-006
56	16.125	2.3909	0.	7.1059e-006
57	17.251	2.3811	0.	5.5848e-006
58	18.38	2.3828	0.	4.2694e-006
59	19.505	2.3834	0.	3.1886e-006
60	20.627	2.3852	0.	2.3427e-006
61	6.8868	3.5087	0.	2.9166e-005
62	21.752	2.3878	0.	1.729e-006
63	22.876	2.3926	0.	1.346e-006
64	18.364	3.5743	0.	4.266e-006
65	17.245	3.5755	0.	5.5858e-006
66	19.491	3.5753	0.	3.1782e-006
67	20.612	3.5774	0.	2.336e-006
68	21.734	3.5824	0.	1.7277e-006
69	22.869	3.6018	0.	1.3416e-006
70	16.133	3.6019	0.	7.1078e-006
71	15.022	3.6181	0.	8.8517e-006
72	13.907	3.6221	0.	1.0749e-005
73	11.649	3.6066	0.	1.5042e-005
74	10.508	3.5974	0.	1.7817e-005
75	9.3044	3.5894	0.	2.1114e-005
76	8.0835	3.5778	0.	2.6157e-005
77	12.778	3.6129	0.	1.2851e-005
78	4.4955	5.0577	0.	3.6039e-005
79	2.4369	1.6597	0.	4.4401e-005
80	3.2378	2.711	0.	7.5446e-005
81	1.303	2.4442	0.	8.525e-005
82	3.0435	3.3905	0.	7.2553e-005
83	4.5346	3.1865	0.	6.0155e-005
84	4.5316	1.0349	0.	3.3767e-005
85	4.787	1.512	0.	4.7864e-005
86	5.6625	3.334	0.	4.4183e-005
87	2.2742	3.054	0.	6.6895e-005
88	2.2742	3.054	0.1	1.5456e-004
89	5.6625	3.334	0.1	1.1407e-004
90	4.787	1.512	0.1	1.0133e-004
91	4.5316	1.0349	0.1	6.4907e-005
92	4.5346	3.1865	0.1	1.5118e-004
93	3.0435	3.3905	0.1	1.8015e-004
94	1.303	2.4442	0.1	1.37e-004
95	3.2378	2.711	0.1	1.8355e-004
96	2.4369	1.6597	0.1	1.3112e-004
97	4.4955	5.0577	0.1	7.8566e-005
98	12.778	3.6129	0.1	3.7314e-005
99	8.0835	3.5778	0.1	7.3438e-005
100	9.3044	3.5894	0.1	6.2824e-005
101	10.508	3.5974	0.1	5.3384e-005
102	11.649	3.6066	0.1	4.493e-005
103	13.907	3.6221	0.1	3.0382e-005
104	15.022	3.6181	0.1	2.4218e-005
105	16.133	3.6019	0.1	1.8753e-005
106	22.869	3.6018	0.1	1.0164e-006
107	21.734	3.5824	0.1	2.188e-006
108	20.612	3.5774	0.1	4.0594e-006
109	19.491	3.5753	0.1	6.6553e-006
110	17.245	3.5755	0.1	1.4033e-005
111	18.364	3.5743	0.1	9.9884e-006
112	22.876	2.3926	0.1	1.0097e-006
113	21.752	2.3878	0.1	2.1637e-006
114	6.8868	3.5087	0.1	8.4557e-005
115	20.627	2.3852	0.1	4.0259e-006
116	19.505	2.3834	0.1	6.6142e-006
117	18.38	2.3828	0.1	9.9423e-006
118	17.251	2.3811	0.1	1.4005e-005
119	16.125	2.3909	0.1	1.8807e-005
120	15.005	2.4152	0.1	2.4286e-005
121	13.903	2.4197	0.1	3.0402e-005
122	12.792	2.412	0.1	3.723e-005
123	11.66	2.4049	0.1	4.4858e-005
124	10.517	2.4036	0.1	5.3268e-005
125	9.3331	2.4005	0.1	6.2581e-005
126	8.1518	2.3678	0.1	7.2648e-005
127	6.9537	2.3208	0.1	8.4016e-005
128	5.8591	2.2813	0.1	1.0212e-004
129	5.706	5.2591	0.1	9.1514e-005
130	6.6692	4.7487	0.1	8.4178e-005
131	8.0868	4.7617	0.1	7.429e-005
132	9.3186	4.7815	0.1	6.3173e-005
133	10.497	4.798	0.1	5.3742e-005
134	11.647	4.8068	0.1	4.5155e-005
135	12.781	4.8112	0.1	3.7407e-005
136	13.904	4.8187	0.1	3.0452e-005
137	15.031	4.8412	0.1	2.4207e-005
138	16.134	4.7989	0.1	1.8753e-005
139	17.256	4.8094	0.1	1.3977e-005
140	18.379	4.8078	0.1	9.9169e-006
141	19.5	4.8086	0.1	6.5889e-006
142	20.623	4.8099	0.1	3.975e-006
143	21.744	4.8102	0.1	2.076e-006
144	22.866	4.8135	0.1	8.8766e-007
145	22.872	1.1948	0.1	8.794e-007
146	21.751	1.1848	0.1	2.0689e-006
147	20.628	1.1817	0.1	3.9616e-006
148	19.506	1.1809	0.1	6.5688e-006
149	18.384	1.1803	0.1	9.903e-006
150	17.26	1.1927	0.1	1.397e-005
151	16.137	1.1974	0.1	1.8758e-005
152	15.022	1.2056	0.1	2.4226e-005
153	13.909	1.2087	0.1	3.0411e-005
154	12.795	1.2008	0.1	3.7322e-005
155	11.67	1.1967	0.1	4.4981e-005
156	10.524	1.2039	0.1	5.347e-005
157	9.3744	1.2022	0.1	6.2621e-005
158	8.2121	1.1903	0.1	7.2416e-005
159	7.0244	1.1652	0.1	8.2669e-005
160	5.7317	1.1086	0.1	8.5871e-005
161	1.1418	1.1377	0.1	1.2806e-004
162	1.1334	3.7533	0.1	1.4241e-004
163	1.1314	4.9106	0.1	1.3155e-004
164	2.3132	5.1198	0.1	1.1421e-004
165	5.334	4.2159	0.1	1.159e-004
166	4.6643	5.4639	0.1	7.4953e-005
167	2.9932	4.0016	0.1	1.5052e-004
168	2.3152	4.1617	0.1	1.2451e-004
169	4.8397	0.59063	0.1	7.4391e-005
170	2.7937	2.2634	0.1	1.4672e-004
171	2.3019	0.89817	0.1	1.1421e-004
172	4.9264	4.7099	0.1	1.1371e-004
173	3.8621	2.936	0.1	2.0742e-004
174	4.7946	2.2491	0.1	1.3161e-004
175	3.8067	4.	0.	8.1193e-005
176	3.8067	4.5	0.	9.53e-005
177	3.8067	5.	0.	9.102e-005
178	3.8067	5.5	0.	1.5046e-005
179	3.64	4.	0.	1.4915e-004
180	3.64	5.5	0.	2.8607e-005
181	3.64	5.	0.	5.6226e-005
182	3.64	4.5	0.	8.3861e-005
183	3.8067	2.	0.	1.1279e-004
184	3.8067	1.5	0.	8.5493e-005
185	3.8067	1.	0.	5.9392e-005
186	3.8067	0.5	0.	1.5683e-005
187	3.64	2.	0.	2.1865e-004
188	3.64	0.5	0.	2.9826e-005
189	3.64	1.	0.	4.2373e-005
190	3.64	1.5	0.	6.7173e-005
191	3.8067	6.	0.	1.622e-005
192	4.9285	6.	0.	2.3813e-005
193	6.0504	6.	0.	3.2137e-005
194	7.1722	6.	0.	3.1637e-005
195	8.2941	6.	0.	2.4781e-005
196	9.4159	6.	0.	2.1114e-005
197	10.538	6.	0.	1.8267e-005
198	11.66	6.	0.	1.5561e-005
199	12.781	6.	0.	1.3081e-005
200	13.903	6.	0.	1.0888e-005
201	15.025	6.	0.	8.8586e-006
202	16.147	6.	0.	7.0794e-006
203	17.269	6.	0.	5.5554e-006
204	18.391	6.	0.	4.1876e-006
205	19.513	6.	0.	3.0715e-006
206	20.634	6.	0.	2.1696e-006
207	21.756	6.	0.	1.4515e-006
208	22.878	6.	0.	8.8812e-007
209	24.	6.	0.	4.7728e-007
210	24.	4.8	0.	7.731e-007
211	24.	3.6	0.	1.1585e-006
212	24.	2.4	0.	1.1592e-006
213	24.	1.2	0.	7.7193e-007
214	1.049e-014	1.2	0.	6.2407e-007
215	2.0981e-014	2.4	0.	9.5128e-008
216	3.1471e-014	3.6	0.	6.2087e-007
217	4.1961e-014	4.8	0.	1.4969e-006
218	24.	0.	0.	4.7808e-007
219	3.8067	0.	0.	1.7397e-005
220	22.878	0.	0.	8.8672e-007
221	21.756	0.	0.	1.4463e-006
222	20.634	0.	0.	2.1598e-006
223	19.513	0.	0.	3.0612e-006
224	18.391	0.	0.	4.1875e-006
225	17.269	0.	0.	5.5312e-006
226	16.147	0.	0.	7.1035e-006
227	15.025	0.	0.	8.8864e-006
228	13.903	0.	0.	1.0868e-005
229	12.781	0.	0.	1.3047e-005
230	11.66	0.	0.	1.5479e-005
231	10.538	0.	0.	1.8173e-005
232	9.4159	0.	0.	2.107e-005
233	8.2941	0.	0.	2.3911e-005
234	7.1722	0.	0.	2.8321e-005
235	6.0504	0.	0.	3.2902e-005
236	4.9285	0.	0.	2.301e-005
237	0.	0.	0.	8.7012e-006
238	3.64	0.	0.	2.671e-005
239	2.4267	1.1727e-030	0.	4.1046e-005
240	1.2133	5.8637e-031	0.	6.3765e-005
241	3.937e-014	6.	0.	8.7761e-006
242	3.64	6.	0.	2.5942e-005
243	1.2133	6.	0.	6.417e-005
244	2.4267	6.	0.	4.0829e-005
245	3.8067	5.5	0.1	4.5718e-005
246	3.8067	5.	0.1	1.3397e-004
247	3.8067	4.5	0.1	1.374e-004
248	3.8067	4.	0.1	2.8461e-004
249	3.64	4.	0.1	4.3144e-004
250	3.64	4.5	0.1	2.2226e-004
251	3.64	5.	0.1	1.6397e-004
252	3.64	5.5	0.1	9.2557e-005
253	3.8067	0.5	0.1	4.7779e-005
254	3.8067	1.	0.1	1.123e-004
255	3.8067	1.5	0.1	1.6566e-004
256	3.8067	2.	0.1	3.6089e-004
257	3.64	2.	0.1	5.9535e-004
258	3.64	1.5	0.1	2.156e-004
259	3.64	1.	0.1	1.3123e-004
260	3.64	0.5	0.1	8.5719e-005
261	3.8067	6.	0.1	4.4947e-005
262	4.9285	6.	0.1	6.8951e-005
263	6.0504	6.	0.1	8.476e-005
264	7.1722	6.	0.1	8.2434e-005
265	8.2941	6.	0.1	7.291e-005
266	9.4159	6.	0.1	6.3488e-005
267	10.538	6.	0.1	5.3896e-005
268	11.66	6.	0.1	4.5379e-005
269	12.781	6.	0.1	3.7575e-005
270	13.903	6.	0.1	3.0537e-005
271	15.025	6.	0.1	2.4292e-005
272	16.147	6.	0.1	1.8661e-005
273	17.269	6.	0.1	1.3917e-005
274	18.391	6.	0.1	9.8459e-006
275	19.513	6.	0.1	6.4922e-006
276	20.634	6.	0.1	3.8634e-006
277	21.756	6.	0.1	1.9239e-006
278	22.878	6.	0.1	6.7343e-007
279	24.	6.	0.1	1.6628e-007
280	24.	4.8	0.1	4.2243e-007
281	24.	3.6	0.1	5.9808e-007
282	24.	2.4	0.1	5.9571e-007
283	24.	1.2	0.1	4.2272e-007
284	1.049e-014	1.2	0.1	1.3295e-004
285	2.0981e-014	2.4	0.1	1.3901e-004
286	3.1471e-014	3.6	0.1	1.3955e-004
287	4.1961e-014	4.8	0.1	1.322e-004
288	24.	0.	0.1	1.6425e-007
289	22.878	0.	0.1	6.6849e-007
290	21.756	0.	0.1	1.9234e-006
291	20.634	0.	0.1	3.8626e-006
292	19.513	0.	0.1	6.4943e-006
293	18.391	0.	0.1	9.8436e-006
294	17.269	0.	0.1	1.3908e-005
295	16.147	0.	0.1	1.8722e-005
296	15.025	0.	0.1	2.4266e-005
297	13.903	0.	0.1	3.0527e-005
298	12.781	0.	0.1	3.7554e-005
299	11.66	0.	0.1	4.536e-005
300	10.538	0.	0.1	5.3831e-005
301	9.4159	0.	0.1	6.2988e-005
302	8.2941	0.	0.1	7.2254e-005
303	7.1722	0.	0.1	8.0682e-005
304	6.0504	0.	0.1	8.1958e-005
305	4.9285	0.	0.1	6.0485e-005
306	3.8067	0.	0.1	4.1104e-005
307	3.64	0.	0.1	7.3344e-005
308	2.4267	1.1727e-030	0.1	1.0917e-004
309	1.2133	5.8637e-031	0.1	1.2709e-004
310	0.	0.	0.1	9.9443e-005
311	3.937e-014	6.	0.1	1.0007e-004
312	1.2133	6.	0.1	1.2901e-004
313	2.4267	6.	0.1	1.1242e-004
314	3.64	6.	0.1	7.309e-005
315	5.3269	2.2652	0.	3.952e-005
316	4.6646	2.7178	0.	5.0643e-005
317	4.7908	1.8806	0.	4.6004e-005
318	4.7946	2.2491	5.e-002	1.3588e-006
319	4.3006	2.1246	0.	7.8484e-005
320	3.55	2.8235	0.	9.3248e-005
321	4.1983	3.0612	0.	8.8422e-005
322	3.8621	2.936	5.e-002	8.2714e-006
323	3.7511	3.468	0.	1.1018e-004
324	3.8344	2.468	0.	1.1112e-004
325	5.1302	4.4629	0.	4.6348e-005
326	5.3162	4.9845	0.	3.9808e-005
327	4.711	4.8838	0.	4.0783e-005
328	4.9264	4.7099	5.e-002	1.2179e-005
329	4.3666	4.605	0.	6.1253e-005
330	1.7219	1.0179	0.	5.4267e-005
331	2.3694	1.279	0.	3.9239e-005
332	2.3019	0.89817	5.e-002	3.3269e-006
333	2.9709	0.69909	0.	3.045e-005
334	2.3643	0.44909	0.	4.0279e-005
335	2.6153	1.9616	0.	4.9433e-005
336	3.0158	2.4872	0.	5.9877e-005
337	2.534	2.6587	0.	6.0571e-005
338	2.7937	2.2634	5.e-002	3.302e-006
339	3.2168	1.8817	0.	5.067e-005
340	5.2857	0.8496	0.	3.0554e-005
341	4.6856	0.81278	0.	3.4167e-005
342	4.8397	0.59063	5.e-002	5.186e-006
343	4.3232	0.54531	0.	1.8693e-005
344	4.8841	0.29531	0.	2.8984e-005
345	2.6542	4.0816	0.	5.194e-005
346	2.3142	4.6408	0.	3.8619e-005
347	1.7243	3.9575	0.	6.5424e-005
348	2.2947	3.6078	0.	5.3767e-005
349	2.3152	4.1617	5.e-002	6.5015e-006
350	2.9776	4.5808	0.	4.793e-005
351	3.0184	3.696	0.	6.9644e-005
352	2.9932	4.0016	5.e-002	9.8789e-006
353	3.3166	4.2508	0.	6.3774e-005
354	5.1851	5.3615	0.	3.1614e-005
355	4.5799	5.2608	0.	3.5598e-005
356	4.6643	5.4639	5.e-002	5.2465e-006
357	4.2355	5.4819	0.	1.7889e-005
358	4.7964	5.7319	0.	2.7107e-005
359	6.0016	4.4823	0.	3.6517e-005
360	5.4983	3.7749	0.	4.4041e-005
361	5.334	4.2159	5.e-002	5.0377e-006
362	4.5704	4.1079	0.	5.8656e-005
363	1.7223	5.0152	0.	5.5922e-005
364	2.3132	5.1198	5.e-002	3.0445e-006
365	2.9766	5.3099	0.	3.0901e-005
366	2.37	5.5599	0.	3.9304e-005
367	1.1324	4.332	0.	8.4624e-005
368	1.1314	4.9106	5.e-002	2.9524e-006
369	0.56571	4.8553	0.	3.9713e-005
370	1.1724	5.4553	0.	7.1715e-005
371	1.2182	3.0987	0.	8.7624e-005
372	1.1334	3.7533	5.e-002	2.3498e-006
373	0.56669	3.6766	0.	4.4998e-005
374	1.2224	1.7909	0.	8.1442e-005
375	1.1418	1.1377	5.e-002	2.958e-006
376	0.57092	1.1689	0.	3.8931e-005
377	1.1776	0.56885	0.	7.0665e-005
378	6.378	1.1369	0.	2.9344e-005
379	5.7954	1.6949	0.	3.3929e-005
380	5.2593	1.3103	0.	3.8124e-005
381	5.7317	1.1086	5.e-002	2.3762e-006
382	5.891	0.55429	0.	2.9982e-005
383	7.6183	1.1778	0.	2.6584e-005
384	6.9891	1.743	0.	2.922e-005
385	7.0244	1.1652	5.e-002	5.0085e-007
386	7.0983	0.5826	0.	2.8529e-005
387	8.7932	1.1962	0.	2.2698e-005
388	8.182	1.7791	0.	2.49e-005
389	8.2121	1.1903	5.e-002	6.61e-007
390	8.2531	0.59516	0.	2.3941e-005
391	9.949	1.203	0.	1.9271e-005
392	9.3537	1.8013	0.	2.1094e-005
393	9.3744	1.2022	5.e-002	5.5775e-007
394	9.3951	0.60108	0.	2.078e-005
395	11.097	1.2003	0.	1.6391e-005
396	10.52	1.8037	0.	1.7646e-005
397	10.524	1.2039	5.e-002	5.16e-007
398	10.531	0.60196	0.	1.7877e-005
399	12.232	1.1988	0.	1.3994e-005
400	11.665	1.8008	0.	1.5074e-005
401	11.67	1.1967	5.e-002	4.6418e-007
402	11.665	0.59835	0.	1.5285e-005
403	13.352	1.2047	0.	1.1767e-005
404	12.793	1.8064	0.	1.2807e-005
405	12.795	1.2008	5.e-002	4.3161e-007
406	12.788	0.60041	0.	1.2914e-005
407	14.466	1.2071	0.	9.7138e-006
408	13.906	1.8142	0.	1.0696e-005
409	13.909	1.2087	5.e-002	3.8309e-007
410	13.906	0.60433	0.	1.0751e-005
411	15.58	1.2015	0.	7.8488e-006
412	15.013	1.8104	0.	8.7595e-006
413	15.022	1.2056	5.e-002	3.424e-007
414	15.024	0.60278	0.	8.7789e-006
415	16.699	1.195	0.	6.1805e-006
416	16.131	1.7941	0.	7.0033e-006
417	16.137	1.1974	5.e-002	3.08e-007
418	16.142	0.59868	0.	7.0025e-006
419	17.822	1.1865	0.	4.7302e-006
420	17.255	1.7869	0.	5.46e-006
421	17.26	1.1927	5.e-002	2.6546e-007
422	17.265	0.59635	0.	5.4342e-006
423	18.945	1.1806	0.	3.515e-006
424	18.382	1.7815	0.	4.1356e-006
425	18.384	1.1803	5.e-002	2.1863e-007
426	18.387	0.59014	0.	4.0943e-006
427	20.067	1.1813	0.	2.5312e-006
428	19.505	1.7822	0.	3.0476e-006
429	19.506	1.1809	5.e-002	1.7441e-007
430	19.509	0.59045	0.	2.9838e-006
431	21.19	1.1832	0.	1.7693e-006
432	20.628	1.7834	0.	2.1902e-006
433	20.628	1.1817	5.e-002	1.3207e-007
434	20.631	0.59084	0.	2.0966e-006
435	22.312	1.1898	0.	1.2227e-006
436	21.752	1.7863	0.	1.5613e-006
437	21.751	1.1848	5.e-002	9.1499e-008
438	21.754	0.59238	0.	1.4128e-006
439	22.874	1.7937	0.	1.1576e-006
440	22.872	1.1948	5.e-002	5.9814e-008
441	23.436	1.1974	0.	8.8168e-007
442	22.875	0.59738	0.	9.1429e-007
443	22.305	4.8119	0.	1.2267e-006
444	22.868	4.2076	0.	1.1553e-006
445	22.866	4.8135	5.e-002	6.0256e-008
446	22.872	5.4067	0.	9.1495e-007
447	23.433	4.8067	0.	8.8249e-007
448	21.183	4.8101	0.	1.7777e-006
449	21.739	4.1963	0.	1.564e-006
450	21.744	4.8102	5.e-002	9.1641e-008
451	21.75	5.4051	0.	1.4192e-006
452	20.061	4.8092	0.	2.5417e-006
453	20.617	4.1936	0.	2.1904e-006
454	20.623	4.8099	5.e-002	1.3209e-007
455	20.629	5.4049	0.	2.1052e-006
456	18.94	4.8082	0.	3.5303e-006
457	19.496	4.1919	0.	3.0471e-006
458	19.5	4.8086	5.e-002	1.7451e-007
459	19.506	5.4043	0.	2.9944e-006
460	17.817	4.8086	0.	4.7387e-006
461	18.371	4.1911	0.	4.1407e-006
462	18.379	4.8078	5.e-002	2.1512e-007
463	18.385	5.4039	0.	4.1031e-006
464	16.695	4.8041	0.	6.1828e-006
465	17.25	4.1925	0.	5.4592e-006
466	17.256	4.8094	5.e-002	2.5468e-007
467	17.262	5.4047	0.	5.4446e-006
468	15.583	4.8201	0.	7.8264e-006
469	16.133	4.2004	0.	7.0041e-006
470	16.134	4.7989	5.e-002	3.0818e-007
471	16.141	5.3994	0.	6.9957e-006
472	14.468	4.83	0.	9.693e-006
473	15.026	4.2297	0.	8.7374e-006
474	15.031	4.8412	5.e-002	3.4401e-007
475	15.028	5.4206	0.	8.74e-006
476	13.342	4.8149	0.	1.1772e-005
477	13.905	4.2204	0.	1.0696e-005
478	13.904	4.8187	5.e-002	3.8701e-007
479	13.904	5.4094	0.	1.0767e-005
480	12.214	4.809	0.	1.3994e-005
481	12.779	4.212	0.	1.2819e-005
482	12.781	4.8112	5.e-002	4.3923e-007
483	12.781	5.4056	0.	1.2934e-005
484	11.072	4.8024	0.	1.6386e-005
485	11.648	4.2067	0.	1.5072e-005
486	11.647	4.8068	5.e-002	4.6306e-007
487	11.653	5.4034	0.	1.5327e-005
488	9.9076	4.7897	0.	1.9371e-005
489	10.502	4.1977	0.	1.7803e-005
490	10.497	4.798	5.e-002	5.3361e-007
491	10.517	5.399	0.	1.792e-005
492	8.7027	4.7716	0.	2.3678e-005
493	9.3115	4.1854	0.	2.1037e-005
494	9.3186	4.7815	5.e-002	4.6889e-007
495	9.3673	5.3907	0.	2.0806e-005
496	7.378	4.7552	0.	2.7497e-005
497	8.0851	4.1698	0.	2.6279e-005
498	8.0868	4.7617	5.e-002	4.952e-007
499	8.1904	5.3808	0.	2.5588e-005
500	6.1876	5.0039	0.	2.9629e-005
501	6.778	4.1287	0.	2.8949e-005
502	6.6692	4.7487	5.e-002	1.3132e-006
503	6.9207	5.3744	0.	2.7244e-005
504	5.706	5.2591	5.e-002	2.9024e-006
505	5.8782	5.6296	0.	3.2252e-005
506	6.4064	2.301	0.	3.3817e-005
507	5.7608	2.8076	0.	4.0998e-005
508	5.8591	2.2813	5.e-002	3.1729e-006
509	7.5527	2.3443	0.	2.7536e-005
510	6.9202	2.9148	0.	2.931e-005
511	6.9537	2.3208	5.e-002	5.5489e-007
512	8.7425	2.3841	0.	2.3295e-005
513	8.1177	2.9728	0.	2.5753e-005
514	8.1518	2.3678	5.e-002	7.8422e-007
515	9.9252	2.402	0.	1.9465e-005
516	9.3188	2.9949	0.	2.1172e-005
517	9.3331	2.4005	5.e-002	5.9526e-007
518	11.088	2.4042	0.	1.6175e-005
519	10.513	3.0005	0.	1.7757e-005
520	10.517	2.4036	5.e-002	5.1373e-007
521	12.226	2.4085	0.	1.394e-005
522	11.655	3.0058	0.	1.5022e-005
523	11.66	2.4049	5.e-002	4.6397e-007
524	13.347	2.4159	0.	1.1795e-005
525	12.785	3.0125	0.	1.2815e-005
526	12.792	2.412	5.e-002	4.2513e-007
527	14.454	2.4174	0.	9.8027e-006
528	13.905	3.0209	0.	1.0726e-005
529	13.903	2.4197	5.e-002	3.954e-007
530	15.565	2.403	0.	7.9762e-006
531	15.013	3.0167	0.	8.8185e-006
532	15.005	2.4152	5.e-002	3.4297e-007
533	16.688	2.386	0.	6.3451e-006
534	16.129	2.9964	0.	7.0779e-006
535	16.125	2.3909	5.e-002	3.0751e-007
536	17.815	2.382	0.	4.9269e-006
537	17.248	2.9783	0.	5.555e-006
538	17.251	2.3811	5.e-002	2.6871e-007
539	18.942	2.3831	0.	3.7289e-006
540	18.372	2.9786	0.	4.2385e-006
541	18.38	2.3828	5.e-002	2.2095e-007
542	20.066	2.3843	0.	2.7655e-006
543	19.498	2.9794	0.	3.1565e-006
544	19.505	2.3834	5.e-002	1.765e-007
545	21.19	2.3865	0.	2.0358e-006
546	20.619	2.9813	0.	2.3158e-006
547	20.627	2.3852	5.e-002	1.336e-007
548	7.4851	3.5433	0.	2.7521e-005
549	6.2746	3.4214	0.	3.6517e-005
550	6.8868	3.5087	5.e-002	1.9596e-006
551	22.314	2.3902	0.	1.5375e-006
552	21.743	2.9851	0.	1.7106e-006
553	21.752	2.3878	5.e-002	9.0673e-008
554	22.873	2.9972	0.	1.3349e-006
555	22.876	2.3926	5.e-002	5.6346e-008
556	23.438	2.3963	0.	1.2522e-006
557	17.804	3.5749	0.	4.9258e-006
558	18.928	3.5748	0.	3.7219e-006
559	18.364	3.5743	5.e-002	2.1748e-007
560	16.689	3.5887	0.	6.3467e-006
561	17.245	3.5755	5.e-002	2.6538e-007
562	20.051	3.5763	0.	2.757e-006
563	19.491	3.5753	5.e-002	1.7772e-007
564	21.173	3.5799	0.	2.0318e-006
565	20.612	3.5774	5.e-002	1.3567e-007
566	22.302	3.5921	0.	1.5346e-006
567	21.734	3.5824	5.e-002	9.1767e-008
568	22.869	3.6018	5.e-002	5.7052e-008
569	23.435	3.6009	0.	1.2496e-006
570	15.577	3.61	0.	7.9798e-006
571	16.133	3.6019	5.e-002	3.0511e-007
572	14.464	3.6201	0.	9.8003e-006
573	15.022	3.6181	5.e-002	3.4398e-007
574	13.343	3.6175	0.	1.18e-005
575	13.907	3.6221	5.e-002	3.9014e-007
576	11.079	3.602	0.	1.6236e-005
577	12.214	3.6098	0.	1.3946e-005
578	11.649	3.6066	5.e-002	4.7352e-007
579	9.9063	3.5934	0.	1.9464e-005
580	10.508	3.5974	5.e-002	5.4193e-007
581	8.694	3.5836	0.	2.3633e-005
582	9.3044	3.5894	5.e-002	5.2799e-007
583	8.0835	3.5778	5.e-002	4.7662e-007
584	12.778	3.6129	5.e-002	4.3367e-007
585	4.4955	5.0577	5.e-002	8.6595e-007
586	4.1511	5.0289	0.	5.5996e-005
587	1.8699	2.052	0.	6.4672e-005
588	2.4369	1.6597	5.e-002	4.9062e-006
589	3.0384	1.3299	0.	4.2874e-005
590	3.1407	3.0508	0.	6.8303e-005
591	3.2378	2.711	5.e-002	1.2094e-005
592	3.4389	2.3555	0.	1.3197e-004
593	1.7886	2.7491	0.	7.6055e-005
594	1.303	2.4442	5.e-002	3.1232e-006
595	0.65151	2.4221	0.	4.2608e-005
596	2.6589	3.2222	0.	6.0085e-005
597	3.0435	3.3905	5.e-002	1.1691e-006
598	3.3417	3.6952	0.	1.0303e-004
599	5.0985	3.2602	0.	4.9661e-005
600	4.5346	3.1865	5.e-002	5.8051e-006
601	4.1706	3.5932	0.	6.6042e-005
602	4.6593	1.2735	0.	3.8501e-005
603	4.5316	1.0349	5.e-002	4.1133e-007
604	4.1691	1.0175	0.	4.357e-005
605	4.787	1.512	5.e-002	9.1017e-006
606	4.2968	1.506	0.	5.6763e-005
607	5.6625	3.334	5.e-002	3.8806e-006
608	2.2742	3.054	5.e-002	2.4881e-006
609	2.6589	3.2222	0.1	1.655e-004
610	1.7886	2.7491	0.1	1.4575e-004
611	2.2947	3.6078	0.1	1.3785e-004
612	2.534	2.6587	0.1	1.4913e-004
613	5.0985	3.2602	0.1	1.3256e-004
614	6.2746	3.4214	0.1	9.9224e-005
615	5.7608	2.8076	0.1	1.0802e-004
616	5.4983	3.7749	0.1	1.1494e-004
617	4.6593	1.2735	0.1	8.1964e-005
618	5.2593	1.3103	0.1	9.3284e-005
619	4.7908	1.8806	0.1	1.1646e-004
620	4.2968	1.506	0.1	1.2406e-004
621	4.6856	0.81278	0.1	6.917e-005
622	4.1691	1.0175	0.1	8.5617e-005
623	4.1983	3.0612	0.1	1.7917e-004
624	4.6646	2.7178	0.1	1.3945e-004
625	4.1706	3.5932	0.1	2.1001e-004
626	3.1407	3.0508	0.1	1.7619e-004
627	3.0184	3.696	0.1	1.643e-004
628	3.3417	3.6952	0.1	3.054e-004
629	1.8699	2.052	0.1	1.3291e-004
630	1.2224	1.7909	0.1	1.3227e-004
631	1.2182	3.0987	0.1	1.3939e-004
632	0.65151	2.4221	0.1	1.3785e-004
633	3.0158	2.4872	0.1	1.6481e-004
634	3.55	2.8235	0.1	1.9305e-004
635	3.4389	2.3555	0.1	3.8731e-004
636	2.6153	1.9616	0.1	1.3887e-004
637	2.3694	1.279	0.1	1.2264e-004
638	3.0384	1.3299	0.1	1.2658e-004
639	4.5799	5.2608	0.1	7.6696e-005
640	4.711	4.8838	0.1	9.558e-005
641	4.1511	5.0289	0.1	9.7968e-005
642	12.214	3.6098	0.1	4.1121e-005
643	13.343	3.6175	0.1	3.3848e-005
644	12.785	3.0125	0.1	3.7246e-005
645	12.779	4.212	0.1	3.7333e-005
646	8.694	3.5836	0.1	6.813e-005
647	7.4851	3.5433	0.1	7.8993e-005
648	8.1177	2.9728	0.1	7.3037e-005
649	8.0851	4.1698	0.1	7.3858e-005
650	9.9063	3.5934	0.1	5.8104e-005
651	9.3188	2.9949	0.1	6.2691e-005
652	9.3115	4.1854	0.1	6.2983e-005
653	11.079	3.602	0.1	4.9157e-005
654	10.513	3.0005	0.1	5.3308e-005
655	10.502	4.1977	0.1	5.3543e-005
656	11.655	3.0058	0.1	4.4871e-005
657	11.648	4.2067	0.1	4.5018e-005
658	14.464	3.6201	0.1	2.73e-005
659	13.905	3.0209	0.1	3.0364e-005
660	13.905	4.2204	0.1	3.0387e-005
661	15.577	3.61	0.1	2.1486e-005
662	15.013	3.0167	0.1	2.4222e-005
663	15.026	4.2297	0.1	2.4182e-005
664	16.689	3.5887	0.1	1.6393e-005
665	16.129	2.9964	0.1	1.8752e-005
666	16.133	4.2004	0.1	1.8719e-005
667	22.302	3.5921	0.1	1.6019e-006
668	22.873	2.9972	0.1	1.0045e-006
669	22.868	4.2076	0.1	9.3618e-007
670	23.435	3.6009	0.1	8.0554e-007
671	21.173	3.5799	0.1	3.1236e-006
672	21.743	2.9851	0.1	2.1584e-006
673	21.739	4.1963	0.1	2.1065e-006
674	20.051	3.5763	0.1	5.3571e-006
675	20.619	2.9813	0.1	4.0195e-006
676	20.617	4.1936	0.1	3.9869e-006
677	18.928	3.5748	0.1	8.3216e-006
678	19.498	2.9794	0.1	6.6082e-006
679	19.496	4.1919	0.1	6.5896e-006
680	17.804	3.5749	0.1	1.2011e-005
681	17.248	2.9783	0.1	1.3989e-005
682	17.25	4.1925	0.1	1.3973e-005
683	18.372	2.9786	0.1	9.9365e-006
684	18.371	4.1911	0.1	9.9192e-006
685	22.314	2.3902	0.1	1.5864e-006
686	22.874	1.7937	0.1	9.289e-007
687	23.438	2.3963	0.1	8.012e-007
688	21.19	2.3865	0.1	3.0946e-006
689	21.752	1.7863	0.1	2.0914e-006
690	6.9202	2.9148	0.1	8.4286e-005
691	6.778	4.1287	0.1	8.4345e-005
692	20.066	2.3843	0.1	5.3199e-006
693	20.628	1.7834	0.1	3.9644e-006
694	18.942	2.3831	0.1	8.2781e-006
695	19.505	1.7822	0.1	6.5605e-006
696	17.815	2.382	0.1	1.1973e-005
697	18.382	1.7815	0.1	9.8917e-006
698	16.688	2.386	0.1	1.6406e-005
699	17.255	1.7869	0.1	1.3956e-005
700	15.565	2.403	0.1	2.1546e-005
701	16.131	1.7941	0.1	1.8751e-005
702	14.454	2.4174	0.1	2.7344e-005
703	15.013	1.8104	0.1	2.4225e-005
704	13.347	2.4159	0.1	3.3816e-005
705	13.906	1.8142	0.1	3.0376e-005
706	12.226	2.4085	0.1	4.1044e-005
707	12.793	1.8064	0.1	3.7247e-005
708	11.088	2.4042	0.1	4.9063e-005
709	11.665	1.8008	0.1	4.4894e-005
710	9.9252	2.402	0.1	5.7924e-005
711	10.52	1.8037	0.1	5.3349e-005
712	8.7425	2.3841	0.1	6.7614e-005
713	9.3537	1.8013	0.1	6.2587e-005
714	7.5527	2.3443	0.1	7.8331e-005
715	8.182	1.7791	0.1	7.2518e-005
716	6.4064	2.301	0.1	9.306e-005
717	6.9891	1.743	0.1	8.3317e-005
718	5.7954	1.6949	0.1	9.3728e-005
719	5.3269	2.2652	0.1	1.1545e-004
720	6.1876	5.0039	0.1	8.7806e-005
721	5.1851	5.3615	0.1	8.1653e-005
722	5.3162	4.9845	0.1	1.0232e-004
723	5.8782	5.6296	0.1	8.8131e-005
724	7.378	4.7552	0.1	7.9234e-005
725	6.0016	4.4823	0.1	1.0002e-004
726	6.9207	5.3744	0.1	8.3248e-005
727	8.7027	4.7716	0.1	6.8726e-005
728	8.1904	5.3808	0.1	7.359e-005
729	9.9076	4.7897	0.1	5.8455e-005
730	9.3673	5.3907	0.1	6.3311e-005
731	11.072	4.8024	0.1	4.9446e-005
732	10.517	5.399	0.1	5.3791e-005
733	12.214	4.809	0.1	4.1279e-005
734	11.653	5.4034	0.1	4.5238e-005
735	13.342	4.8149	0.1	3.3928e-005
736	12.781	5.4056	0.1	3.7462e-005
737	14.468	4.83	0.1	2.7328e-005
738	13.904	5.4094	0.1	3.0466e-005
739	15.583	4.8201	0.1	2.1479e-005
740	15.028	5.4206	0.1	2.4218e-005
741	16.695	4.8041	0.1	1.6364e-005
742	16.141	5.3994	0.1	1.8678e-005
743	17.817	4.8086	0.1	1.1945e-005
744	17.262	5.4047	0.1	1.3916e-005
745	18.94	4.8082	0.1	8.251e-006
746	18.385	5.4039	0.1	9.8498e-006
747	20.061	4.8092	0.1	5.28e-006
748	19.506	5.4043	0.1	6.5088e-006
749	21.183	4.8101	0.1	3.0242e-006
750	20.629	5.4049	0.1	3.887e-006
751	22.305	4.8119	0.1	1.4817e-006
752	21.75	5.4051	0.1	1.9676e-006
753	22.872	5.4067	0.1	7.5097e-007
754	23.433	4.8067	0.1	6.4933e-007
755	22.312	1.1898	0.1	1.474e-006
756	23.436	1.1974	0.1	6.4527e-007
757	22.875	0.59738	0.1	7.4441e-007
758	21.19	1.1832	0.1	3.0139e-006
759	21.754	0.59238	0.1	1.9639e-006
760	20.067	1.1813	0.1	5.2632e-006
761	20.631	0.59084	0.1	3.8804e-006
762	18.945	1.1806	0.1	8.2339e-006
763	19.509	0.59045	0.1	6.5003e-006
764	17.822	1.1865	0.1	1.1935e-005
765	18.387	0.59014	0.1	9.8418e-006
766	16.699	1.195	0.1	1.6362e-005
767	17.265	0.59635	0.1	1.3908e-005
768	15.58	1.2015	0.1	2.1491e-005
769	16.142	0.59868	0.1	1.8709e-005
770	14.466	1.2071	0.1	2.7317e-005
771	15.024	0.60278	0.1	2.4215e-005
772	13.352	1.2047	0.1	3.3866e-005
773	13.906	0.60433	0.1	3.0439e-005
774	12.232	1.1988	0.1	4.115e-005
775	12.788	0.60041	0.1	3.7409e-005
776	11.097	1.2003	0.1	4.9223e-005
777	11.665	0.59835	0.1	4.5142e-005
778	9.949	1.203	0.1	5.8043e-005
779	10.531	0.60196	0.1	5.3622e-005
780	8.7932	1.1962	0.1	6.7518e-005
781	9.3951	0.60108	0.1	6.2779e-005
782	7.6183	1.1778	0.1	7.7542e-005
783	8.2531	0.59516	0.1	7.2321e-005
784	6.378	1.1369	0.1	8.418e-005
785	7.0983	0.5826	0.1	8.1671e-005
786	5.2857	0.8496	0.1	7.9278e-005
787	5.891	0.55429	0.1	8.388e-005
788	1.7219	1.0179	0.1	1.207e-004
789	0.57092	1.1689	0.1	1.2974e-004
790	1.1776	0.56885	0.1	1.2714e-004
791	1.1324	4.332	0.1	1.3663e-004
792	1.7243	3.9575	0.1	1.3279e-004
793	0.56669	3.6766	0.1	1.4086e-004
794	1.7223	5.0152	0.1	1.224e-004
795	0.56571	4.8553	0.1	1.311e-004
796	1.1724	5.4553	0.1	1.2981e-004
797	2.3142	4.6408	0.1	1.1911e-004
798	2.9766	5.3099	0.1	1.0238e-004
799	2.37	5.5599	0.1	1.1326e-004
800	5.1302	4.4629	0.1	1.1443e-004
801	4.5704	4.1079	0.1	1.9569e-004
802	4.2355	5.4819	0.1	5.849e-005
803	4.7964	5.7319	0.1	7.1213e-005
804	2.6542	4.0816	0.1	1.3666e-004
805	3.3166	4.2508	0.1	1.8268e-004
806	2.9776	4.5808	0.1	1.3935e-004
807	4.3232	0.54531	0.1	5.8614e-005
808	4.8841	0.29531	0.1	6.7091e-005
809	3.2168	1.8817	0.1	1.748e-004
810	2.9709	0.69909	0.1	9.859e-005
811	2.3643	0.44909	0.1	1.1159e-004
812	4.3666	4.605	0.1	1.1836e-004
813	3.7511	3.468	0.1	3.1904e-004
814	3.8344	2.468	0.1	2.7993e-004
815	4.3006	2.1246	0.1	2.4608e-004
816	3.8067	4.25	0.	8.3555e-005
817	3.7233	4.	0.	1.0424e-004
818	3.8067	4.	5.e-002	1.1441e-005
819	3.8067	4.75	0.	8.8783e-005
820	3.8067	4.5	5.e-002	9.2936e-006
821	3.8067	5.25	0.	4.639e-005
822	3.8067	5.	5.e-002	2.6501e-005
823	3.8067	5.75	0.	1.5279e-005
824	3.8067	5.5	5.e-002	5.5839e-006
825	3.64	4.25	0.	1.1539e-004
826	3.64	4.	5.e-002	3.1436e-005
827	3.64	5.25	0.	4.1941e-005
828	3.64	5.75	0.	2.6935e-005
829	3.64	5.5	5.e-002	5.4508e-006
830	3.64	4.75	0.	6.9895e-005
831	3.64	5.	5.e-002	1.4583e-005
832	3.64	4.5	5.e-002	2.8306e-005
833	3.8067	1.75	0.	8.4847e-005
834	3.7233	2.	0.	1.551e-004
835	3.8067	2.	5.e-002	8.5057e-006
836	3.8067	1.25	0.	6.968e-005
837	3.8067	1.5	5.e-002	1.089e-005
838	3.8067	0.75	0.	3.2225e-005
839	3.8067	1.	5.e-002	1.6119e-005
840	3.8067	0.25	0.	1.6008e-005
841	3.8067	0.5	5.e-002	4.5054e-006
842	3.64	1.75	0.	1.3405e-004
843	3.64	2.	5.e-002	5.4324e-005
844	3.64	0.75	0.	3.5629e-005
845	3.64	0.25	0.	2.7424e-005
846	3.64	0.5	5.e-002	5.551e-006
847	3.64	1.25	0.	4.934e-005
848	3.64	1.	5.e-002	9.8121e-006
849	3.64	1.5	5.e-002	2.5706e-005
850	4.3676	6.	0.	1.9994e-005
851	3.8067	6.	5.e-002	3.343e-006
852	5.4894	6.	0.	2.6349e-005
853	4.9285	6.	5.e-002	1.7217e-006
854	6.6113	6.	0.	3.1816e-005
855	6.0504	6.	5.e-002	2.1038e-006
856	7.7331	6.	0.	2.7362e-005
857	7.1722	6.	5.e-002	2.2181e-006
858	8.855	6.	0.	2.2714e-005
859	8.2941	6.	5.e-002	8.8794e-007
860	9.9769	6.	0.	1.9681e-005
861	9.4159	6.	5.e-002	9.0609e-007
862	11.099	6.	0.	1.691e-005
863	10.538	6.	5.e-002	1.0254e-006
864	12.221	6.	0.	1.4318e-005
865	11.66	6.	5.e-002	9.9496e-007
866	13.342	6.	0.	1.1982e-005
867	12.781	6.	5.e-002	9.3707e-007
868	14.464	6.	0.	9.869e-006
869	13.903	6.	5.e-002	8.5398e-007
870	15.586	6.	0.	7.9668e-006
871	15.025	6.	5.e-002	7.9449e-007
872	16.708	6.	0.	6.3129e-006
873	16.147	6.	5.e-002	6.5982e-007
874	17.83	6.	0.	4.8665e-006
875	17.269	6.	5.e-002	5.6774e-007
876	18.952	6.	0.	3.6235e-006
877	18.391	6.	5.e-002	4.8663e-007
878	20.074	6.	0.	2.6132e-006
879	19.513	6.	5.e-002	3.8711e-007
880	21.195	6.	0.	1.8033e-006
881	20.634	6.	5.e-002	2.8841e-007
882	22.317	6.	0.	1.1668e-006
883	21.756	6.	5.e-002	1.8994e-007
884	23.439	6.	0.	6.7821e-007
885	22.878	6.	5.e-002	1.0462e-007
886	24.	5.4	0.	6.1418e-007
887	24.	6.	5.e-002	1.9814e-008
888	24.	4.2	0.	9.6282e-007
889	24.	4.8	5.e-002	4.0313e-008
890	24.	3.	0.	1.157e-006
891	24.	3.6	5.e-002	4.465e-008
892	24.	1.8	0.	9.628e-007
893	24.	2.4	5.e-002	4.2293e-008
894	24.	0.6	0.	6.1266e-007
895	24.	1.2	5.e-002	3.9174e-008
896	1.5735e-014	1.8	0.	8.0531e-008
897	5.2451e-015	0.6	0.	1.2389e-006
898	1.0632e-014	1.2	5.e-002	6.8826e-006
899	2.6226e-014	3.	0.	1.8855e-007
900	2.1264e-014	2.4	5.e-002	2.65e-006
901	3.6716e-014	4.2	0.	1.5492e-007
902	3.1897e-014	3.6	5.e-002	3.6099e-006
903	4.7206e-014	5.4	0.	1.7889e-006
904	4.2529e-014	4.8	5.e-002	7.0015e-006
905	23.439	0.	0.	6.7847e-007
906	24.	0.	5.e-002	1.9855e-008
907	4.3676	0.	0.	1.6962e-005
908	3.8067	0.	5.e-002	6.395e-006
909	22.317	0.	0.	1.1637e-006
910	22.878	0.	5.e-002	1.0337e-007
911	21.195	0.	0.	1.7957e-006
912	21.756	0.	5.e-002	1.9067e-007
913	20.074	0.	0.	2.6031e-006
914	20.634	0.	5.e-002	2.9085e-007
915	18.952	0.	0.	3.6183e-006
916	19.513	0.	5.e-002	3.9025e-007
917	17.83	0.	0.	4.8542e-006
918	18.391	0.	5.e-002	4.8656e-007
919	16.708	0.	0.	6.3135e-006
920	17.269	0.	5.e-002	5.7384e-007
921	15.586	0.	0.	7.9915e-006
922	16.147	0.	5.e-002	6.6995e-007
923	14.464	0.	0.	9.8742e-006
924	15.025	0.	5.e-002	7.5307e-007
925	13.342	0.	0.	1.1955e-005
926	13.903	0.	5.e-002	8.3521e-007
927	12.221	0.	0.	1.426e-005
928	12.781	0.	5.e-002	9.3983e-007
929	11.099	0.	0.	1.6822e-005
930	11.66	0.	5.e-002	1.015e-006
931	9.9769	0.	0.	1.9616e-005
932	10.538	0.	5.e-002	1.0538e-006
933	8.855	0.	0.	2.248e-005
934	9.4159	0.	5.e-002	9.6091e-007
935	7.7331	0.	0.	2.588e-005
936	8.2941	0.	5.e-002	7.7069e-007
937	6.6113	0.	0.	2.9064e-005
938	7.1722	0.	5.e-002	1.1802e-006
939	5.4894	0.	0.	2.7919e-005
940	6.0504	0.	5.e-002	1.8927e-006
941	4.9285	0.	5.e-002	1.4808e-006
942	0.60667	2.9319e-031	0.	3.3266e-005
943	0.	0.	5.e-002	2.8544e-005
944	3.0333	1.4659e-030	0.	2.8592e-005
945	3.64	1.7591e-030	5.e-002	9.2425e-006
946	1.82	8.7956e-031	0.	4.6777e-005
947	2.4267	0.	5.e-002	3.7254e-006
948	1.2133	0.	5.e-002	2.6721e-006
949	0.60667	6.	0.	3.3472e-005
950	5.2451e-014	6.	5.e-002	2.847e-005
951	3.0333	6.	0.	2.8446e-005
952	3.64	6.	5.e-002	8.2426e-006
953	1.82	6.	0.	4.7985e-005
954	1.2133	6.	5.e-002	2.7915e-006
955	2.4267	6.	5.e-002	4.2747e-006
956	3.8067	5.25	0.1	8.9537e-005
957	3.8067	5.75	0.1	4.3222e-005
958	3.8067	4.75	0.1	1.3322e-004
959	3.8067	4.25	0.1	2.0809e-004
960	3.7233	4.	0.1	3.3649e-004
961	3.64	4.25	0.1	3.1232e-004
962	3.64	4.75	0.1	1.9305e-004
963	3.64	5.25	0.1	1.2802e-004
964	3.64	5.75	0.1	7.9975e-005
965	3.8067	0.75	0.1	7.9986e-005
966	3.8067	0.25	0.1	4.154e-005
967	3.8067	1.25	0.1	1.3882e-004
968	3.8067	1.75	0.1	2.5073e-004
969	3.7233	2.	0.1	4.4271e-004
970	3.64	1.75	0.1	3.9762e-004
971	3.64	1.25	0.1	1.7327e-004
972	3.64	0.75	0.1	1.0816e-004
973	3.64	0.25	0.1	7.4783e-005
974	4.3676	6.	0.1	5.6814e-005
975	5.4894	6.	0.1	7.6732e-005
976	6.6113	6.	0.1	8.3584e-005
977	7.7331	6.	0.1	7.7653e-005
978	8.855	6.	0.1	6.8184e-005
979	9.9769	6.	0.1	5.8685e-005
980	11.099	6.	0.1	4.9634e-005
981	12.221	6.	0.1	4.1474e-005
982	13.342	6.	0.1	3.4053e-005
983	14.464	6.	0.1	2.7411e-005
984	15.586	6.	0.1	2.1474e-005
985	16.708	6.	0.1	1.6285e-005
986	17.83	6.	0.1	1.1877e-005
987	18.952	6.	0.1	8.1631e-006
988	20.074	6.	0.1	5.1704e-006
989	21.195	6.	0.1	2.8862e-006
990	22.317	6.	0.1	1.2951e-006
991	23.439	6.	0.1	3.85e-007
992	24.	5.4	0.1	2.5534e-007
993	24.	4.2	0.1	5.0753e-007
994	24.	3.	0.1	5.9531e-007
995	24.	1.8	0.1	5.0669e-007
996	24.	0.6	0.1	2.5631e-007
997	1.5735e-014	1.8	0.1	1.3581e-004
998	5.2451e-015	0.6	0.1	1.1278e-004
999	2.6226e-014	3.	0.1	1.3928e-004
1000	3.6716e-014	4.2	0.1	1.3567e-004
1001	4.7206e-014	5.4	0.1	1.1279e-004
1002	23.439	0.	0.1	3.8562e-007
1003	22.317	0.	0.1	1.2925e-006
1004	21.195	0.	0.1	2.8855e-006
1005	20.074	0.	0.1	5.171e-006
1006	18.952	0.	0.1	8.1629e-006
1007	17.83	0.	0.1	1.1871e-005
1008	16.708	0.	0.1	1.6311e-005
1009	15.586	0.	0.1	2.149e-005
1010	14.464	0.	0.1	2.7393e-005
1011	13.342	0.	0.1	3.4038e-005
1012	12.221	0.	0.1	4.1454e-005
1013	11.099	0.	0.1	4.9592e-005
1014	9.9769	0.	0.1	5.8405e-005
1015	8.855	0.	0.1	6.7614e-005
1016	7.7331	0.	0.1	7.6464e-005
1017	6.6113	0.	0.1	8.1225e-005
1018	5.4894	0.	0.1	7.1175e-005
1019	4.3676	0.	0.1	5.0717e-005
1020	3.0333	1.4659e-030	0.1	8.9081e-005
1021	1.82	8.7956e-031	0.1	1.1809e-004
1022	0.60667	2.9319e-031	0.1	1.0983e-004
1023	0.60667	6.	0.1	1.1106e-004
1024	1.82	6.	0.1	1.207e-004
1025	3.0333	6.	0.1	9.1684e-005
