Node Number	X Location (in)	Y Location (in)	Z Location (in)	Maximum Principal Stress (psi)
1	5.1533	2.3365	0.	1099.5
2	5.1439	3.2114	0.	580.74
3	3.2795	3.7888	0.	-97.649
4	5.7501	3.2812	0.	382.02
5	3.7652	1.1756	0.	525.28
6	3.6656	4.8596	0.	281.99
7	7.807	1.9215	0.	7.4985
8	7.793	4.2041	0.	6.9826
9	4.5474	3.0199	0.	523.36
10	5.3345	2.6781	0.	393.99
11	21.668	4.0157	0.	6.4676
12	19.325	4.0098	0.	6.5506
13	16.983	3.9999	0.	4.8081
14	14.637	4.0445	0.	0.5394
15	12.305	4.0345	0.	-4.7798
16	10.002	4.041	0.	25.98
17	6.5252	3.5625	0.	54.077
18	21.66	2.0055	0.	6.4252
19	10.001	2.0218	0.	25.657
20	12.299	2.0559	0.	-4.3149
21	14.636	2.0152	0.	0.40346
22	16.976	2.007	0.	4.8671
23	19.324	2.0068	0.	6.3552
24	3.3322	2.366	0.	-106.25
25	1.6635	3.9754	0.	322.46
26	1.7012	2.0198	0.	320.32
27	5.8071	2.6571	0.	412.03
28	6.5254	2.5079	0.	113.15
29	6.5254	2.5079	0.1	937.58
30	5.8071	2.6571	0.1	1163.6
31	1.7012	2.0198	0.1	1206.1
32	1.6635	3.9754	0.1	1188.4
33	3.3322	2.366	0.1	1230.
34	19.324	2.0068	0.1	74.989
35	16.976	2.007	0.1	154.8
36	14.636	2.0152	0.1	264.83
37	12.299	2.0559	0.1	412.53
38	10.001	2.0218	0.1	557.3
39	21.66	2.0055	0.1	26.747
40	6.5252	3.5625	0.1	935.64
41	10.002	4.041	0.1	560.72
42	12.305	4.0345	0.1	412.77
43	14.637	4.0445	0.1	264.71
44	16.983	3.9999	0.1	154.49
45	19.325	4.0098	0.1	74.929
46	21.668	4.0157	0.1	26.646
47	5.3345	2.6781	0.1	1952.9
48	4.5474	3.0199	0.1	1288.1
49	7.793	4.2041	0.1	601.08
50	7.807	1.9215	0.1	598.28
51	3.6656	4.8596	0.1	956.86
52	3.7652	1.1756	0.1	789.29
53	5.7501	3.2812	0.1	1321.6
54	3.2795	3.7888	0.1	1290.7
55	5.1439	3.2114	0.1	1594.3
56	5.1533	2.3365	0.1	1199.4
57	5.2667	5.	0.1	1235.8
58	5.2667	4.5	0.1	1926.1
59	5.2667	4.	0.1	4525.3
60	5.1	4.	0.1	3110.6
61	5.1	4.5	0.1	1194.5
62	5.1	5.	0.1	1077.1
63	5.2667	1.	0.1	1247.2
64	5.2667	1.5	0.1	1853.4
65	5.2667	2.	0.1	4533.8
66	5.1	2.	0.1	4669.3
67	5.1	1.5	0.1	1252.9
68	5.1	1.	0.1	824.34
69	5.2667	6.	0.1	599.84
70	7.6083	6.	0.1	503.05
71	9.95	6.	0.1	565.3
72	12.292	6.	0.1	415.01
73	14.633	6.	0.1	266.4
74	16.975	6.	0.1	154.46
75	19.317	6.	0.1	72.879
76	21.658	6.	0.1	24.24
77	24.	6.	0.1	7.9585
78	24.	4.	0.1	10.932
79	24.	2.	0.1	11.039
80	1.7484e-014	2.	0.1	1954.9
81	3.4968e-014	4.	0.1	1944.9
82	24.	0.	0.1	8.1781
83	21.658	0.	0.1	24.114
84	19.317	0.	0.1	72.735
85	16.975	0.	0.1	154.65
86	14.633	0.	0.1	266.64
87	12.292	0.	0.1	411.62
88	9.95	0.	0.1	552.65
89	7.6083	0.	0.1	500.57
90	5.2667	0.	0.1	584.97
91	5.1	0.	0.1	949.29
92	2.55	1.0919e-030	0.1	1023.
93	0.	0.	0.1	1684.7
94	3.937e-014	6.	0.1	1628.5
95	2.55	6.	0.1	1046.9
96	5.1	6.	0.1	1011.5
97	2.55	6.	0.	249.78
98	5.1	6.	0.	296.06
99	3.937e-014	6.	0.	-793.37
100	2.55	1.0919e-030	0.	271.36
101	5.1	0.	0.	403.52
102	0.	0.	0.	-822.89
103	7.6083	0.	0.	80.372
104	9.95	0.	0.	27.253
105	12.292	0.	0.	-4.7149
106	14.633	0.	0.	6.8339
107	16.975	0.	0.	8.8165
108	19.317	0.	0.	9.7049
109	21.658	0.	0.	9.3256
110	5.2667	0.	0.	-29.629
111	24.	0.	0.	4.7862
112	3.4968e-014	4.	0.	-952.94
113	1.7484e-014	2.	0.	-959.23
114	24.	2.	0.	3.3649
115	24.	4.	0.	3.4917
116	24.	6.	0.	4.8574
117	21.658	6.	0.	9.3107
118	19.317	6.	0.	9.7914
119	16.975	6.	0.	8.1467
120	14.633	6.	0.	6.9098
121	12.292	6.	0.	-4.5422
122	9.95	6.	0.	27.536
123	7.6083	6.	0.	77.039
124	5.2667	6.	0.	15.244
125	5.1	1.5	0.	347.96
126	5.1	1.	0.	-128.67
127	5.1	2.	0.	-138.71
128	5.2667	1.	0.	-66.812
129	5.2667	1.5	0.	-124.91
130	5.2667	2.	0.	-159.37
131	5.1	4.5	0.	375.4
132	5.1	5.	0.	-151.97
133	5.1	4.	0.	-425.76
134	5.2667	5.	0.	-62.984
135	5.2667	4.5	0.	-120.9
136	5.2667	4.	0.	-228.61
137	4.8503	2.6782	0.	801.56
138	5.2439	2.5073	0.	716.28
139	5.1533	2.3365	5.e-002	261.33
140	5.1267	2.1682	0.	287.66
141	4.8456	3.1157	0.	546.4
142	5.2392	2.9447	0.	487.33
143	5.1439	3.2114	5.e-002	143.4
144	5.2053	3.6057	0.	-78.097
145	3.4725	4.3242	0.	15.828
146	3.3058	3.0774	0.	-104.56
147	2.4715	3.8821	0.	112.13
148	3.2795	3.7888	5.e-002	27.924
149	4.1898	3.8944	0.	-331.03
150	5.5423	2.9796	0.	385.86
151	6.1376	3.4219	0.	216.5
152	5.7786	2.9691	0.	378.97
153	5.7501	3.2812	5.e-002	56.874
154	5.5084	3.6406	0.	-106.61
155	3.5487	1.7708	0.	87.726
156	3.7652	1.1756	5.e-002	16.27
157	3.1576	0.58779	0.	189.68
158	4.4326	1.3378	0.	340.01
159	4.4326	1.0878	0.	27.051
160	3.6656	4.8596	5.e-002	22.151
161	3.1078	5.4298	0.	149.85
162	4.3828	4.6798	0.	274.68
163	4.3828	4.9298	0.	-50.011
164	7.8	3.0628	0.	0.87425
165	8.904	1.9717	0.	15.233
166	7.1662	2.2147	0.	48.323
167	7.807	1.9215	5.e-002	14.473
168	7.7076	0.96074	0.	30.197
169	6.5368	1.4607	0.	-38.892
170	8.8977	4.1225	0.	15.663
171	7.1591	3.8833	0.	17.451
172	7.793	4.2041	5.e-002	14.729
173	7.7006	5.102	0.	23.372
174	6.5298	4.602	0.	-39.382
175	3.9398	2.693	0.	118.66
176	4.5474	3.0199	5.e-002	72.42
177	4.8237	3.51	0.	-22.611
178	5.3345	2.6781	5.e-002	26.77
179	5.3006	2.339	0.	-60.169
180	20.496	4.0128	0.	6.4934
181	21.664	3.0106	0.	6.0004
182	21.668	4.0157	5.e-002	1.0375
183	22.834	4.0079	0.	4.9793
184	21.663	5.0079	0.	7.4359
185	18.154	4.0049	0.	5.6616
186	19.324	3.0083	0.	5.9227
187	19.325	4.0098	5.e-002	1.367
188	19.321	5.0049	0.	7.6201
189	15.81	4.0222	0.	2.6488
190	16.98	3.0035	0.	4.3481
191	16.983	3.9999	5.e-002	1.7665
192	16.979	5.	0.	5.8914
193	13.471	4.0395	0.	-3.5975
194	14.636	3.0299	0.	0.18929
195	14.637	4.0445	5.e-002	2.7422
196	14.635	5.0223	0.	3.1005
197	11.154	4.0377	0.	10.588
198	12.302	3.0452	0.	-4.5605
199	12.305	4.0345	5.e-002	5.2437
200	12.298	5.0172	0.	-10.407
201	10.002	3.0314	0.	25.519
202	10.002	4.041	5.e-002	9.3077
203	9.9762	5.0205	0.	26.657
204	6.5253	3.0352	0.	66.821
205	6.5252	3.5625	5.e-002	31.26
206	5.8959	4.0313	0.	-82.325
207	20.492	2.0062	0.	6.3759
208	21.66	2.0055	5.e-002	1.0619
209	21.659	1.0028	0.	7.4229
210	22.83	2.0028	0.	4.8949
211	11.15	2.0389	0.	10.658
212	10.001	2.0218	5.e-002	8.7026
213	9.9755	1.0109	0.	26.146
214	13.467	2.0355	0.	-3.3846
215	12.299	2.0559	5.e-002	5.3495
216	12.295	1.028	0.	-9.845
217	15.806	2.0111	0.	2.6029
218	14.636	2.0152	5.e-002	2.781
219	14.635	1.0076	0.	3.0077
220	18.15	2.0069	0.	5.5945
221	16.976	2.007	5.e-002	1.8123
222	16.976	1.0035	0.	6.2173
223	19.324	2.0068	5.e-002	1.3807
224	19.32	1.0034	0.	7.4718
225	2.5167	2.1929	0.	105.68
226	3.3322	2.366	5.e-002	42.648
227	4.2161	2.183	0.	-224.45
228	1.6823	2.9976	0.	321.1
229	1.6635	3.9754	5.e-002	23.483
230	2.1067	4.9877	0.	285.78
231	0.83173	3.9877	0.	-319.32
232	1.7012	2.0198	5.e-002	20.511
233	2.1256	1.0099	0.	295.43
234	0.85059	2.0099	0.	-322.81
235	6.1663	2.5825	0.	262.56
236	5.8071	2.6571	5.e-002	70.842
237	5.5369	2.3285	0.	-21.697
238	6.5254	2.5079	5.e-002	42.199
239	5.8961	2.004	0.	-89.92
240	6.1663	2.5825	0.1	1049.
241	6.5253	3.0352	0.1	925.27
242	7.1662	2.2147	0.1	767.16
243	5.8961	2.004	0.1	1359.4
244	5.7786	2.9691	0.1	1231.1
245	5.5369	2.3285	0.1	2827.4
246	1.6823	2.9976	0.1	1195.5
247	2.5167	2.1929	0.1	1217.9
248	0.85059	2.0099	0.1	1580.3
249	2.1256	1.0099	0.1	1107.2
250	2.4715	3.8821	0.1	1239.5
251	0.83173	3.9877	0.1	1566.1
252	2.1067	4.9877	0.1	1111.3
253	3.9398	2.693	0.1	1259.
254	3.5487	1.7708	0.1	996.92
255	3.3058	3.0774	0.1	1258.8
256	4.2161	2.183	0.1	2924.4
257	18.15	2.0069	0.1	114.88
258	20.492	2.0062	0.1	50.847
259	19.324	3.0083	0.1	74.43
260	19.32	1.0034	0.1	73.296
261	15.806	2.0111	0.1	209.78
262	16.98	3.0035	0.1	154.15
263	16.976	1.0035	0.1	154.09
264	13.467	2.0355	0.1	338.67
265	14.636	3.0299	0.1	264.49
266	14.635	1.0076	0.1	265.12
267	11.15	2.0389	0.1	484.9
268	12.302	3.0452	0.1	412.47
269	12.295	1.028	0.1	411.62
270	10.002	3.0314	0.1	558.56
271	8.904	1.9717	0.1	577.66
272	9.9755	1.0109	0.1	554.56
273	21.664	3.0106	0.1	26.251
274	22.83	2.0028	0.1	18.869
275	21.659	1.0028	0.1	24.974
276	7.1591	3.8833	0.1	767.3
277	6.1376	3.4219	0.1	1127.5
278	5.8959	4.0313	0.1	1399.1
279	11.154	4.0377	0.1	486.74
280	8.8977	4.1225	0.1	580.87
281	9.9762	5.0205	0.1	562.69
282	13.471	4.0395	0.1	338.73
283	12.298	5.0172	0.1	413.44
284	15.81	4.0222	0.1	209.57
285	14.635	5.0223	0.1	264.94
286	18.154	4.0049	0.1	114.69
287	16.979	5.	0.1	153.88
288	20.496	4.0128	0.1	50.765
289	19.321	5.0049	0.1	73.346
290	21.663	5.0079	0.1	24.986
291	22.834	4.0079	0.1	18.762
292	5.5423	2.9796	0.1	1635.2
293	5.2392	2.9447	0.1	1770.5
294	5.2439	2.5073	0.1	1566.4
295	5.3006	2.339	0.1	3176.3
296	4.8456	3.1157	0.1	1435.4
297	4.8503	2.6782	0.1	1238.3
298	4.8237	3.51	0.1	2128.3
299	7.8	3.0628	0.1	598.58
300	6.5298	4.602	0.1	884.31
301	7.7006	5.102	0.1	551.91
302	6.5368	1.4607	0.1	892.95
303	7.7076	0.96074	0.1	549.34
304	3.4725	4.3242	0.1	1115.9
305	4.3828	4.6798	0.1	1022.9
306	4.3828	4.9298	0.1	1016.6
307	3.1078	5.4298	0.1	1001.2
308	4.4326	1.3378	0.1	919.72
309	4.4326	1.0878	0.1	797.14
310	3.1576	0.58779	0.1	905.97
311	5.5084	3.6406	0.1	2919.9
312	4.1898	3.8944	0.1	2167.6
313	5.2053	3.6057	0.1	3047.1
314	5.1267	2.1682	0.1	2912.3
315	5.2667	4.75	0.1	1580.4
316	5.2667	5.5	0.1	916.54
317	5.2667	5.	5.e-002	77.278
318	5.2667	4.25	0.1	3173.
319	5.2667	4.5	5.e-002	54.821
320	5.1833	4.	0.1	3639.9
321	5.2667	4.	5.e-002	210.53
322	5.1	4.25	0.1	2120.2
323	5.1	4.	5.e-002	44.253
324	5.1	4.75	0.1	1107.6
325	5.1	4.5	5.e-002	105.78
326	5.1	5.5	0.1	1040.3
327	5.1	5.	5.e-002	4.9702
328	5.2667	1.25	0.1	1550.1
329	5.2667	0.5	0.1	915.57
330	5.2667	1.	5.e-002	74.501
331	5.2667	1.75	0.1	3180.1
332	5.2667	1.5	5.e-002	59.392
333	5.1833	2.	0.1	4265.6
334	5.2667	2.	5.e-002	133.89
335	5.1	1.75	0.1	2827.6
336	5.1	2.	5.e-002	615.84
337	5.1	1.25	0.1	951.58
338	5.1	1.5	5.e-002	171.14
339	5.1	0.5	0.1	865.24
340	5.1	1.	5.e-002	36.101
341	6.4375	6.	0.1	511.18
342	5.2667	6.	5.e-002	22.083
343	8.7792	6.	0.1	533.44
344	7.6083	6.	5.e-002	14.07
345	11.121	6.	0.1	490.13
346	9.95	6.	5.e-002	5.2339
347	13.463	6.	0.1	340.56
348	12.292	6.	5.e-002	3.4117
349	15.804	6.	0.1	210.31
350	14.633	6.	5.e-002	4.3724
351	18.146	6.	0.1	113.53
352	16.975	6.	5.e-002	3.8486
353	20.487	6.	0.1	48.413
354	19.317	6.	5.e-002	2.7576
355	22.829	6.	0.1	16.035
356	21.658	6.	5.e-002	1.749
357	24.	5.	0.1	9.1105
358	24.	6.	5.e-002	1.1713
359	24.	3.	0.1	10.813
360	24.	4.	5.e-002	0.98824
361	24.	1.	0.1	9.2619
362	24.	2.	5.e-002	0.9676
363	2.6226e-014	3.	0.1	1949.8
364	8.7419e-015	1.	0.1	1819.2
365	1.772e-014	2.	5.e-002	12.844
366	4.371e-014	5.	0.1	1785.8
367	3.5441e-014	4.	5.e-002	16.703
368	22.829	0.	0.1	16.08
369	24.	0.	5.e-002	1.1814
370	20.487	0.	0.1	48.285
371	21.658	0.	5.e-002	1.7749
372	18.146	0.	0.1	113.57
373	19.317	0.	5.e-002	2.8112
374	15.804	0.	0.1	210.49
375	16.975	0.	5.e-002	4.0205
376	13.463	0.	0.1	339.
377	14.633	0.	5.e-002	4.3084
378	11.121	0.	0.1	482.13
379	12.292	0.	5.e-002	3.5619
380	8.7792	0.	0.1	526.33
381	9.95	0.	5.e-002	6.0973
382	6.4375	0.	0.1	514.19
383	7.6083	0.	5.e-002	10.89
384	5.2667	0.	5.e-002	15.006
385	3.825	1.6378e-030	0.1	976.83
386	5.1	2.1837e-030	5.e-002	111.32
387	1.275	5.4593e-031	0.1	1343.7
388	2.55	0.	5.e-002	44.854
389	0.	0.	5.e-002	36.398
390	1.275	6.	0.1	1327.
391	5.2451e-014	6.	5.e-002	41.192
392	3.825	6.	0.1	1019.
393	2.55	6.	5.e-002	48.64
394	5.1	6.	5.e-002	97.053
395	3.825	6.	0.	84.334
396	1.275	6.	0.	-277.04
397	5.1	5.5	0.	-59.034
398	4.371e-014	5.	0.	-881.15
399	3.825	1.6378e-030	0.	122.7
400	1.275	5.4593e-031	0.	-280.05
401	5.1	0.5	0.	-32.656
402	8.7419e-015	1.	0.	-897.98
403	8.7792	0.	0.	43.768
404	6.4375	0.	0.	-3.042
405	11.121	0.	0.	6.4674
406	13.463	0.	0.	0.92222
407	15.804	0.	0.	7.6587
408	18.146	0.	0.	9.1416
409	20.487	0.	0.	9.3886
410	22.829	0.	0.	7.023
411	5.2667	0.5	0.	-75.584
412	24.	1.	0.	3.7334
413	2.6226e-014	3.	0.	-963.2
414	24.	3.	0.	3.2552
415	24.	5.	0.	3.8418
416	22.829	6.	0.	7.0563
417	20.487	6.	0.	9.4169
418	18.146	6.	0.	8.8372
419	15.804	6.	0.	7.3884
420	13.463	6.	0.	1.0324
421	11.121	6.	0.	5.2761
422	8.7792	6.	0.	39.133
423	6.4375	6.	0.	6.7165
424	5.2667	5.5	0.	-49.62
425	5.1	1.25	0.	-85.014
426	5.1	1.75	0.	-23.227
427	5.1833	2.	0.	-379.86
428	5.2667	1.25	0.	-98.724
429	5.2667	1.75	0.	-144.15
430	5.1	4.75	0.	-38.216
431	5.1	4.25	0.	-55.671
432	5.1833	4.	0.	-396.37
433	5.2667	4.75	0.	-97.934
434	5.2667	4.25	0.	-180.51
