Node Number	X Location (in)	Y Location (in)	Z Location (in)	Middle Principal Stress (psi)
1	18.009	2.3094	0.	407.14
2	18.692	4.0807	0.	-425.32
3	17.242	2.3326	0.	-113.45
4	17.289	5.3687	0.	-17.821
5	19.023	3.7433	0.	-110.65
6	22.288	4.0013	0.	-1.1923
7	21.441	4.0052	0.	-15.58
8	1.9961	2.006	0.	-1380.6
9	2.9772	1.9595	0.	-744.35
10	3.9554	1.9234	0.	-492.11
11	4.9496	1.8537	0.	-314.36
12	5.9766	1.8744	0.	-198.02
13	6.9754	1.9682	0.	-131.15
14	7.9728	2.0122	0.	-77.134
15	9.0006	2.0222	0.	-42.003
16	10.035	2.0376	0.	-21.578
17	11.082	2.0572	0.	-7.4312
18	12.107	2.0541	0.	-5.9375
19	13.151	2.0406	0.	1.6178
20	14.1	1.9406	0.	-17.13
21	15.012	1.7136	0.	-34.384
22	2.0069	3.0209	0.	-1535.1
23	14.509	5.0715	0.	3.8168
24	18.268	2.4666	0.	-105.81
25	17.827	3.2313	0.	57.103
26	16.556	5.2066	0.	32.686
27	15.573	5.1278	0.	15.944
28	13.422	5.0443	0.	-2.8496
29	12.332	5.0367	0.	0.69675
30	11.211	5.0367	0.	-1.3508
31	10.09	5.0367	0.	-8.5237
32	8.97	5.0244	0.	-21.521
33	7.8716	5.0351	0.	-59.94
34	6.7656	5.0631	0.	-111.55
35	5.6204	5.0552	0.	-127.55
36	4.4719	5.0245	0.	-223.4
37	3.3355	5.0076	0.	-366.52
38	2.2105	5.0133	0.	-764.5
39	1.1041	5.0046	0.	-782.26
40	1.0674	4.0162	0.	-1296.8
41	1.0197	3.0123	0.	-1390.2
42	1.0005	2.0038	0.	-1310.9
43	0.99358	0.99392	0.	-815.9
44	1.9884	0.98817	0.	-787.37
45	2.984	0.97595	0.	-398.21
46	3.9805	0.95701	0.	-291.5
47	4.9849	0.94453	0.	-189.73
48	6.	0.96325	0.	-124.76
49	6.9994	0.97798	0.	-76.126
50	8.0003	0.98342	0.	-42.739
51	9.0057	1.0157	0.	-22.58
52	10.013	1.0208	0.	-11.023
53	11.023	1.0295	0.	-2.3735
54	12.034	1.031	0.	-1.2116
55	13.028	1.0107	0.	-8.6874
56	13.996	0.95102	0.	0.70132
57	14.953	0.84721	0.	13.177
58	15.921	0.71062	0.	45.221
59	16.935	0.57904	0.	-16.952
60	16.999	1.1129	0.	2.6355
61	17.099	1.6945	0.	-51.202
62	18.99	5.505	0.	12.805
63	18.922	5.1407	0.	-15.514
64	18.804	4.5	0.	-23.494
65	23.17	5.0079	0.	-5.5845
66	22.32	4.999	0.	1.23
67	21.505	5.0155	0.	-2.7309
68	20.7	5.0705	0.	-13.954
69	19.905	5.1603	0.	-3.9115
70	23.037	1.	0.	-8.5139
71	23.053	1.9835	0.	-10.409
72	23.094	2.985	0.	-10.54
73	23.135	3.9865	0.	-10.098
74	19.199	0.59006	0.	12.794
75	20.196	0.75879	0.	27.563
76	21.141	0.93985	0.	-9.7341
77	22.058	0.98243	0.	4.4246
78	19.123	1.1328	0.	-11.34
79	19.054	1.6587	0.	-31.949
80	19.193	2.2048	0.	-136.23
81	17.4	4.8892	0.	-32.88
82	17.354	4.3417	0.	-15.391
83	17.242	3.7606	0.	-84.914
84	17.848	2.5563	0.	59.602
85	19.401	4.852	0.	48.229
86	22.085	1.9859	0.	3.1652
87	19.313	2.7137	0.	-233.12
88	16.631	4.4626	0.	85.605
89	17.222	3.1021	0.	-0.70704
90	18.354	2.8313	0.	91.321
91	19.172	3.1393	0.	-173.34
92	15.525	4.2498	0.	-18.808
93	14.468	4.0872	0.	-29.747
94	13.406	4.0441	0.	8.181
95	12.296	4.0544	0.	-2.6341
96	11.186	4.0548	0.	-6.3742
97	10.078	4.0484	0.	-21.786
98	8.9698	4.0362	0.	-49.45
99	7.8682	4.051	0.	-86.127
100	6.8322	4.0972	0.	-138.16
101	5.7248	4.2122	0.	-172.14
102	4.458	4.0325	0.	-502.16
103	3.2528	4.0196	0.	-703.86
104	2.1481	4.0232	0.	-1358.3
105	19.383	4.3654	0.	-98.492
106	19.784	3.5723	0.	-198.96
107	20.175	2.3057	0.	-90.677
108	21.047	1.9576	0.	-87.038
109	16.522	3.6214	0.	2.258
110	15.983	1.3693	0.	65.207
111	16.481	2.4471	0.	7.0213
112	16.218	1.9245	0.	55.123
113	22.194	2.9805	0.	6.2792
114	3.0769	3.0122	0.	-866.14
115	20.008	4.2243	0.	-73.53
116	20.401	2.9733	0.	-158.58
117	16.577	3.0417	0.	-38.038
118	15.587	3.4652	0.	-25.583
119	13.328	3.0536	0.	15.055
120	12.225	3.0602	0.	-3.797
121	11.137	3.0608	0.	-7.3421
122	10.065	3.056	0.	-26.436
123	8.9897	3.0371	0.	-56.72
124	5.8012	3.4765	0.	-301.09
125	4.018	2.9113	0.	-562.1
126	4.9277	2.697	0.	-390.42
127	5.0618	3.3817	0.	-372.13
128	5.8671	2.6521	0.	-243.6
129	6.8495	3.0441	0.	-200.35
130	7.9262	3.0282	0.	-83.739
131	15.283	2.3906	0.	-6.8531
132	14.514	3.0202	0.	-5.779
133	15.823	2.8354	0.	2.0695
134	21.313	3.0124	0.	-42.271
135	18.418	3.409	0.	115.54
136	20.681	4.0837	0.	-50.291
137	19.828	1.7912	0.	-94.656
138	20.082	1.3996	0.	-7.9131
139	20.082	1.3996	0.1	7.9131
140	19.828	1.7912	0.1	94.656
141	20.681	4.0837	0.1	50.291
142	18.418	3.409	0.1	-115.54
143	21.313	3.0124	0.1	42.271
144	15.823	2.8354	0.1	-2.0695
145	14.514	3.0202	0.1	5.779
146	15.283	2.3906	0.1	6.8531
147	7.9262	3.0282	0.1	83.739
148	6.8495	3.0441	0.1	200.35
149	5.8671	2.6521	0.1	243.6
150	5.0618	3.3817	0.1	372.13
151	4.9277	2.697	0.1	390.42
152	4.018	2.9113	0.1	562.1
153	5.8012	3.4765	0.1	301.09
154	8.9897	3.0371	0.1	56.72
155	10.065	3.056	0.1	26.436
156	11.137	3.0608	0.1	7.3422
157	12.225	3.0602	0.1	3.797
158	13.328	3.0536	0.1	-15.055
159	15.587	3.4652	0.1	25.583
160	16.577	3.0417	0.1	38.038
161	20.401	2.9733	0.1	158.58
162	20.008	4.2243	0.1	73.53
163	3.0769	3.0122	0.1	866.14
164	22.194	2.9805	0.1	-6.2792
165	16.218	1.9245	0.1	-55.123
166	16.481	2.4471	0.1	-7.0213
167	15.983	1.3693	0.1	-65.207
168	16.522	3.6214	0.1	-2.258
169	21.047	1.9576	0.1	87.038
170	20.175	2.3057	0.1	90.677
171	19.784	3.5723	0.1	198.96
172	19.383	4.3654	0.1	98.492
173	2.1481	4.0232	0.1	1358.3
174	3.2528	4.0196	0.1	703.86
175	4.458	4.0325	0.1	502.16
176	5.7248	4.2122	0.1	172.14
177	6.8322	4.0972	0.1	138.16
178	7.8682	4.051	0.1	86.127
179	8.9698	4.0362	0.1	49.45
180	10.078	4.0484	0.1	21.786
181	11.186	4.0548	0.1	6.3742
182	12.296	4.0544	0.1	2.6341
183	13.406	4.0441	0.1	-8.181
184	14.468	4.0872	0.1	29.747
185	15.525	4.2498	0.1	18.808
186	19.172	3.1393	0.1	173.34
187	18.354	2.8313	0.1	-91.321
188	17.222	3.1021	0.1	0.70704
189	16.631	4.4626	0.1	-85.605
190	19.313	2.7137	0.1	233.12
191	22.085	1.9859	0.1	-3.1652
192	19.401	4.852	0.1	-48.229
193	17.848	2.5563	0.1	-59.602
194	17.242	3.7606	0.1	84.914
195	17.354	4.3417	0.1	15.391
196	17.4	4.8892	0.1	32.88
197	19.193	2.2048	0.1	136.23
198	19.054	1.6587	0.1	31.949
199	19.123	1.1328	0.1	11.34
200	22.058	0.98243	0.1	-4.4246
201	21.141	0.93985	0.1	9.7341
202	20.196	0.75879	0.1	-27.563
203	19.199	0.59006	0.1	-12.794
204	23.135	3.9865	0.1	10.098
205	23.094	2.985	0.1	10.54
206	23.053	1.9835	0.1	10.409
207	23.037	1.	0.1	8.5139
208	19.905	5.1603	0.1	3.9116
209	20.7	5.0705	0.1	13.954
210	21.505	5.0155	0.1	2.7309
211	22.32	4.999	0.1	-1.23
212	23.17	5.0079	0.1	5.5845
213	18.804	4.5	0.1	23.494
214	18.922	5.1407	0.1	15.514
215	18.99	5.505	0.1	-12.805
216	17.099	1.6945	0.1	51.202
217	16.999	1.1129	0.1	-2.6355
218	16.935	0.57904	0.1	16.952
219	15.921	0.71062	0.1	-45.221
220	14.953	0.84721	0.1	-13.177
221	13.996	0.95102	0.1	-0.70132
222	13.028	1.0107	0.1	8.6874
223	12.034	1.031	0.1	1.2116
224	11.023	1.0295	0.1	2.3735
225	10.013	1.0208	0.1	11.023
226	9.0057	1.0157	0.1	22.58
227	8.0003	0.98342	0.1	42.739
228	6.9994	0.97798	0.1	76.126
229	6.	0.96325	0.1	124.76
230	4.9849	0.94453	0.1	189.73
231	3.9805	0.95701	0.1	291.5
232	2.984	0.97595	0.1	398.21
233	1.9884	0.98817	0.1	787.37
234	0.99358	0.99392	0.1	815.9
235	1.0005	2.0038	0.1	1310.9
236	1.0197	3.0123	0.1	1390.2
237	1.0674	4.0162	0.1	1296.8
238	1.1041	5.0046	0.1	782.26
239	2.2105	5.0133	0.1	764.5
240	3.3355	5.0076	0.1	366.52
241	4.4719	5.0245	0.1	223.4
242	5.6204	5.0552	0.1	127.55
243	6.7656	5.0631	0.1	111.55
244	7.8716	5.0351	0.1	59.94
245	8.97	5.0244	0.1	21.521
246	10.09	5.0367	0.1	8.5237
247	11.211	5.0367	0.1	1.3508
248	12.332	5.0367	0.1	-0.69675
249	13.422	5.0443	0.1	2.8496
250	15.573	5.1278	0.1	-15.944
251	16.556	5.2066	0.1	-32.686
252	17.827	3.2313	0.1	-57.103
253	18.268	2.4666	0.1	105.81
254	14.509	5.0715	0.1	-3.8168
255	2.0069	3.0209	0.1	1535.1
256	15.012	1.7136	0.1	34.384
257	14.1	1.9406	0.1	17.13
258	13.151	2.0406	0.1	-1.6178
259	12.107	2.0541	0.1	5.9375
260	11.082	2.0572	0.1	7.4312
261	10.035	2.0376	0.1	21.578
262	9.0006	2.0222	0.1	42.003
263	7.9728	2.0122	0.1	77.134
264	6.9754	1.9682	0.1	131.15
265	5.9766	1.8744	0.1	198.02
266	4.9496	1.8537	0.1	314.36
267	3.9554	1.9234	0.1	492.11
268	2.9772	1.9595	0.1	744.35
269	1.9961	2.006	0.1	1380.6
270	21.441	4.0052	0.1	15.58
271	22.288	4.0013	0.1	1.1923
272	19.023	3.7433	0.1	110.65
273	17.289	5.3687	0.1	17.821
274	17.242	2.3326	0.1	113.45
275	18.692	4.0807	0.1	425.32
276	18.009	2.3094	0.1	-407.14
277	18.167	0.5	0.1	140.93
278	18.167	1.	0.1	113.03
279	18.167	1.5	0.1	25.243
280	18.167	2.	0.1	661.65
281	18.	2.	0.1	873.93
282	18.	1.5	0.1	231.65
283	18.	1.	0.1	167.47
284	18.	0.5	0.1	157.49
285	18.167	5.5	0.1	102.31
286	18.167	5.	0.1	80.367
287	18.167	4.5	0.1	127.1
288	18.167	4.	0.1	331.64
289	18.	4.	0.1	410.61
290	18.	4.5	0.1	97.346
291	18.	5.	0.1	119.59
292	18.	5.5	0.1	82.509
293	18.167	6.	0.1	123.13
294	19.	6.	0.1	12.481
295	19.833	6.	0.1	-12.399
296	20.667	6.	0.1	-2.3311
297	21.5	6.	0.1	0.49512
298	22.333	6.	0.1	-4.9591
299	23.167	6.	0.1	1.326
300	24.	6.	0.1	9.2358
301	24.	5.	0.1	16.153
302	24.	4.	0.1	19.647
303	24.	3.	0.1	19.112
304	24.	2.	0.1	23.138
305	24.	1.	0.1	19.538
306	8.7419e-015	1.	0.1	3739.
307	1.7484e-014	2.	0.1	4040.7
308	2.6226e-014	3.	0.1	4123.5
309	3.4968e-014	4.	0.1	4036.3
310	4.371e-014	5.	0.1	3765.7
311	3.937e-014	6.	0.1	2448.1
312	1.1211	6.	0.1	162.26
313	2.2422	6.	0.1	394.42
314	3.3633	6.	0.1	197.81
315	4.4844	6.	0.1	131.5
316	5.6055	6.	0.1	80.843
317	6.7266	6.	0.1	78.939
318	7.8478	6.	0.1	45.667
319	8.9689	6.	0.1	9.0742
320	10.09	6.	0.1	3.2468
321	11.211	6.	0.1	0.99826
322	12.332	6.	0.1	-2.6269
323	13.453	6.	0.1	-0.44741
324	14.574	6.	0.1	-19.076
325	15.696	6.	0.1	-9.2381
326	16.817	6.	0.1	-49.642
327	17.439	6.	0.1	-3.2319
328	18.	6.	0.1	159.52
329	24.	0.	0.1	15.104
330	23.028	0.	0.1	5.531
331	22.056	0.	0.1	-7.6886
332	21.083	0.	0.1	-3.8232
333	20.111	0.	0.1	-28.843
334	19.139	0.	0.1	-10.623
335	18.167	0.	0.1	141.46
336	18.	0.	0.1	182.41
337	17.	2.6353e-030	0.1	-2.0484
338	16.	2.4803e-030	0.1	-47.423
339	15.	2.3253e-030	0.1	-10.339
340	14.	2.1703e-030	0.1	-3.3273
341	13.	2.0152e-030	0.1	-1.6065
342	12.	1.8602e-030	0.1	-1.0808
343	11.	1.7052e-030	0.1	2.1941
344	10.	1.5502e-030	0.1	4.138
345	9.	1.3952e-030	0.1	12.137
346	8.	1.2401e-030	0.1	25.182
347	7.	1.0851e-030	0.1	47.556
348	6.	9.3011e-031	0.1	80.845
349	5.	7.7509e-031	0.1	122.07
350	4.	6.2007e-031	0.1	185.27
351	3.	4.6505e-031	0.1	224.88
352	2.	3.1004e-031	0.1	400.51
353	1.	1.5502e-031	0.1	170.96
354	0.	0.	0.1	2282.
355	1.	1.5502e-031	0.	-170.96
356	2.	3.1004e-031	0.	-400.51
357	3.	4.6505e-031	0.	-224.88
358	4.	6.2007e-031	0.	-185.27
359	5.	7.7509e-031	0.	-122.07
360	6.	9.3011e-031	0.	-80.845
361	7.	1.0851e-030	0.	-47.556
362	8.	1.2401e-030	0.	-25.182
363	9.	1.3952e-030	0.	-12.137
364	10.	1.5502e-030	0.	-4.138
365	11.	1.7052e-030	0.	-2.1941
366	12.	1.8602e-030	0.	1.0808
367	13.	2.0152e-030	0.	1.6065
368	14.	2.1703e-030	0.	3.3273
369	15.	2.3253e-030	0.	10.339
370	16.	2.4803e-030	0.	47.423
371	17.	2.6353e-030	0.	2.0484
372	18.	0.	0.	-182.41
373	0.	0.	0.	-2282.
374	19.139	0.	0.	10.623
375	20.111	0.	0.	28.843
376	21.083	0.	0.	3.8232
377	22.056	0.	0.	7.6886
378	23.028	0.	0.	-5.531
379	18.167	0.	0.	-141.46
380	24.	0.	0.	-15.104
381	17.439	6.	0.	3.2319
382	16.817	6.	0.	49.642
383	15.696	6.	0.	9.2381
384	14.574	6.	0.	19.076
385	13.453	6.	0.	0.44741
386	12.332	6.	0.	2.6269
387	11.211	6.	0.	-0.99826
388	10.09	6.	0.	-3.2468
389	8.9689	6.	0.	-9.0742
390	7.8478	6.	0.	-45.667
391	6.7266	6.	0.	-78.939
392	5.6055	6.	0.	-80.843
393	4.4844	6.	0.	-131.5
394	3.3633	6.	0.	-197.81
395	2.2422	6.	0.	-394.42
396	1.1211	6.	0.	-162.26
397	18.	6.	0.	-159.52
398	3.937e-014	6.	0.	-2448.1
399	4.371e-014	5.	0.	-3765.7
400	3.4968e-014	4.	0.	-4036.3
401	2.6226e-014	3.	0.	-4123.5
402	1.7484e-014	2.	0.	-4040.7
403	8.7419e-015	1.	0.	-3739.
404	24.	1.	0.	-19.538
405	24.	2.	0.	-23.138
406	24.	3.	0.	-19.112
407	24.	4.	0.	-19.647
408	24.	5.	0.	-16.153
409	24.	6.	0.	-9.2358
410	23.167	6.	0.	-1.326
411	22.333	6.	0.	4.9591
412	21.5	6.	0.	-0.49513
413	20.667	6.	0.	2.3311
414	19.833	6.	0.	12.399
415	19.	6.	0.	-12.481
416	18.167	6.	0.	-123.13
417	18.	4.5	0.	-97.346
418	18.	5.	0.	-119.59
419	18.	5.5	0.	-82.509
420	18.	4.	0.	-410.61
421	18.167	5.5	0.	-102.31
422	18.167	5.	0.	-80.367
423	18.167	4.5	0.	-127.1
424	18.167	4.	0.	-331.64
425	18.	1.5	0.	-231.65
426	18.	1.	0.	-167.47
427	18.	0.5	0.	-157.49
428	18.	2.	0.	-873.93
429	18.167	0.5	0.	-140.93
430	18.167	1.	0.	-113.03
431	18.167	1.5	0.	-25.243
432	18.167	2.	0.	-661.65
433	18.138	2.388	0.	142.72
434	17.928	2.4328	0.	228.65
435	18.009	2.3094	5.e-002	2.27e-005
436	18.004	2.1547	0.	-223.36
437	18.858	3.912	0.	-272.69
438	18.748	4.2904	0.	-209.33
439	18.692	4.0807	5.e-002	2.7856e-005
440	18.43	4.0404	0.	-282.71
441	17.17	2.0135	0.	-75.97
442	17.545	2.4444	0.	-23.602
443	17.232	2.7174	0.	-54.318
444	16.861	2.3898	0.	-46.55
445	17.242	2.3326	5.e-002	1.3395e-005
446	17.621	2.1663	0.	-465.75
447	16.923	5.2877	0.	7.1657
448	17.345	5.129	0.	-25.373
449	17.289	5.3687	5.e-002	1.3764e-005
450	17.364	5.6844	0.	-7.2482
451	17.645	5.4344	0.	-52.399
452	19.097	3.4413	0.	-149.88
453	19.203	4.0543	0.	-99.965
454	19.404	3.6578	0.	-159.29
455	18.721	3.5761	0.	53.686
456	19.023	3.7433	5.e-002	2.9502e-006
457	21.864	4.0032	0.	1.168
458	22.304	4.5001	0.	1.5894e-002
459	22.711	3.9939	0.	-5.6681
460	22.241	3.4909	0.	3.2392
461	22.288	4.0013	5.e-002	1.1037e-005
462	21.473	4.5104	0.	-9.2077
463	21.377	3.5088	0.	-28.9
464	21.061	4.0445	0.	-32.866
465	21.441	4.0052	5.e-002	8.5027e-006
466	2.4866	1.9827	0.	-1062.6
467	2.0015	2.5135	0.	-1461.9
468	1.4983	2.0049	0.	-1345.5
469	1.9922	1.4971	0.	-1088.1
470	1.9961	2.006	5.e-002	-1.1996e-014
471	3.4663	1.9414	0.	-618.55
472	2.9806	1.4677	0.	-572.11
473	3.027	2.4858	0.	-808.28
474	2.9772	1.9595	5.e-002	-1.892e-006
475	4.4525	1.8886	0.	-403.61
476	3.9679	1.4402	0.	-391.8
477	3.9867	2.4174	0.	-527.67
478	3.9554	1.9234	5.e-002	-1.5433e-006
479	5.4631	1.8641	0.	-256.3
480	4.9673	1.3991	0.	-252.04
481	4.9387	2.2754	0.	-350.6
482	4.9496	1.8537	5.e-002	-6.5694e-009
483	6.476	1.9213	0.	-164.67
484	5.9883	1.4188	0.	-161.41
485	5.9218	2.2633	0.	-220.46
486	5.9766	1.8744	5.e-002	-1.4306e-006
487	7.4741	1.9902	0.	-104.13
488	6.9874	1.4731	0.	-103.63
489	6.9124	2.5062	0.	-165.73
490	6.9754	1.9682	5.e-002	4.428e-007
491	8.4867	2.0172	0.	-59.571
492	7.9866	1.4978	0.	-60.087
493	7.9495	2.5202	0.	-80.498
494	7.9728	2.0122	5.e-002	1.1943e-006
495	9.5179	2.0299	0.	-31.796
496	9.0032	1.5189	0.	-32.521
497	8.9951	2.5296	0.	-49.514
498	9.0006	2.0222	5.e-002	1.2105e-006
499	10.559	2.0474	0.	-14.51
500	10.024	1.5292	0.	-16.57
501	10.05	2.5468	0.	-24.224
502	10.035	2.0376	5.e-002	1.8371e-006
503	11.595	2.0556	0.	-3.3016
504	11.052	1.5433	0.	-5.1162
505	11.109	2.559	0.	-7.6548
506	11.082	2.0572	5.e-002	3.709e-006
507	12.629	2.0473	0.	-1.5113
508	12.071	1.5425	0.	-3.4787
509	12.166	2.5571	0.	-4.4012
510	12.107	2.0541	5.e-002	3.2544e-006
511	13.626	1.9906	0.	-5.3684
512	13.09	1.5257	0.	-1.8584
513	13.24	2.5471	0.	9.1706
514	13.151	2.0406	5.e-002	5.0454e-006
515	14.556	1.8271	0.	-25.676
516	14.048	1.4458	0.	-6.8189
517	14.307	2.4804	0.	-2.7838
518	14.1	1.9406	5.e-002	1.9394e-005
519	14.982	1.2804	0.	-8.7375
520	15.498	1.5415	0.	17.624
521	15.148	2.0521	0.	-20.357
522	15.012	1.7136	5.e-002	9.9777e-006
523	1.5133	3.0166	0.	-1462.6
524	2.0775	3.5221	0.	-1451.1
525	2.5419	3.0166	0.	-1200.6
526	2.0069	3.0209	5.e-002	6.0003e-007
527	15.041	5.0996	0.	9.8756
528	13.965	5.0579	0.	0.60119
529	14.488	4.5793	0.	-12.08
530	14.509	5.0715	5.e-002	7.9727e-006
531	14.541	5.5357	0.	11.63
532	18.79	2.5901	0.	-47.978
533	18.311	2.6489	0.	-8.8742
534	18.268	2.4666	5.e-002	1.0814e-005
535	18.217	2.2333	0.	-373.3
536	17.838	2.8938	0.	58.382
537	17.525	3.1667	0.	28.554
538	18.123	3.3201	0.	86.178
539	17.827	3.2313	5.e-002	-1.6388e-006
540	17.914	3.6156	0.	-176.67
541	16.065	5.1672	0.	24.473
542	16.594	4.8346	0.	60.422
543	16.556	5.2066	5.e-002	9.8214e-006
544	16.687	5.6033	0.	41.318
545	15.549	4.6888	0.	-1.1287
546	15.573	5.1278	5.e-002	9.6033e-006
547	15.634	5.5639	0.	13.148
548	12.877	5.0405	0.	-1.0735
549	13.414	4.5442	0.	2.7444
550	13.422	5.0443	5.e-002	6.6071e-006
551	13.438	5.5221	0.	-1.1507
552	11.772	5.0367	0.	-0.30644
553	12.314	4.5456	0.	-0.95259
554	12.332	5.0367	5.e-002	3.6333e-006
555	12.332	5.5184	0.	1.6626
556	10.651	5.0367	0.	-3.4301
557	11.199	4.5458	0.	-2.7478
558	11.211	5.0367	5.e-002	2.8261e-006
559	11.211	5.5184	0.	-1.1778
560	9.53	5.0306	0.	-15.027
561	10.084	4.5426	0.	-15.409
562	10.09	5.0367	5.e-002	3.8147e-006
563	10.09	5.5184	0.	-4.7251
564	8.4208	5.0298	0.	-40.819
565	8.9699	4.5303	0.	-35.674
566	8.97	5.0244	5.e-002	3.0858e-006
567	8.9694	5.5122	0.	-15.52
568	7.3186	5.0491	0.	-85.503
569	7.8699	4.543	0.	-73.058
570	7.8716	5.0351	5.e-002	2.9473e-006
571	7.8597	5.5176	0.	-51.987
572	6.193	5.0592	0.	-115.25
573	6.7989	4.5801	0.	-124.13
574	6.7656	5.0631	5.e-002	2.755e-005
575	6.7461	5.5315	0.	-95.289
576	5.0461	5.0399	0.	-176.01
577	5.6726	4.6337	0.	-150.7
578	5.6204	5.0552	5.e-002	1.4513e-007
579	5.613	5.5276	0.	-98.707
580	3.9037	5.0161	0.	-292.48
581	4.465	4.5285	0.	-361.89
582	4.4719	5.0245	5.e-002	-9.489e-015
583	4.4781	5.5123	0.	-172.06
584	2.773	5.0105	0.	-568.65
585	3.2941	4.5136	0.	-535.98
586	3.3355	5.0076	5.e-002	5.9062e-005
587	3.3494	5.5038	0.	-282.28
588	1.6573	5.009	0.	-774.42
589	2.1793	4.5183	0.	-1064.5
590	2.2105	5.0133	5.e-002	5.3436e-005
591	2.2263	5.5067	0.	-576.67
592	1.0857	4.5104	0.	-1047.4
593	1.1041	5.0046	5.e-002	5.1997e-005
594	1.1126	5.5023	0.	-484.62
595	0.55204	5.0023	0.	-2290.4
596	1.0436	3.5143	0.	-1347.
597	1.6077	4.0197	0.	-1327.1
598	1.0674	4.0162	5.e-002	-4.2513e-008
599	0.53368	4.0081	0.	-2662.9
600	1.0101	2.5081	0.	-1353.9
601	1.0197	3.0123	5.e-002	-1.3042e-008
602	0.50987	3.0062	0.	-2756.7
603	0.99702	1.4989	0.	-1072.5
604	1.0005	2.0038	5.e-002	1.5261e-005
605	0.50023	2.0019	0.	-2671.1
606	1.491	0.99104	0.	-802.08
607	0.99358	0.99392	5.e-002	-1.3586e-014
608	0.99679	0.49696	0.	-509.24
609	0.49679	0.99696	0.	-2296.7
610	2.4862	0.98206	0.	-595.19
611	1.9884	0.98817	5.e-002	-9.04e-015
612	1.9942	0.49408	0.	-592.05
613	3.4823	0.96648	0.	-346.48
614	2.984	0.97595	5.e-002	7.7483e-009
615	2.992	0.48797	0.	-311.71
616	4.4827	0.95077	0.	-241.43
617	3.9805	0.95701	5.e-002	-1.7958e-014
618	3.9903	0.4785	0.	-238.42
619	5.4924	0.95389	0.	-157.6
620	4.9849	0.94453	5.e-002	-3.153e-007
621	4.9924	0.47227	0.	-155.91
622	6.4997	0.97062	0.	-100.58
623	6.	0.96325	5.e-002	-2.8598e-007
624	6.	0.48163	0.	-102.92
625	7.4999	0.9807	0.	-59.463
626	6.9994	0.97798	5.e-002	1.9418e-006
627	6.9997	0.48899	0.	-62.012
628	8.503	0.99955	0.	-32.697
629	8.0003	0.98342	5.e-002	5.0745e-007
630	8.0001	0.49171	0.	-34.178
631	9.5092	1.0182	0.	-16.819
632	9.0057	1.0157	5.e-002	3.4061e-006
633	9.0029	0.50784	0.	-17.595
634	10.518	1.0251	0.	-6.652
635	10.013	1.0208	5.e-002	3.7974e-006
636	10.006	0.51039	0.	-6.7372
637	11.528	1.0302	0.	-1.2081
638	11.023	1.0295	5.e-002	1.8974e-006
639	11.011	0.51473	0.	-1.6648
640	12.531	1.0208	0.	-4.9372
641	12.034	1.031	5.e-002	3.6152e-006
642	12.017	0.51548	0.	-9.2658e-002
643	13.512	0.98086	0.	-3.7478
644	13.028	1.0107	5.e-002	3.9068e-006
645	13.014	0.50535	0.	-3.5385
646	14.474	0.89912	0.	7.0161
647	13.996	0.95102	5.e-002	2.8718e-006
648	13.998	0.47551	0.	2.2855
649	15.437	0.77891	0.	29.761
650	14.953	0.84721	5.e-002	3.7883e-006
651	14.976	0.4236	0.	12.191
652	16.428	0.64483	0.	13.789
653	15.952	1.04	0.	55.624
654	15.921	0.71062	5.e-002	8.1019e-006
655	15.96	0.35531	0.	46.563
656	16.967	0.84596	0.	-6.9314
657	16.935	0.57904	5.e-002	7.4666e-006
658	16.968	0.28952	0.	-7.226
659	17.468	0.53952	0.	-77.791
660	17.049	1.4037	0.	-24.234
661	16.491	1.2411	0.	34.352
662	16.999	1.1129	5.e-002	3.3386e-006
663	17.499	1.0564	0.	-80.352
664	16.659	1.8095	0.	1.6273
665	17.099	1.6945	5.e-002	3.2653e-007
666	17.55	1.5972	0.	-144.26
667	18.956	5.3228	0.	-0.67378
668	19.447	5.3327	0.	13.822
669	18.99	5.505	5.e-002	1.2552e-006
670	18.995	5.7525	0.	0.26262
671	18.578	5.5025	0.	-35.573
672	18.863	4.8203	0.	-19.273
673	19.162	4.9963	0.	16.117
674	18.922	5.1407	5.e-002	1.758e-006
675	18.544	5.0703	0.	-42.479
676	19.093	4.4327	0.	-44.861
677	18.804	4.5	5.e-002	1.2649e-005
678	18.485	4.5	0.	-74.592
679	22.745	5.0034	0.	-2.2157
680	23.153	4.4972	0.	-7.8238
681	23.17	5.0079	5.e-002	1.3481e-005
682	23.585	5.0039	0.	-11.113
683	23.168	5.5039	0.	-3.4011
684	21.912	5.0073	0.	0.69236
685	22.32	4.999	5.e-002	1.1564e-005
686	22.327	5.4995	0.	3.1335
687	21.103	5.043	0.	-8.2287
688	21.505	5.0155	5.e-002	1.0013e-005
689	21.503	5.5078	0.	-0.52804
690	20.302	5.1154	0.	-8.9937
691	20.69	4.5771	0.	-32.205
692	20.7	5.0705	5.e-002	9.5247e-006
693	20.683	5.5352	0.	-3.5045
694	19.653	5.0062	0.	25.948
695	19.957	4.6923	0.	-39.507
696	19.905	5.1603	5.e-002	9.6028e-006
697	19.869	5.5802	0.	14.032
698	23.045	1.4917	0.	-9.4508
699	22.547	0.99122	0.	-1.8232
700	23.037	1.	5.e-002	1.11e-005
701	23.032	0.5	0.	-6.9965
702	23.518	1.	0.	-14.216
703	23.073	2.4843	0.	-10.466
704	22.569	1.9847	0.	-1.7601
705	23.053	1.9835	5.e-002	1.1129e-005
706	23.526	1.9917	0.	-16.915
707	23.114	3.4858	0.	-10.315
708	22.644	2.9828	0.	-1.52
709	23.094	2.985	5.e-002	1.2259e-005
710	23.547	2.9925	0.	-14.953
711	23.135	3.9865	5.e-002	1.2615e-005
712	23.567	3.9933	0.	-15.063
713	19.697	0.67442	0.	20.192
714	19.161	0.86141	0.	1.1602
715	19.199	0.59006	5.e-002	1.0987e-005
716	19.169	0.29503	0.	12.805
717	18.683	0.54503	0.	-58.483
718	20.669	0.84932	0.	9.2198
719	20.139	1.0792	0.	12.707
720	20.196	0.75879	5.e-002	9.6867e-006
721	20.154	0.37939	0.	28.478
722	21.6	0.96114	0.	-2.0339
723	21.094	1.4487	0.	-43.712
724	21.141	0.93985	5.e-002	7.4554e-006
725	21.112	0.46993	0.	-2.9536
726	22.072	1.4842	0.	5.4784
727	22.058	0.98243	5.e-002	1.1562e-005
728	22.057	0.49122	0.	6.4244
729	19.088	1.3957	0.	-21.568
730	19.602	1.2662	0.	13.552
731	19.123	1.1328	5.e-002	9.7741e-006
732	18.645	1.0664	0.	-64.229
733	19.123	1.9317	0.	-68.88
734	19.441	1.7249	0.	-42.69
735	19.054	1.6587	5.e-002	8.3949e-006
736	18.61	1.5793	0.	-31.132
737	19.253	2.4592	0.	-174.63
738	19.684	2.2553	0.	-119.9
739	19.193	2.2048	5.e-002	1.1207e-005
740	18.68	2.1024	0.	-345.93
741	17.377	4.6155	0.	-24.27
742	17.015	4.6759	0.	26.314
743	17.4	4.8892	5.e-002	8.6515e-006
744	17.7	4.9446	0.	-75.482
745	17.298	4.0512	0.	-49.444
746	16.993	4.4022	0.	35.334
747	17.354	4.3417	5.e-002	2.1163e-005
748	17.677	4.4209	0.	-59.106
749	17.232	3.4313	0.	-38.316
750	16.882	3.691	0.	-40.695
751	17.242	3.7606	5.e-002	4.3957e-005
752	17.621	3.8803	0.	-241.88
753	18.101	2.6938	0.	77.716
754	17.848	2.5563	5.e-002	1.6804e-005
755	19.392	4.6087	0.	-18.726
756	19.401	4.852	5.e-002	1.337e-005
757	21.566	1.9718	0.	-41.969
758	22.14	2.4832	0.	5.7356
759	22.085	1.9859	5.e-002	9.0576e-006
760	19.242	2.9265	0.	-207.3
761	19.857	2.8435	0.	-195.72
762	19.313	2.7137	5.e-002	1.405e-005
763	16.078	4.3562	0.	34.855
764	16.577	4.042	0.	43.996
765	16.631	4.4626	5.e-002	1.1265e-005
766	16.899	3.0719	0.	-18.88
767	17.222	3.1021	5.e-002	1.3668e-005
768	18.763	2.9853	0.	50.403
769	18.386	3.1201	0.	105.77
770	18.354	2.8313	5.e-002	1.636e-005
771	19.478	3.3558	0.	-185.42
772	19.172	3.1393	5.e-002	1.6845e-005
773	14.996	4.1685	0.	-23.876
774	15.556	3.8575	0.	-20.366
775	15.525	4.2498	5.e-002	-1.751e-006
776	13.937	4.0657	0.	-10.396
777	14.491	3.5537	0.	-11.909
778	14.468	4.0872	5.e-002	-6.8849e-007
779	12.851	4.0493	0.	2.7902
780	13.367	3.5489	0.	11.776
781	13.406	4.0441	5.e-002	4.2195e-006
782	11.741	4.0546	0.	-1.4717
783	12.26	3.5573	0.	-2.3735
784	12.296	4.0544	5.e-002	2.8755e-006
785	10.632	4.0516	0.	-14.032
786	11.162	3.5578	0.	-7.1056
787	11.186	4.0548	5.e-002	2.6565e-006
788	9.5241	4.0423	0.	-35.607
789	10.072	3.5522	0.	-24.319
790	10.078	4.0484	5.e-002	2.7898e-006
791	8.419	4.0436	0.	-67.788
792	8.9798	3.5366	0.	-53.201
793	8.9698	4.0362	5.e-002	3.3274e-006
794	7.3502	4.0741	0.	-112.09
795	7.8972	3.5396	0.	-85.101
796	7.8682	4.051	5.e-002	2.6867e-006
797	6.2785	4.1547	0.	-156.25
798	6.8408	3.5706	0.	-169.47
799	6.8322	4.0972	5.e-002	9.1159e-007
800	5.0914	4.1223	0.	-336.52
801	5.763	3.8444	0.	-236.59
802	5.7248	4.2122	5.e-002	6.0994e-005
803	3.8554	4.026	0.	-603.09
804	4.238	3.4719	0.	-531.38
805	4.7599	3.7071	0.	-431.8
806	4.458	4.0325	5.e-002	-6.642e-007
807	2.7004	4.0214	0.	-1031.8
808	3.1648	3.5159	0.	-786.27
809	3.2528	4.0196	5.e-002	-3.7058e-015
810	2.1481	4.0232	5.e-002	-1.2436e-014
811	19.696	4.2949	0.	-91.186
812	19.383	4.3654	5.e-002	1.32e-006
813	19.896	3.8983	0.	-136.48
814	20.092	3.2728	0.	-179.65
815	19.784	3.5723	5.e-002	1.4614e-005
816	20.611	2.1317	0.	-88.846
817	20.288	2.6395	0.	-124.1
818	20.001	2.0485	0.	-95.707
819	20.175	2.3057	5.e-002	-3.1958e-007
820	21.18	2.485	0.	-64.82
821	20.564	1.6786	0.	-48.134
822	21.047	1.9576	5.e-002	7.6248e-006
823	16.549	3.3315	0.	-17.92
824	16.055	3.5433	0.	-7.1836
825	16.522	3.6214	5.e-002	4.2772e-006
826	16.101	1.6469	0.	60.474
827	15.983	1.3693	5.e-002	8.7892e-006
828	16.35	2.1858	0.	31.259
829	16.529	2.7444	0.	-15.409
830	16.152	2.6413	0.	22.546
831	16.481	2.4471	5.e-002	5.9907e-006
832	15.751	2.1575	0.	25.853
833	16.218	1.9245	5.e-002	5.8251e-006
834	21.754	2.9964	0.	-16.03
835	22.194	2.9805	5.e-002	9.26e-006
836	3.5474	2.9618	0.	-714.08
837	3.0769	3.0122	5.e-002	4.8721e-007
838	20.345	4.154	0.	-61.865
839	20.008	4.2243	5.e-002	7.245e-006
840	20.857	2.9928	0.	-100.44
841	20.541	3.5285	0.	-104.51
842	20.401	2.9733	5.e-002	5.0252e-006
843	16.2	2.9386	0.	0.18904
844	16.577	3.0417	5.e-002	4.4689e-006
845	15.051	3.2427	0.	-10.761
846	15.705	3.1503	0.	3.6377
847	15.587	3.4652	5.e-002	4.0699e-007
848	12.777	3.0569	0.	6.2995
849	13.921	3.0369	0.	8.6278
850	13.328	3.0536	5.e-002	3.5292e-006
851	11.681	3.0605	0.	-5.0003
852	12.225	3.0602	5.e-002	3.8204e-006
853	10.601	3.0584	0.	-16.847
854	11.137	3.0608	5.e-002	3.6801e-006
855	9.5276	3.0465	0.	-41.578
856	10.065	3.056	5.e-002	3.7482e-006
857	8.4579	3.0326	0.	-70.215
858	8.9897	3.0371	5.e-002	4.3873e-006
859	5.4315	3.4291	0.	-339.17
860	5.8341	3.0643	0.	-273.37
861	6.3253	3.2603	0.	-251.19
862	5.8012	3.4765	5.e-002	-1.2492e-014
863	4.4728	2.8042	0.	-475.18
864	4.018	2.9113	5.e-002	1.7546e-006
865	4.9948	3.0394	0.	-382.24
866	5.3974	2.6746	0.	-316.62
867	4.9277	2.697	5.e-002	1.0417e-006
868	5.0618	3.3817	5.e-002	-1.5257e-014
869	6.3583	2.8481	0.	-221.62
870	5.8671	2.6521	5.e-002	4.9282e-005
871	7.3878	3.0361	0.	-142.01
872	6.8495	3.0441	5.e-002	6.3292e-008
873	7.9262	3.0282	5.e-002	9.3529e-007
874	14.898	2.7054	0.	2.492
875	15.553	2.613	0.	14.425
876	15.283	2.3906	5.e-002	8.0625e-007
877	14.514	3.0202	5.e-002	3.7568e-006
878	15.823	2.8354	5.e-002	4.7596e-006
879	21.313	3.0124	5.e-002	9.061e-006
880	18.418	3.409	5.e-002	1.1743e-005
881	18.292	3.7045	0.	-86.426
882	20.681	4.0837	5.e-002	8.4326e-006
883	19.955	1.5954	0.	-50.444
884	19.828	1.7912	5.e-002	9.723e-006
885	20.082	1.3996	5.e-002	1.3965e-005
886	19.955	1.5954	0.1	50.444
887	20.564	1.6786	0.1	48.134
888	19.602	1.2662	0.1	-13.552
889	20.139	1.0792	0.1	-12.707
890	20.001	2.0485	0.1	95.707
891	19.441	1.7249	0.1	42.69
892	20.541	3.5285	0.1	104.51
893	20.345	4.154	0.1	61.865
894	20.69	4.5771	0.1	32.205
895	21.061	4.0445	0.1	32.866
896	18.386	3.1201	0.1	-105.77
897	18.123	3.3201	0.1	-86.178
898	18.721	3.5761	0.1	-53.686
899	18.292	3.7045	0.1	86.426
900	20.857	2.9928	0.1	100.44
901	21.754	2.9964	0.1	16.03
902	21.18	2.485	0.1	64.82
903	21.377	3.5088	0.1	28.901
904	15.553	2.613	0.1	-14.425
905	15.705	3.1503	0.1	-3.6376
906	16.2	2.9386	0.1	-0.18904
907	16.152	2.6413	0.1	-22.546
908	14.898	2.7054	0.1	-2.492
909	13.921	3.0369	0.1	-8.6278
910	15.051	3.2427	0.1	10.761
911	14.491	3.5537	0.1	11.909
912	14.307	2.4804	0.1	2.7838
913	15.751	2.1575	0.1	-25.853
914	15.148	2.0521	0.1	20.357
915	7.3878	3.0361	0.1	142.01
916	8.4579	3.0326	0.1	70.215
917	7.8972	3.5396	0.1	85.101
918	7.9495	2.5202	0.1	80.498
919	6.3583	2.8481	0.1	221.62
920	6.3253	3.2603	0.1	251.19
921	6.8408	3.5706	0.1	169.47
922	6.9124	2.5062	0.1	165.73
923	5.3974	2.6746	0.1	316.62
924	5.8341	3.0643	0.1	273.37
925	5.9218	2.2633	0.1	220.46
926	4.9948	3.0394	0.1	382.24
927	5.4315	3.4291	0.1	339.17
928	4.7599	3.7071	0.1	431.8
929	4.4728	2.8042	0.1	475.18
930	4.9387	2.2754	0.1	350.6
931	3.5474	2.9618	0.1	714.08
932	4.238	3.4719	0.1	531.38
933	3.9867	2.4174	0.1	527.67
934	5.763	3.8444	0.1	236.59
935	9.5276	3.0465	0.1	41.578
936	8.9798	3.5366	0.1	53.201
937	8.9951	2.5296	0.1	49.514
938	10.601	3.0584	0.1	16.847
939	10.072	3.5522	0.1	24.319
940	10.05	2.5468	0.1	24.224
941	11.681	3.0605	0.1	5.0003
942	11.162	3.5578	0.1	7.1056
943	11.109	2.559	0.1	7.6548
944	12.777	3.0569	0.1	-6.2995
945	12.26	3.5573	0.1	2.3735
946	12.166	2.5571	0.1	4.4012
947	13.367	3.5489	0.1	-11.776
948	13.24	2.5471	0.1	-9.1706
949	16.055	3.5433	0.1	7.1836
950	15.556	3.8575	0.1	20.366
951	16.529	2.7444	0.1	15.409
952	16.549	3.3315	0.1	17.92
953	16.899	3.0719	0.1	18.88
954	20.288	2.6395	0.1	124.1
955	20.092	3.2728	0.1	179.65
956	19.857	2.8435	0.1	195.72
957	19.896	3.8983	0.1	136.48
958	19.696	4.2949	0.1	91.186
959	19.957	4.6923	0.1	39.507
960	3.1648	3.5159	0.1	786.27
961	2.5419	3.0166	0.1	1200.6
962	3.027	2.4858	0.1	808.28
963	22.14	2.4832	0.1	-5.7356
964	22.644	2.9828	0.1	1.52
965	22.241	3.4909	0.1	-3.2392
966	16.35	2.1858	0.1	-31.259
967	16.101	1.6469	0.1	-60.474
968	16.659	1.8095	0.1	-1.6273
969	16.861	2.3898	0.1	46.55
970	16.491	1.2411	0.1	-34.352
971	15.952	1.04	0.1	-55.624
972	15.498	1.5415	0.1	-17.624
973	16.577	4.042	0.1	-43.996
974	16.882	3.691	0.1	40.695
975	20.611	2.1317	0.1	88.846
976	21.566	1.9718	0.1	41.969
977	21.094	1.4487	0.1	43.712
978	19.684	2.2553	0.1	119.9
979	19.478	3.3558	0.1	185.42
980	19.404	3.6578	0.1	159.29
981	19.392	4.6087	0.1	18.726
982	19.093	4.4327	0.1	44.861
983	19.203	4.0543	0.1	99.965
984	2.7004	4.0214	0.1	1031.8
985	1.6077	4.0197	0.1	1327.1
986	2.1793	4.5183	0.1	1064.5
987	2.0775	3.5221	0.1	1451.1
988	3.8554	4.026	0.1	603.09
989	3.2941	4.5136	0.1	535.98
990	5.0914	4.1223	0.1	336.52
991	4.465	4.5285	0.1	361.89
992	6.2785	4.1547	0.1	156.25
993	5.6726	4.6337	0.1	150.7
994	7.3502	4.0741	0.1	112.09
995	6.7989	4.5801	0.1	124.13
996	8.419	4.0436	0.1	67.788
997	7.8699	4.543	0.1	73.058
998	9.5241	4.0423	0.1	35.607
999	8.9699	4.5303	0.1	35.674
1000	10.632	4.0516	0.1	14.032
1001	10.084	4.5426	0.1	15.409
1002	11.741	4.0546	0.1	1.4717
1003	11.199	4.5458	0.1	2.7478
1004	12.851	4.0493	0.1	-2.7902
1005	12.314	4.5456	0.1	0.95259
1006	13.937	4.0657	0.1	10.396
1007	13.414	4.5442	0.1	-2.7444
1008	14.996	4.1685	0.1	23.876
1009	14.488	4.5793	0.1	12.08
1010	16.078	4.3562	0.1	-34.855
1011	15.549	4.6888	0.1	1.1287
1012	18.763	2.9853	0.1	-50.403
1013	19.242	2.9265	0.1	207.3
1014	19.097	3.4413	0.1	149.88
1015	18.101	2.6938	0.1	-77.716
1016	18.311	2.6489	0.1	8.8742
1017	17.232	3.4313	0.1	38.316
1018	17.525	3.1667	0.1	-28.554
1019	17.232	2.7174	0.1	54.318
1020	16.993	4.4022	0.1	-35.334
1021	17.015	4.6759	0.1	-26.314
1022	16.594	4.8346	0.1	-60.422
1023	19.253	2.4592	0.1	174.63
1024	18.79	2.5901	0.1	47.978
1025	22.072	1.4842	0.1	-5.4784
1026	22.569	1.9847	0.1	1.7601
1027	19.653	5.0062	0.1	-25.948
1028	19.162	4.9963	0.1	-16.117
1029	17.838	2.8938	0.1	-58.382
1030	17.545	2.4444	0.1	23.602
1031	17.928	2.4328	0.1	-228.65
1032	17.298	4.0512	0.1	49.444
1033	17.621	3.8803	0.1	241.88
1034	17.377	4.6155	0.1	24.27
1035	17.677	4.4209	0.1	59.106
1036	17.345	5.129	0.1	25.373
1037	17.7	4.9446	0.1	75.482
1038	19.123	1.9317	0.1	68.88
1039	18.68	2.1024	0.1	345.93
1040	19.088	1.3957	0.1	21.568
1041	18.61	1.5793	0.1	31.132
1042	19.161	0.86141	0.1	-1.1601
1043	18.645	1.0664	0.1	64.229
1044	21.6	0.96114	0.1	2.0339
1045	22.547	0.99122	0.1	1.8232
1046	22.057	0.49122	0.1	-6.4244
1047	20.669	0.84932	0.1	-9.2198
1048	21.112	0.46993	0.1	2.9536
1049	19.697	0.67442	0.1	-20.192
1050	20.154	0.37939	0.1	-28.478
1051	18.683	0.54503	0.1	58.483
1052	19.169	0.29503	0.1	-12.805
1053	23.114	3.4858	0.1	10.315
1054	23.153	4.4972	0.1	7.8238
1055	22.711	3.9939	0.1	5.6681
1056	23.567	3.9933	0.1	15.063
1057	23.073	2.4843	0.1	10.466
1058	23.547	2.9925	0.1	14.953
1059	23.045	1.4917	0.1	9.4508
1060	23.526	1.9917	0.1	16.915
1061	23.518	1.	0.1	14.216
1062	23.032	0.5	0.1	6.9965
1063	20.302	5.1154	0.1	8.9938
1064	19.447	5.3327	0.1	-13.822
1065	19.869	5.5802	0.1	-14.032
1066	21.103	5.043	0.1	8.2288
1067	20.683	5.5352	0.1	3.5045
1068	21.912	5.0073	0.1	-0.69236
1069	21.473	4.5104	0.1	9.2078
1070	21.503	5.5078	0.1	0.52804
1071	22.745	5.0034	0.1	2.2157
1072	22.304	4.5001	0.1	-1.5893e-002
1073	22.327	5.4995	0.1	-3.1335
1074	23.168	5.5039	0.1	3.4011
1075	23.585	5.0039	0.1	11.113
1076	18.863	4.8203	0.1	19.273
1077	18.748	4.2904	0.1	209.33
1078	18.485	4.5	0.1	74.592
1079	18.956	5.3228	0.1	0.67378
1080	18.544	5.0703	0.1	42.479
1081	18.578	5.5025	0.1	35.573
1082	18.995	5.7525	0.1	-0.26262
1083	17.049	1.4037	0.1	24.234
1084	17.17	2.0135	0.1	75.97
1085	17.55	1.5972	0.1	144.26
1086	16.967	0.84596	0.1	6.9314
1087	17.499	1.0564	0.1	80.352
1088	16.428	0.64483	0.1	-13.789
1089	17.468	0.53952	0.1	77.791
1090	16.968	0.28952	0.1	7.226
1091	15.437	0.77891	0.1	-29.761
1092	15.96	0.35531	0.1	-46.563
1093	14.474	0.89912	0.1	-7.0161
1094	14.982	1.2804	0.1	8.7375
1095	14.976	0.4236	0.1	-12.191
1096	13.512	0.98086	0.1	3.7478
1097	14.048	1.4458	0.1	6.8189
1098	13.998	0.47551	0.1	-2.2855
1099	12.531	1.0208	0.1	4.9372
1100	13.09	1.5257	0.1	1.8584
1101	13.014	0.50535	0.1	3.5385
1102	11.528	1.0302	0.1	1.2081
1103	12.071	1.5425	0.1	3.4787
1104	12.017	0.51548	0.1	9.2657e-002
1105	10.518	1.0251	0.1	6.652
1106	11.052	1.5433	0.1	5.1162
1107	11.011	0.51473	0.1	1.6648
1108	9.5092	1.0182	0.1	16.819
1109	10.024	1.5292	0.1	16.57
1110	10.006	0.51039	0.1	6.7372
1111	8.503	0.99955	0.1	32.697
1112	9.0032	1.5189	0.1	32.521
1113	9.0029	0.50784	0.1	17.595
1114	7.4999	0.9807	0.1	59.463
1115	7.9866	1.4978	0.1	60.087
1116	8.0001	0.49171	0.1	34.178
1117	6.4997	0.97062	0.1	100.58
1118	6.9874	1.4731	0.1	103.63
1119	6.9997	0.48899	0.1	62.012
1120	5.4924	0.95389	0.1	157.6
1121	5.9883	1.4188	0.1	161.41
1122	6.	0.48163	0.1	102.92
1123	4.4827	0.95077	0.1	241.43
1124	4.9673	1.3991	0.1	252.04
1125	4.9924	0.47227	0.1	155.91
1126	3.4823	0.96648	0.1	346.48
1127	3.9679	1.4402	0.1	391.8
1128	3.9903	0.4785	0.1	238.42
1129	2.4862	0.98206	0.1	595.19
1130	2.9806	1.4677	0.1	572.11
1131	2.992	0.48797	0.1	311.71
1132	1.491	0.99104	0.1	802.08
1133	1.9922	1.4971	0.1	1088.1
1134	1.9942	0.49408	0.1	592.05
1135	0.99702	1.4989	0.1	1072.5
1136	0.49679	0.99696	0.1	2296.7
1137	0.99679	0.49696	0.1	509.24
1138	1.0101	2.5081	0.1	1353.9
1139	1.4983	2.0049	0.1	1345.5
1140	0.50023	2.0019	0.1	2671.1
1141	1.0436	3.5143	0.1	1347.
1142	1.5133	3.0166	0.1	1462.6
1143	0.50987	3.0062	0.1	2756.7
1144	1.0857	4.5104	0.1	1047.4
1145	0.53368	4.0081	0.1	2662.9
1146	1.6573	5.009	0.1	774.42
1147	0.55204	5.0023	0.1	2290.4
1148	1.1126	5.5023	0.1	484.62
1149	2.773	5.0105	0.1	568.65
1150	2.2263	5.5067	0.1	576.67
1151	3.9037	5.0161	0.1	292.48
1152	3.3494	5.5038	0.1	282.28
1153	5.0461	5.0399	0.1	176.01
1154	4.4781	5.5123	0.1	172.06
1155	6.193	5.0592	0.1	115.25
1156	5.613	5.5276	0.1	98.707
1157	7.3186	5.0491	0.1	85.503
1158	6.7461	5.5315	0.1	95.289
1159	8.4208	5.0298	0.1	40.819
1160	7.8597	5.5176	0.1	51.987
1161	9.53	5.0306	0.1	15.027
1162	8.9694	5.5122	0.1	15.52
1163	10.651	5.0367	0.1	3.4301
1164	10.09	5.5184	0.1	4.7251
1165	11.772	5.0367	0.1	0.30644
1166	11.211	5.5184	0.1	1.1778
1167	12.877	5.0405	0.1	1.0735
1168	12.332	5.5184	0.1	-1.6626
1169	13.965	5.0579	0.1	-0.60119
1170	13.438	5.5221	0.1	1.1507
1171	16.065	5.1672	0.1	-24.473
1172	15.041	5.0996	0.1	-9.8756
1173	15.634	5.5639	0.1	-13.148
1174	16.923	5.2877	0.1	-7.1657
1175	16.687	5.6033	0.1	-41.318
1176	17.914	3.6156	0.1	176.67
1177	18.138	2.388	0.1	-142.72
1178	18.217	2.2333	0.1	373.3
1179	14.541	5.5357	0.1	-11.63
1180	2.0015	2.5135	0.1	1461.9
1181	14.556	1.8271	0.1	25.676
1182	13.626	1.9906	0.1	5.3684
1183	12.629	2.0473	0.1	1.5113
1184	11.595	2.0556	0.1	3.3016
1185	10.559	2.0474	0.1	14.51
1186	9.5179	2.0299	0.1	31.796
1187	8.4867	2.0172	0.1	59.571
1188	7.4741	1.9902	0.1	104.13
1189	6.476	1.9213	0.1	164.67
1190	5.4631	1.8641	0.1	256.3
1191	4.4525	1.8886	0.1	403.61
1192	3.4663	1.9414	0.1	618.55
1193	2.4866	1.9827	0.1	1062.6
1194	21.864	4.0032	0.1	-1.168
1195	18.858	3.912	0.1	272.69
1196	17.645	5.4344	0.1	52.399
1197	17.364	5.6844	0.1	7.2482
1198	17.621	2.1663	0.1	465.75
1199	18.43	4.0404	0.1	282.71
1200	18.004	2.1547	0.1	223.36
1201	18.167	0.75	0.1	115.8
1202	18.167	0.25	0.1	148.48
1203	18.167	0.5	5.e-002	-1.4156e-006
1204	18.167	1.25	0.1	62.154
1205	18.167	1.	5.e-002	1.1461e-005
1206	18.167	1.75	0.1	361.92
1207	18.167	1.5	5.e-002	3.047e-005
1208	18.083	2.	0.1	851.64
1209	18.167	2.	5.e-002	1.0164e-005
1210	18.	1.75	0.1	538.23
1211	18.	2.	5.e-002	5.2935e-006
1212	18.	1.25	0.1	195.96
1213	18.	1.5	5.e-002	7.1798e-006
1214	18.	0.75	0.1	152.36
1215	18.	1.	5.e-002	2.7365e-006
1216	18.	0.25	0.1	173.74
1217	18.	0.5	5.e-002	1.5259e-005
1218	18.167	5.25	0.1	76.991
1219	18.167	5.75	0.1	120.41
1220	18.167	5.5	5.e-002	1.8582e-005
1221	18.167	4.75	0.1	97.61
1222	18.167	5.	5.e-002	5.6199e-006
1223	18.167	4.25	0.1	220.14
1224	18.167	4.5	5.e-002	-8.7397e-006
1225	18.083	4.	0.1	401.05
1226	18.167	4.	5.e-002	2.6848e-005
1227	18.	4.25	0.1	268.17
1228	18.	4.	5.e-002	-1.1161e-005
1229	18.	4.75	0.1	104.63
1230	18.	4.5	5.e-002	-2.61e-005
1231	18.	5.25	0.1	100.97
1232	18.	5.	5.e-002	2.761e-005
1233	18.	5.75	0.1	122.57
1234	18.	5.5	5.e-002	-9.4391e-007
1235	18.583	6.	0.1	54.087
1236	18.167	6.	5.e-002	4.9705e-006
1237	19.417	6.	0.1	2.6969e-002
1238	19.	6.	5.e-002	-9.6713e-007
1239	20.25	6.	0.1	-7.5146
1240	19.833	6.	5.e-002	1.2918e-005
1241	21.083	6.	0.1	-1.2709
1242	20.667	6.	5.e-002	1.1782e-005
1243	21.917	6.	0.1	-2.292
1244	21.5	6.	5.e-002	1.3309e-005
1245	22.75	6.	0.1	-1.7663
1246	22.333	6.	5.e-002	1.18e-005
1247	23.583	6.	0.1	5.3998
1248	23.167	6.	5.e-002	1.7379e-005
1249	24.	5.5	0.1	12.676
1250	24.	6.	5.e-002	1.0653e-005
1251	24.	4.5	0.1	17.887
1252	24.	5.	5.e-002	1.2572e-005
1253	24.	3.5	0.1	19.385
1254	24.	4.	5.e-002	1.3397e-005
1255	24.	2.5	0.1	21.119
1256	24.	3.	5.e-002	1.5245e-005
1257	24.	1.5	0.1	21.328
1258	24.	2.	5.e-002	1.4459e-005
1259	24.	0.5	0.1	17.321
1260	24.	1.	5.e-002	2.3983e-005
1261	1.3113e-014	1.5	0.1	3879.7
1262	4.371e-015	0.5	0.1	3010.1
1263	8.8602e-015	1.	5.e-002	-1.3628e-013
1264	2.1855e-014	2.5	0.1	4079.4
1265	1.772e-014	2.	5.e-002	-6.5065e-007
1266	3.0597e-014	3.5	0.1	4078.8
1267	2.6581e-014	3.	5.e-002	-1.1888e-014
1268	3.9339e-014	4.5	0.1	3886.9
1269	3.5441e-014	4.	5.e-002	2.1798e-005
1270	4.8081e-014	5.5	0.1	3105.9
1271	4.4301e-014	5.	5.e-002	-7.163e-007
1272	0.56055	6.	0.1	1310.4
1273	5.2451e-014	6.	5.e-002	-2.0371e-013
1274	1.6817	6.	0.1	292.51
1275	1.1211	6.	5.e-002	-6.6214e-006
1276	2.8028	6.	0.1	302.27
1277	2.2422	6.	5.e-002	3.3135e-006
1278	3.9239	6.	0.1	165.37
1279	3.3633	6.	5.e-002	-6.2458e-015
1280	5.045	6.	0.1	107.07
1281	4.4844	6.	5.e-002	-5.1258e-015
1282	6.1661	6.	0.1	80.005
1283	5.6055	6.	5.e-002	4.6007e-007
1284	7.2872	6.	0.1	60.362
1285	6.7266	6.	5.e-002	1.9408e-006
1286	8.4083	6.	0.1	27.073
1287	7.8478	6.	5.e-002	9.1418e-008
1288	9.5294	6.	0.1	4.7587
1289	8.9689	6.	5.e-002	4.2067e-006
1290	10.651	6.	0.1	2.1227
1291	10.09	6.	5.e-002	3.5618e-006
1292	11.772	6.	0.1	-0.82111
1293	11.211	6.	5.e-002	5.722e-006
1294	12.893	6.	0.1	-1.5371
1295	12.332	6.	5.e-002	5.7204e-006
1296	14.014	6.	0.1	-9.7764
1297	13.453	6.	5.e-002	8.2034e-006
1298	15.135	6.	0.1	-14.112
1299	14.574	6.	5.e-002	6.6542e-006
1300	16.256	6.	0.1	-29.363
1301	15.696	6.	5.e-002	8.2104e-006
1302	17.128	6.	0.1	-26.704
1303	16.817	6.	5.e-002	1.5266e-005
1304	17.72	6.	0.1	53.273
1305	17.439	6.	5.e-002	8.0171e-006
1306	18.	6.	5.e-002	-2.4318e-006
1307	23.514	0.	0.1	10.427
1308	24.	0.	5.e-002	1.4798e-005
1309	22.542	0.	0.1	-1.0408
1310	23.028	0.	5.e-002	1.5726e-005
1311	21.569	0.	0.1	-5.8872
1312	22.056	0.	5.e-002	1.2397e-005
1313	20.597	0.	0.1	-16.344
1314	21.083	0.	5.e-002	1.2674e-005
1315	19.625	0.	0.1	-19.754
1316	20.111	0.	5.e-002	1.1362e-005
1317	18.653	0.	0.1	44.757
1318	19.139	0.	5.e-002	8.4338e-006
1319	18.167	0.	5.e-002	-1.0817e-005
1320	17.5	2.7128e-030	0.1	63.218
1321	18.	2.7903e-030	5.e-002	-1.9044e-005
1322	16.5	2.5578e-030	0.1	-24.553
1323	17.	0.	5.e-002	1.1758e-005
1324	15.5	2.4028e-030	0.1	-28.959
1325	16.	0.	5.e-002	9.8566e-006
1326	14.5	2.2478e-030	0.1	-6.8519
1327	15.	0.	5.e-002	7.9922e-006
1328	13.5	2.0927e-030	0.1	-2.4686
1329	14.	0.	5.e-002	4.7681e-006
1330	12.5	1.9377e-030	0.1	-1.3724
1331	13.	0.	5.e-002	3.8145e-006
1332	11.5	1.7827e-030	0.1	0.53545
1333	12.	0.	5.e-002	4.2463e-006
1334	10.5	1.6277e-030	0.1	3.0603
1335	11.	0.	5.e-002	3.5595e-006
1336	9.5	1.4727e-030	0.1	7.1308
1337	10.	0.	5.e-002	3.6846e-006
1338	8.5	1.3177e-030	0.1	18.714
1339	9.	0.	5.e-002	4.153e-006
1340	7.5	1.1626e-030	0.1	36.496
1341	8.	0.	5.e-002	2.8537e-006
1342	6.5	1.0076e-030	0.1	64.379
1343	7.	0.	5.e-002	5.078e-006
1344	5.5	8.526e-031	0.1	101.87
1345	6.	0.	5.e-002	4.5552e-007
1346	4.5	6.9758e-031	0.1	154.4
1347	5.	0.	5.e-002	3.3613e-006
1348	3.5	5.4256e-031	0.1	206.8
1349	4.	0.	5.e-002	-3.1001e-015
1350	2.5	3.8754e-031	0.1	320.71
1351	3.	0.	5.e-002	-8.0195e-015
1352	1.5	2.3253e-031	0.1	299.66
1353	2.	0.	5.e-002	-2.382e-014
1354	0.5	7.7509e-032	0.1	1232.4
1355	1.	0.	5.e-002	-3.2271e-014
1356	0.	0.	5.e-002	-2.3587e-013
1357	1.5	2.3253e-031	0.	-299.66
1358	0.5	7.7509e-032	0.	-1232.4
1359	2.5	3.8754e-031	0.	-320.71
1360	3.5	5.4256e-031	0.	-206.8
1361	4.5	6.9758e-031	0.	-154.4
1362	5.5	8.526e-031	0.	-101.87
1363	6.5	1.0076e-030	0.	-64.379
1364	7.5	1.1626e-030	0.	-36.496
1365	8.5	1.3177e-030	0.	-18.714
1366	9.5	1.4727e-030	0.	-7.1308
1367	10.5	1.6277e-030	0.	-3.0603
1368	11.5	1.7827e-030	0.	-0.53545
1369	12.5	1.9377e-030	0.	1.3724
1370	13.5	2.0927e-030	0.	2.4686
1371	14.5	2.2478e-030	0.	6.8519
1372	15.5	2.4028e-030	0.	28.959
1373	16.5	2.5578e-030	0.	24.553
1374	17.5	2.7128e-030	0.	-63.218
1375	18.	0.25	0.	-173.74
1376	4.371e-015	0.5	0.	-3010.1
1377	19.625	0.	0.	19.754
1378	18.653	0.	0.	-44.757
1379	20.597	0.	0.	16.344
1380	21.569	0.	0.	5.8872
1381	22.542	0.	0.	1.0408
1382	23.514	0.	0.	-10.427
1383	18.167	0.25	0.	-148.48
1384	24.	0.5	0.	-17.321
1385	17.128	6.	0.	26.704
1386	17.72	6.	0.	-53.273
1387	16.256	6.	0.	29.363
1388	15.135	6.	0.	14.112
1389	14.014	6.	0.	9.7764
1390	12.893	6.	0.	1.5371
1391	11.772	6.	0.	0.82111
1392	10.651	6.	0.	-2.1227
1393	9.5294	6.	0.	-4.7587
1394	8.4083	6.	0.	-27.073
1395	7.2872	6.	0.	-60.362
1396	6.1661	6.	0.	-80.005
1397	5.045	6.	0.	-107.07
1398	3.9239	6.	0.	-165.37
1399	2.8028	6.	0.	-302.27
1400	1.6817	6.	0.	-292.51
1401	0.56055	6.	0.	-1310.4
1402	18.	5.75	0.	-122.57
1403	4.8081e-014	5.5	0.	-3105.9
1404	3.9339e-014	4.5	0.	-3886.9
1405	3.0597e-014	3.5	0.	-4078.8
1406	2.1855e-014	2.5	0.	-4079.4
1407	1.3113e-014	1.5	0.	-3879.7
1408	24.	1.5	0.	-21.328
1409	24.	2.5	0.	-21.119
1410	24.	3.5	0.	-19.385
1411	24.	4.5	0.	-17.887
1412	24.	5.5	0.	-12.676
1413	23.583	6.	0.	-5.3998
1414	22.75	6.	0.	1.7663
1415	21.917	6.	0.	2.292
1416	21.083	6.	0.	1.2709
1417	20.25	6.	0.	7.5146
1418	19.417	6.	0.	-2.6971e-002
1419	18.583	6.	0.	-54.087
1420	18.167	5.75	0.	-120.41
1421	18.	4.75	0.	-104.63
1422	18.	4.25	0.	-268.17
1423	18.	5.25	0.	-100.97
1424	18.083	4.	0.	-401.05
1425	18.167	5.25	0.	-76.991
1426	18.167	4.75	0.	-97.61
1427	18.167	4.25	0.	-220.14
1428	18.	1.25	0.	-195.96
1429	18.	1.75	0.	-538.23
1430	18.	0.75	0.	-152.36
1431	18.083	2.	0.	-851.64
1432	18.167	0.75	0.	-115.8
1433	18.167	1.25	0.	-62.154
1434	18.167	1.75	0.	-361.92
