Node Number	X Location (in)	Y Location (in)	Z Location (in)	Middle Principal Elastic Strain (in/in)
1	8.8667	2.2648	0.	1.5043e-004
2	7.2254	2.6123	0.	1.6166e-004
3	7.1419	3.7952	0.	1.6253e-004
4	8.891	3.6247	0.	1.4893e-004
5	6.5908	0.67677	0.	1.0536e-004
6	9.4356	1.0854	0.	7.8007e-005
7	9.5295	4.5931	0.	8.2165e-005
8	10.555	2.5638	0.	8.8374e-005
9	7.8114	3.064	0.	1.6667e-004
10	8.3034	2.994	0.	1.598e-004
11	22.412	4.4913	0.	7.7703e-006
12	20.815	4.4952	0.	2.1091e-005
13	19.218	4.4976	0.	3.341e-005
14	17.555	4.4834	0.	4.5753e-005
15	15.922	4.4638	0.	5.8191e-005
16	14.276	4.3992	0.	6.7979e-005
17	12.731	4.575	0.	7.842e-005
18	11.278	4.8811	0.	8.9567e-005
19	9.6346	5.241	0.	8.4915e-005
20	9.1412	4.1252	0.	1.1093e-004
21	22.308	1.4801	0.	8.3914e-006
22	22.369	2.9816	0.	6.8127e-006
23	10.41	1.7061	0.	9.5763e-005
24	11.734	1.3289	0.	7.1309e-005
25	13.636	1.4852	0.	7.1199e-005
26	15.463	1.5144	0.	6.1123e-005
27	17.191	1.4954	0.	4.958e-005
28	18.915	1.4872	0.	3.5652e-005
29	20.613	1.4824	0.	2.2715e-005
30	6.9198	1.2212	0.	9.3892e-005
31	7.0801	1.9417	0.	1.3481e-004
32	1.3551	1.5237	0.	4.6708e-005
33	2.6898	1.5173	0.	1.0332e-004
34	3.9556	1.4418	0.	1.2398e-004
35	5.2283	1.2389	0.	1.2269e-004
36	6.1186	1.6696	0.	1.5501e-004
37	1.5235	4.5366	0.	4.4407e-005
38	1.4296	3.0478	0.	2.1689e-005
39	5.7634	3.789	0.	1.2557e-004
40	4.8	4.5331	0.	1.2098e-004
41	3.0896	4.5343	0.	9.6999e-005
42	9.056	1.6627	0.	1.058e-004
43	6.8581	4.6246	0.	1.1375e-004
44	8.781	2.93	0.	2.0185e-004
45	7.432	3.1547	0.	2.0405e-004
46	9.7067	1.9395	0.	8.6977e-005
47	20.734	2.9774	0.	2.119e-005
48	2.8176	3.0361	0.	7.2795e-005
49	9.4894	3.0902	0.	1.074e-004
50	6.5083	3.1936	0.	1.391e-004
51	9.6825	2.4898	0.	9.3322e-005
52	19.085	2.9812	0.	3.4335e-005
53	4.171	2.9681	0.	1.1025e-004
54	5.1837	2.6685	0.	1.1952e-004
55	17.389	2.981	0.	4.7309e-005
56	15.696	2.9776	0.	5.7093e-005
57	13.851	2.9302	0.	7.0074e-005
58	10.18	3.4241	0.	6.7011e-005
59	12.121	3.0262	0.	6.3125e-005
60	10.787	3.9205	0.	9.7853e-005
61	6.1459	2.377	0.	1.4704e-004
62	9.9598	0.62433	0.	7.7047e-005
63	6.3484	5.2594	0.	1.0336e-004
64	6.3484	5.2594	0.1	-1.0336e-004
65	9.9598	0.62433	0.1	-7.7047e-005
66	6.1459	2.377	0.1	-1.4704e-004
67	10.787	3.9205	0.1	-9.7853e-005
68	12.121	3.0262	0.1	-6.3125e-005
69	10.18	3.4241	0.1	-6.7011e-005
70	13.851	2.9302	0.1	-7.0074e-005
71	15.696	2.9776	0.1	-5.7093e-005
72	17.389	2.981	0.1	-4.7309e-005
73	5.1837	2.6685	0.1	-1.1952e-004
74	4.171	2.9681	0.1	-1.1025e-004
75	19.085	2.9812	0.1	-3.4335e-005
76	9.6825	2.4898	0.1	-9.3322e-005
77	6.5083	3.1936	0.1	-1.391e-004
78	9.4894	3.0902	0.1	-1.074e-004
79	2.8176	3.0361	0.1	-7.2795e-005
80	20.734	2.9774	0.1	-2.119e-005
81	9.7067	1.9395	0.1	-8.6977e-005
82	7.432	3.1547	0.1	-2.0405e-004
83	8.781	2.93	0.1	-2.0185e-004
84	6.8581	4.6246	0.1	-1.1375e-004
85	9.056	1.6627	0.1	-1.058e-004
86	3.0896	4.5343	0.1	-9.6999e-005
87	4.8	4.5331	0.1	-1.2098e-004
88	5.7634	3.789	0.1	-1.2557e-004
89	1.4296	3.0478	0.1	-2.1689e-005
90	1.5235	4.5366	0.1	-4.4407e-005
91	6.1186	1.6696	0.1	-1.5501e-004
92	5.2283	1.2389	0.1	-1.2269e-004
93	3.9556	1.4418	0.1	-1.2398e-004
94	2.6898	1.5173	0.1	-1.0332e-004
95	1.3551	1.5237	0.1	-4.6708e-005
96	7.0801	1.9417	0.1	-1.3481e-004
97	6.9198	1.2212	0.1	-9.3892e-005
98	20.613	1.4824	0.1	-2.2715e-005
99	18.915	1.4872	0.1	-3.5652e-005
100	17.191	1.4954	0.1	-4.958e-005
101	15.463	1.5144	0.1	-6.1123e-005
102	13.636	1.4852	0.1	-7.1199e-005
103	11.734	1.3289	0.1	-7.1309e-005
104	10.41	1.7061	0.1	-9.5763e-005
105	22.369	2.9816	0.1	-6.8127e-006
106	22.308	1.4801	0.1	-8.3914e-006
107	9.1412	4.1252	0.1	-1.1093e-004
108	9.6346	5.241	0.1	-8.4915e-005
109	11.278	4.8811	0.1	-8.9567e-005
110	12.731	4.575	0.1	-7.842e-005
111	14.276	4.3992	0.1	-6.7979e-005
112	15.922	4.4638	0.1	-5.8191e-005
113	17.555	4.4834	0.1	-4.5753e-005
114	19.218	4.4976	0.1	-3.341e-005
115	20.815	4.4952	0.1	-2.1091e-005
116	22.412	4.4913	0.1	-7.7703e-006
117	8.3034	2.994	0.1	-1.598e-004
118	7.8114	3.064	0.1	-1.6667e-004
119	10.555	2.5638	0.1	-8.8374e-005
120	9.5295	4.5931	0.1	-8.2165e-005
121	9.4356	1.0854	0.1	-7.8007e-005
122	6.5908	0.67677	0.1	-1.0536e-004
123	8.891	3.6247	0.1	-1.4893e-004
124	7.1419	3.7952	0.1	-1.6253e-004
125	7.2254	2.6123	0.1	-1.6166e-004
126	8.8667	2.2648	0.1	-1.5043e-004
127	8.1667	5.5	0.1	-4.5108e-005
128	8.1667	5.	0.1	-9.1687e-005
129	8.1667	4.5	0.1	-1.8399e-004
130	8.1667	4.	0.1	-3.4022e-004
131	8.	4.	0.1	-2.9645e-004
132	8.	4.5	0.1	-4.6968e-005
133	8.	5.	0.1	-6.0992e-005
134	8.	5.5	0.1	-4.0923e-005
135	8.1667	0.5	0.1	-4.3739e-005
136	8.1667	1.	0.1	-7.9776e-005
137	8.1667	1.5	0.1	-1.3814e-004
138	8.1667	2.	0.1	-3.5087e-004
139	8.	2.	0.1	-3.3751e-004
140	8.	1.5	0.1	-1.9549e-004
141	8.	1.	0.1	-9.0498e-005
142	8.	0.5	0.1	-4.488e-005
143	8.1667	6.	0.1	-3.1679e-005
144	9.75	6.	0.1	-8.1064e-005
145	11.333	6.	0.1	-9.3241e-005
146	12.917	6.	0.1	-7.9351e-005
147	14.5	6.	0.1	-7.0925e-005
148	16.083	6.	0.1	-5.6467e-005
149	17.667	6.	0.1	-4.5601e-005
150	19.25	6.	0.1	-3.3036e-005
151	20.833	6.	0.1	-2.0892e-005
152	22.417	6.	0.1	-7.6533e-006
153	24.	6.	0.1	-9.5031e-007
154	24.	4.5	0.1	-1.9694e-007
155	24.	3.	0.1	1.5123e-006
156	24.	1.5	0.1	-4.311e-007
157	1.3113e-014	1.5	0.1	4.8867e-006
158	2.6226e-014	3.	0.1	3.2801e-006
159	3.9339e-014	4.5	0.1	5.3223e-006
160	24.	0.	0.1	-1.5636e-006
161	22.241	0.	0.1	-9.0776e-006
162	20.481	0.	0.1	-2.4154e-005
163	18.722	0.	0.1	-3.7677e-005
164	16.963	0.	0.1	-5.1123e-005
165	15.204	0.	0.1	-6.3082e-005
166	13.444	0.	0.1	-7.1792e-005
167	11.685	0.	0.1	-9.0472e-005
168	9.9259	0.	0.1	-6.1005e-005
169	8.1667	0.	0.1	-4.6735e-005
170	8.	0.	0.1	-3.0446e-005
171	6.6667	1.011e-030	0.1	-8.3493e-005
172	5.3333	8.0879e-031	0.1	-1.4387e-004
173	4.	6.0659e-031	0.1	-1.4873e-004
174	2.6667	4.0439e-031	0.1	-1.3943e-004
175	1.3333	2.022e-031	0.1	-1.0178e-004
176	0.	0.	0.1	2.6331e-006
177	3.937e-014	6.	0.1	2.7683e-006
178	1.6	6.	0.1	-9.4137e-005
179	3.2	6.	0.1	-1.3424e-004
180	4.8	6.	0.1	-1.5289e-004
181	6.4	6.	0.1	-9.5126e-005
182	8.	6.	0.1	-3.8964e-005
183	6.4	6.	0.	9.5126e-005
184	4.8	6.	0.	1.5289e-004
185	3.2	6.	0.	1.3424e-004
186	1.6	6.	0.	9.4137e-005
187	8.	6.	0.	3.8964e-005
188	3.937e-014	6.	0.	-2.7683e-006
189	1.3333	2.022e-031	0.	1.0178e-004
190	2.6667	4.0439e-031	0.	1.3943e-004
191	4.	6.0659e-031	0.	1.4873e-004
192	5.3333	8.0879e-031	0.	1.4387e-004
193	6.6667	1.011e-030	0.	8.3493e-005
194	8.	0.	0.	3.0446e-005
195	0.	0.	0.	-2.6331e-006
196	9.9259	0.	0.	6.1005e-005
197	11.685	0.	0.	9.0472e-005
198	13.444	0.	0.	7.1792e-005
199	15.204	0.	0.	6.3082e-005
200	16.963	0.	0.	5.1123e-005
201	18.722	0.	0.	3.7677e-005
202	20.481	0.	0.	2.4154e-005
203	22.241	0.	0.	9.0776e-006
204	8.1667	0.	0.	4.6735e-005
205	24.	0.	0.	1.5636e-006
206	3.9339e-014	4.5	0.	-5.3223e-006
207	2.6226e-014	3.	0.	-3.2801e-006
208	1.3113e-014	1.5	0.	-4.8867e-006
209	24.	1.5	0.	4.3109e-007
210	24.	3.	0.	-1.5123e-006
211	24.	4.5	0.	1.9693e-007
212	24.	6.	0.	9.503e-007
213	22.417	6.	0.	7.6533e-006
214	20.833	6.	0.	2.0892e-005
215	19.25	6.	0.	3.3036e-005
216	17.667	6.	0.	4.5601e-005
217	16.083	6.	0.	5.6467e-005
218	14.5	6.	0.	7.0925e-005
219	12.917	6.	0.	7.9351e-005
220	11.333	6.	0.	9.3241e-005
221	9.75	6.	0.	8.1064e-005
222	8.1667	6.	0.	3.1679e-005
223	8.	1.5	0.	1.9549e-004
224	8.	1.	0.	9.0498e-005
225	8.	0.5	0.	4.488e-005
226	8.	2.	0.	3.3751e-004
227	8.1667	0.5	0.	4.3739e-005
228	8.1667	1.	0.	7.9776e-005
229	8.1667	1.5	0.	1.3814e-004
230	8.1667	2.	0.	3.5087e-004
231	8.	4.5	0.	4.6968e-005
232	8.	5.	0.	6.0992e-005
233	8.	5.5	0.	4.0923e-005
234	8.	4.	0.	2.9645e-004
235	8.1667	5.5	0.	4.5108e-005
236	8.1667	5.	0.	9.1687e-005
237	8.1667	4.5	0.	1.8399e-004
238	8.1667	4.	0.	3.4022e-004
239	8.9614	1.9638	0.	1.2982e-004
240	8.8239	2.5974	0.	1.7543e-004
241	9.2746	2.3773	0.	1.2625e-004
242	8.8667	2.2648	5.e-002	2.4947e-012
243	8.5167	2.1324	0.	2.6705e-004
244	7.1527	2.277	0.	1.4977e-004
245	7.3287	2.8835	0.	2.0717e-004
246	6.8668	2.903	0.	1.7009e-004
247	7.2254	2.6123	5.e-002	3.1124e-012
248	7.6127	2.3062	0.	2.6615e-004
249	7.	4.2099	0.	1.5143e-004
250	7.287	3.475	0.	1.8439e-004
251	6.8251	3.4944	0.	1.5004e-004
252	7.1419	3.7952	5.e-002	1.2974e-011
253	7.571	3.8976	0.	2.4482e-004
254	9.0161	3.8749	0.	1.3083e-004
255	8.836	3.2773	0.	1.8166e-004
256	9.1902	3.3574	0.	1.3582e-004
257	8.891	3.6247	5.e-002	-4.9774e-021
258	8.5288	3.8123	0.	2.678e-004
259	6.7553	0.949	0.	1.0053e-004
260	5.9095	0.95781	0.	1.3524e-004
261	6.5908	0.67677	5.e-002	-4.0565e-021
262	6.6287	0.33838	0.	9.4373e-005
263	7.2954	0.58838	0.	8.8423e-005
264	9.9228	1.3957	0.	8.7485e-005
265	9.2458	1.3741	0.	9.2121e-005
266	9.6977	0.85487	0.	7.9843e-005
267	9.4356	1.0854	5.e-002	-4.6569e-014
268	8.8011	1.0427	0.	8.8022e-005
269	9.582	4.9171	0.	8.36e-005
270	9.3353	4.3591	0.	9.6758e-005
271	10.158	4.2568	0.	9.7662e-005
272	9.5295	4.5931	5.e-002	1.6254e-012
273	8.8481	4.7965	0.	8.5272e-005
274	10.483	2.1349	0.	1.0204e-004
275	10.119	2.5268	0.	9.1786e-005
276	10.367	2.9939	0.	8.1299e-005
277	11.338	2.795	0.	7.7263e-005
278	10.555	2.5638	5.e-002	-6.9981e-021
279	8.0574	3.029	0.	1.6008e-004
280	7.6217	3.1093	0.	2.0895e-004
281	7.8114	3.064	5.e-002	3.6371e-012
282	7.9057	2.532	0.	2.7405e-004
283	7.9057	3.532	0.	2.3042e-004
284	8.5422	2.962	0.	1.887e-004
285	8.3034	2.994	5.e-002	-3.9631e-020
286	8.2351	2.497	0.	2.715e-004
287	8.2351	3.497	0.	2.6989e-004
288	21.614	4.4932	0.	1.4427e-005
289	22.391	3.7364	0.	7.2939e-006
290	22.412	4.4913	5.e-002	8.9608e-013
291	23.206	4.4956	0.	3.964e-006
292	22.415	5.2456	0.	7.7132e-006
293	20.016	4.4964	0.	2.7253e-005
294	20.775	3.7363	0.	2.1143e-005
295	20.815	4.4952	5.e-002	6.9198e-013
296	20.824	5.2476	0.	2.0995e-005
297	18.386	4.4905	0.	3.959e-005
298	19.151	3.7394	0.	3.3875e-005
299	19.218	4.4976	5.e-002	5.0159e-013
300	19.234	5.2488	0.	3.3226e-005
301	16.739	4.4736	0.	5.2603e-005
302	17.472	3.7322	0.	4.6524e-005
303	17.555	4.4834	5.e-002	3.8188e-013
304	17.611	5.2417	0.	4.5679e-005
305	15.099	4.4315	0.	6.3149e-005
306	15.809	3.7207	0.	5.7623e-005
307	15.922	4.4638	5.e-002	7.7913e-014
308	16.003	5.2319	0.	5.795e-005
309	13.504	4.4871	0.	7.5291e-005
310	14.064	3.6647	0.	6.8951e-005
311	14.276	4.3992	5.e-002	1.7624e-013
312	14.388	5.1996	0.	7.0615e-005
313	12.005	4.728	0.	8.4091e-005
314	12.426	3.8006	0.	7.2931e-005
315	12.731	4.575	5.e-002	1.0781e-012
316	12.824	5.2875	0.	7.9189e-005
317	10.456	5.0611	0.	8.9513e-005
318	11.033	4.4008	0.	9.3813e-005
319	11.278	4.8811	5.e-002	-2.8249e-013
320	11.306	5.4405	0.	9.1425e-005
321	9.6346	5.241	5.e-002	4.1056e-013
322	9.6923	5.6205	0.	8.3407e-005
323	8.9006	5.3705	0.	6.931e-005
324	9.6604	3.7746	0.	1.0818e-004
325	9.1412	4.1252	5.e-002	-5.5323e-013
326	8.6539	4.3126	0.	1.4746e-004
327	22.338	2.2308	0.	7.6036e-006
328	21.461	1.4812	0.	1.5549e-005
329	22.308	1.4801	5.e-002	6.8957e-013
330	22.274	0.74004	0.	8.7343e-006
331	23.154	1.49	0.	4.3929e-006
332	21.552	2.9795	0.	1.3996e-005
333	22.369	2.9816	5.e-002	9.0804e-013
334	23.184	2.9908	0.	2.6302e-006
335	11.072	1.5175	0.	8.7423e-005
336	10.058	1.8228	0.	9.3223e-005
337	10.41	1.7061	5.e-002	3.4026e-013
338	12.685	1.4071	0.	7.1352e-005
339	11.928	2.1776	0.	6.7109e-005
340	10.847	0.97664	0.	8.2369e-005
341	11.734	1.3289	5.e-002	1.6477e-013
342	11.709	0.66447	0.	8.1041e-005
343	14.55	1.4998	0.	6.6162e-005
344	13.744	2.2077	0.	7.062e-005
345	13.636	1.4852	5.e-002	-1.2447e-013
346	13.54	0.74258	0.	7.1464e-005
347	16.327	1.5049	0.	5.5415e-005
348	15.579	2.246	0.	5.9047e-005
349	15.463	1.5144	5.e-002	-2.6897e-014
350	15.333	0.75718	0.	6.2074e-005
351	18.053	1.4913	0.	4.2658e-005
352	17.29	2.2382	0.	4.8443e-005
353	17.191	1.4954	5.e-002	1.3148e-012
354	17.077	0.74768	0.	5.033e-005
355	19.764	1.4848	0.	2.9185e-005
356	19.	2.2342	0.	3.4993e-005
357	18.915	1.4872	5.e-002	4.6857e-013
358	18.819	0.74362	0.	3.6677e-005
359	20.674	2.2299	0.	2.1953e-005
360	20.613	1.4824	5.e-002	9.0949e-013
361	20.547	0.74119	0.	2.3438e-005
362	6.9999	1.5815	0.	1.1533e-004
363	6.5192	1.4454	0.	1.2658e-004
364	6.9198	1.2212	5.e-002	-1.9118e-021
365	7.4599	1.1106	0.	9.3367e-005
366	6.613	2.1594	0.	1.4152e-004
367	7.0801	1.9417	5.e-002	4.4324e-013
368	7.54	1.7209	0.	1.6601e-004
369	2.0224	1.5205	0.	7.4948e-005
370	1.3923	2.2857	0.	3.2651e-005
371	1.3551	1.5237	5.e-002	-7.0909e-013
372	1.3442	0.76183	0.	7.1813e-005
373	0.67755	1.5118	0.	2.0624e-005
374	3.3227	1.4795	0.	1.1343e-004
375	2.7537	2.2767	0.	8.7158e-005
376	2.6898	1.5173	5.e-002	-1.7936e-012
377	2.6782	0.75863	0.	1.2096e-004
378	4.592	1.3403	0.	1.2342e-004
379	4.0633	2.2049	0.	1.1713e-004
380	3.9556	1.4418	5.e-002	-1.135e-012
381	3.9778	0.72088	0.	1.3636e-004
382	5.6734	1.4542	0.	1.4181e-004
383	5.206	1.9537	0.	1.2086e-004
384	5.2283	1.2389	5.e-002	3.123e-013
385	5.2808	0.61943	0.	1.3779e-004
386	6.1322	2.0233	0.	1.5179e-004
387	6.1186	1.6696	5.e-002	2.9865e-013
388	1.4765	3.7922	0.	3.1978e-005
389	2.3065	4.5354	0.	7.0578e-005
390	1.5235	4.5366	5.e-002	-1.4988e-013
391	1.5617	5.2683	0.	6.756e-005
392	0.76174	4.5183	0.	1.993e-005
393	2.1236	3.0419	0.	4.7238e-005
394	1.4296	3.0478	5.e-002	-4.3835e-013
395	0.7148	3.0239	0.	9.1981e-006
396	5.2817	4.161	0.	1.2326e-004
397	6.3107	4.2068	0.	1.3798e-004
398	6.1358	3.4913	0.	1.3283e-004
399	5.4735	3.2287	0.	1.2266e-004
400	5.7634	3.789	5.e-002	-9.4426e-013
401	3.9448	4.5337	0.	1.0892e-004
402	4.4855	3.7506	0.	1.1511e-004
403	5.5742	4.8962	0.	1.3733e-004
404	4.8	4.5331	5.e-002	-1.4691e-012
405	4.8	5.2665	0.	1.3692e-004
406	2.9536	3.7852	0.	8.431e-005
407	3.0896	4.5343	5.e-002	-1.8102e-012
408	3.1448	5.2671	0.	1.1561e-004
409	9.3814	1.8011	0.	1.0429e-004
410	9.056	1.6627	5.e-002	-3.0164e-013
411	8.6114	1.5814	0.	1.2361e-004
412	6.6033	4.942	0.	1.0929e-004
413	6.8581	4.6246	5.e-002	1.9321e-013
414	7.429	4.5623	0.	8.0052e-005
415	7.429	4.8123	0.	1.2045e-004
416	9.1352	3.0101	0.	1.5541e-004
417	8.781	2.93	5.e-002	-1.2099e-020
418	7.432	3.1547	5.e-002	-1.0048e-020
419	9.6946	2.2147	0.	9.2786e-005
420	9.7067	1.9395	5.e-002	8.8708e-013
421	19.91	2.9793	0.	2.7762e-005
422	20.734	2.9774	5.e-002	2.2412e-013
423	3.4943	3.0021	0.	9.1495e-005
424	2.8176	3.0361	5.e-002	-9.0734e-013
425	9.5859	2.79	0.	1.0034e-004
426	9.8345	3.2571	0.	8.8033e-005
427	9.4894	3.0902	5.e-002	3.7213e-013
428	6.3271	2.7853	0.	1.4257e-004
429	6.5083	3.1936	5.e-002	3.2002e-012
430	9.6825	2.4898	5.e-002	3.3918e-012
431	18.237	2.9811	0.	4.0835e-005
432	19.085	2.9812	5.e-002	6.823e-015
433	4.6774	2.8183	0.	1.1468e-004
434	4.171	2.9681	5.e-002	1.243e-011
435	5.6648	2.5228	0.	1.329e-004
436	5.1837	2.6685	5.e-002	3.7009e-012
437	16.542	2.9793	0.	5.255e-005
438	17.389	2.981	5.e-002	1.9299e-014
439	14.774	2.9539	0.	6.3596e-005
440	15.696	2.9776	5.e-002	-3.5341e-015
441	12.986	2.9782	0.	6.6538e-005
442	13.851	2.9302	5.e-002	-1.995e-021
443	10.483	3.6723	0.	8.4334e-005
444	10.18	3.4241	5.e-002	-1.4819e-012
445	11.454	3.4734	0.	8.2327e-005
446	12.121	3.0262	5.e-002	-7.6629e-013
447	10.787	3.9205	5.e-002	-8.1897e-013
448	6.1459	2.377	5.e-002	-2.5485e-014
449	9.9598	0.62433	5.e-002	-1.0919e-012
450	9.9429	0.31217	0.	6.9026e-005
451	9.0632	0.56217	0.	7.0413e-005
452	6.3484	5.2594	5.e-002	-9.6946e-013
453	6.3742	5.6297	0.	9.9308e-005
454	7.1742	5.3797	0.	9.5428e-005
455	6.6033	4.942	0.1	-1.0929e-004
456	5.5742	4.8962	0.1	-1.3733e-004
457	7.1742	5.3797	0.1	-9.5428e-005
458	6.3742	5.6297	0.1	-9.9308e-005
459	10.847	0.97664	0.1	-8.2369e-005
460	9.6977	0.85487	0.1	-7.9843e-005
461	9.0632	0.56217	0.1	-7.0413e-005
462	9.9429	0.31217	0.1	-6.9026e-005
463	5.6648	2.5228	0.1	-1.329e-004
464	6.3271	2.7853	0.1	-1.4257e-004
465	6.1322	2.0233	0.1	-1.5179e-004
466	6.613	2.1594	0.1	-1.4152e-004
467	11.454	3.4734	0.1	-8.2327e-005
468	10.483	3.6723	0.1	-8.4334e-005
469	11.033	4.4008	0.1	-9.3813e-005
470	10.158	4.2568	0.1	-9.7662e-005
471	12.986	2.9782	0.1	-6.6538e-005
472	11.928	2.1776	0.1	-6.7109e-005
473	12.426	3.8006	0.1	-7.2931e-005
474	11.338	2.795	0.1	-7.7263e-005
475	9.8345	3.2571	0.1	-8.8033e-005
476	9.6604	3.7746	0.1	-1.0818e-004
477	10.367	2.9939	0.1	-8.1299e-005
478	14.774	2.9539	0.1	-6.3596e-005
479	13.744	2.2077	0.1	-7.062e-005
480	14.064	3.6647	0.1	-6.8951e-005
481	16.542	2.9793	0.1	-5.255e-005
482	15.579	2.246	0.1	-5.9047e-005
483	15.809	3.7207	0.1	-5.7623e-005
484	18.237	2.9811	0.1	-4.0835e-005
485	17.29	2.2382	0.1	-4.8443e-005
486	17.472	3.7322	0.1	-4.6524e-005
487	4.6774	2.8183	0.1	-1.1468e-004
488	5.4735	3.2287	0.1	-1.2266e-004
489	5.206	1.9537	0.1	-1.2086e-004
490	3.4943	3.0021	0.1	-9.1495e-005
491	4.4855	3.7506	0.1	-1.1511e-004
492	4.0633	2.2049	0.1	-1.1713e-004
493	19.91	2.9793	0.1	-2.7762e-005
494	19.	2.2342	0.1	-3.4993e-005
495	19.151	3.7394	0.1	-3.3875e-005
496	9.5859	2.79	0.1	-1.0034e-004
497	9.6946	2.2147	0.1	-9.2786e-005
498	10.119	2.5268	0.1	-9.1786e-005
499	9.2746	2.3773	0.1	-1.2625e-004
500	6.1358	3.4913	0.1	-1.3283e-004
501	6.8251	3.4944	0.1	-1.5004e-004
502	6.8668	2.903	0.1	-1.7009e-004
503	9.1352	3.0101	0.1	-1.5541e-004
504	9.1902	3.3574	0.1	-1.3582e-004
505	2.9536	3.7852	0.1	-8.431e-005
506	2.1236	3.0419	0.1	-4.7238e-005
507	2.7537	2.2767	0.1	-8.7158e-005
508	20.674	2.2299	0.1	-2.1953e-005
509	21.552	2.9795	0.1	-1.3996e-005
510	20.775	3.7363	0.1	-2.1143e-005
511	9.3814	1.8011	0.1	-1.0429e-004
512	10.058	1.8228	0.1	-9.3223e-005
513	7.6217	3.1093	0.1	-2.0895e-004
514	7.287	3.475	0.1	-1.8439e-004
515	7.3287	2.8835	0.1	-2.0717e-004
516	8.5422	2.962	0.1	-1.887e-004
517	8.836	3.2773	0.1	-1.8166e-004
518	8.8239	2.5974	0.1	-1.7543e-004
519	6.3107	4.2068	0.1	-1.3798e-004
520	7.	4.2099	0.1	-1.5143e-004
521	7.429	4.5623	0.1	-8.0052e-005
522	7.429	4.8123	0.1	-1.2045e-004
523	9.2458	1.3741	0.1	-9.2121e-005
524	8.9614	1.9638	0.1	-1.2982e-004
525	8.6114	1.5814	0.1	-1.2361e-004
526	3.9448	4.5337	0.1	-1.0892e-004
527	2.3065	4.5354	0.1	-7.0578e-005
528	3.1448	5.2671	0.1	-1.1561e-004
529	5.2817	4.161	0.1	-1.2326e-004
530	4.8	5.2665	0.1	-1.3692e-004
531	1.4765	3.7922	0.1	-3.1978e-005
532	1.3923	2.2857	0.1	-3.2651e-005
533	0.7148	3.0239	0.1	-9.1981e-006
534	0.76174	4.5183	0.1	-1.993e-005
535	1.5617	5.2683	0.1	-6.756e-005
536	5.6734	1.4542	0.1	-1.4181e-004
537	6.5192	1.4454	0.1	-1.2658e-004
538	4.592	1.3403	0.1	-1.2342e-004
539	5.9095	0.95781	0.1	-1.3524e-004
540	5.2808	0.61943	0.1	-1.3779e-004
541	3.3227	1.4795	0.1	-1.1343e-004
542	3.9778	0.72088	0.1	-1.3636e-004
543	2.0224	1.5205	0.1	-7.4948e-005
544	2.6782	0.75863	0.1	-1.2096e-004
545	0.67755	1.5118	0.1	-2.0624e-005
546	1.3442	0.76183	0.1	-7.1813e-005
547	6.9999	1.5815	0.1	-1.1533e-004
548	7.1527	2.277	0.1	-1.4977e-004
549	7.54	1.7209	0.1	-1.6601e-004
550	6.7553	0.949	0.1	-1.0053e-004
551	7.4599	1.1106	0.1	-9.3367e-005
552	19.764	1.4848	0.1	-2.9185e-005
553	21.461	1.4812	0.1	-1.5549e-005
554	20.547	0.74119	0.1	-2.3438e-005
555	18.053	1.4913	0.1	-4.2658e-005
556	18.819	0.74362	0.1	-3.6677e-005
557	16.327	1.5049	0.1	-5.5415e-005
558	17.077	0.74768	0.1	-5.033e-005
559	14.55	1.4998	0.1	-6.6162e-005
560	15.333	0.75718	0.1	-6.2074e-005
561	12.685	1.4071	0.1	-7.1352e-005
562	13.54	0.74258	0.1	-7.1464e-005
563	11.072	1.5175	0.1	-8.7423e-005
564	11.709	0.66447	0.1	-8.1041e-005
565	10.483	2.1349	0.1	-1.0204e-004
566	9.9228	1.3957	0.1	-8.7485e-005
567	22.338	2.2308	0.1	-7.6036e-006
568	22.391	3.7364	0.1	-7.2939e-006
569	23.184	2.9908	0.1	-2.6302e-006
570	23.154	1.49	0.1	-4.3929e-006
571	22.274	0.74004	0.1	-8.7343e-006
572	9.3353	4.3591	0.1	-9.6758e-005
573	9.0161	3.8749	0.1	-1.3083e-004
574	8.6539	4.3126	0.1	-1.4746e-004
575	10.456	5.0611	0.1	-8.9513e-005
576	9.582	4.9171	0.1	-8.36e-005
577	8.9006	5.3705	0.1	-6.931e-005
578	9.6923	5.6205	0.1	-8.3407e-005
579	12.005	4.728	0.1	-8.4091e-005
580	11.306	5.4405	0.1	-9.1425e-005
581	13.504	4.4871	0.1	-7.5291e-005
582	12.824	5.2875	0.1	-7.9189e-005
583	15.099	4.4315	0.1	-6.3149e-005
584	14.388	5.1996	0.1	-7.0615e-005
585	16.739	4.4736	0.1	-5.2603e-005
586	16.003	5.2319	0.1	-5.795e-005
587	18.386	4.4905	0.1	-3.959e-005
588	17.611	5.2417	0.1	-4.5679e-005
589	20.016	4.4964	0.1	-2.7253e-005
590	19.234	5.2488	0.1	-3.3226e-005
591	21.614	4.4932	0.1	-1.4427e-005
592	20.824	5.2476	0.1	-2.0995e-005
593	22.415	5.2456	0.1	-7.7132e-006
594	23.206	4.4956	0.1	-3.964e-006
595	8.0574	3.029	0.1	-1.6008e-004
596	8.2351	3.497	0.1	-2.6989e-004
597	8.2351	2.497	0.1	-2.715e-004
598	7.9057	3.532	0.1	-2.3042e-004
599	7.9057	2.532	0.1	-2.7405e-004
600	8.8481	4.7965	0.1	-8.5272e-005
601	8.8011	1.0427	0.1	-8.8022e-005
602	7.2954	0.58838	0.1	-8.8423e-005
603	6.6287	0.33838	0.1	-9.4373e-005
604	8.5288	3.8123	0.1	-2.678e-004
605	7.571	3.8976	0.1	-2.4482e-004
606	7.6127	2.3062	0.1	-2.6615e-004
607	8.5167	2.1324	0.1	-2.6705e-004
608	8.1667	5.25	0.1	-6.7759e-005
609	8.1667	5.75	0.1	-3.6614e-005
610	8.1667	5.5	5.e-002	2.1555e-013
611	8.1667	4.75	0.1	-1.583e-004
612	8.1667	5.	5.e-002	-6.0817e-021
613	8.1667	4.25	0.1	-2.6498e-004
614	8.1667	4.5	5.e-002	-4.0654e-021
615	8.0833	4.	0.1	-3.1299e-004
616	8.1667	4.	5.e-002	-9.4909e-021
617	8.	4.25	0.1	-1.6936e-004
618	8.	4.	5.e-002	4.5195e-012
619	8.	4.75	0.1	-8.6624e-005
620	8.	4.5	5.e-002	-1.0828e-020
621	8.	5.25	0.1	-4.9062e-005
622	8.	5.	5.e-002	-4.294e-021
623	8.	5.75	0.1	-4.1942e-005
624	8.	5.5	5.e-002	1.297e-013
625	8.1667	0.75	0.1	-6.1487e-005
626	8.1667	0.25	0.1	-4.3932e-005
627	8.1667	0.5	5.e-002	3.4209e-012
628	8.1667	1.25	0.1	-1.2174e-004
629	8.1667	1.	5.e-002	-4.7434e-014
630	8.1667	1.75	0.1	-2.5878e-004
631	8.1667	1.5	5.e-002	-1.1893e-020
632	8.0833	2.	0.1	-2.9419e-004
633	8.1667	2.	5.e-002	-7.548e-021
634	8.	1.75	0.1	-2.873e-004
635	8.	2.	5.e-002	-9.1308e-021
636	8.	1.25	0.1	-1.4631e-004
637	8.	1.5	5.e-002	3.5298e-012
638	8.	0.75	0.1	-8.3199e-005
639	8.	1.	5.e-002	-7.0609e-021
640	8.	0.25	0.1	-3.7617e-005
641	8.	0.5	5.e-002	-4.4226e-021
642	8.9583	6.	0.1	-6.0808e-005
643	8.1667	6.	5.e-002	4.7656e-013
644	10.542	6.	0.1	-8.7406e-005
645	9.75	6.	5.e-002	2.3585e-013
646	12.125	6.	0.1	-8.6631e-005
647	11.333	6.	5.e-002	2.9484e-013
648	13.708	6.	0.1	-7.521e-005
649	12.917	6.	5.e-002	1.5494e-013
650	15.292	6.	0.1	-6.37e-005
651	14.5	6.	5.e-002	1.8997e-012
652	16.875	6.	0.1	-5.1075e-005
653	16.083	6.	5.e-002	3.5626e-013
654	18.458	6.	0.1	-3.9318e-005
655	17.667	6.	5.e-002	8.1177e-013
656	20.042	6.	0.1	-2.6968e-005
657	19.25	6.	5.e-002	-2.1963e-021
658	21.625	6.	0.1	-1.427e-005
659	20.833	6.	5.e-002	9.0949e-013
660	23.208	6.	0.1	-4.2935e-006
661	22.417	6.	5.e-002	1.3421e-012
662	24.	5.25	0.1	-5.7274e-007
663	24.	6.	5.e-002	-7.239e-014
664	24.	3.75	0.1	6.5569e-007
665	24.	4.5	5.e-002	8.8304e-013
666	24.	2.25	0.1	5.3932e-007
667	24.	3.	5.e-002	4.5504e-013
668	24.	0.75	0.1	-9.9696e-007
669	24.	1.5	5.e-002	1.1393e-012
670	1.9669e-014	2.25	0.1	3.6465e-006
671	6.5564e-015	0.75	0.1	3.7326e-006
672	1.329e-014	1.5	5.e-002	-1.019e-013
673	3.2782e-014	3.75	0.1	3.9664e-006
674	2.6581e-014	3.	5.e-002	-3.6217e-021
675	4.5895e-014	5.25	0.1	4.2878e-006
676	3.9871e-014	4.5	5.e-002	-4.8356e-021
677	23.12	0.	0.1	-5.3124e-006
678	24.	0.	5.e-002	-5.8295e-013
679	21.361	0.	0.1	-1.661e-005
680	22.241	0.	5.e-002	1.3815e-012
681	19.602	0.	0.1	-3.0918e-005
682	20.481	0.	5.e-002	5.2093e-013
683	17.843	0.	0.1	-4.4922e-005
684	18.722	0.	5.e-002	9.1409e-013
685	16.083	0.	0.1	-5.7038e-005
686	16.963	0.	5.e-002	-3.5181e-014
687	14.324	0.	0.1	-6.7503e-005
688	15.204	0.	5.e-002	-9.9774e-015
689	12.565	0.	0.1	-8.1466e-005
690	13.444	0.	5.e-002	-3.0354e-021
691	10.806	0.	0.1	-7.5786e-005
692	11.685	0.	5.e-002	8.5353e-013
693	9.0463	0.	0.1	-6.5677e-005
694	9.9259	0.	5.e-002	1.5887e-013
695	8.1667	0.	5.e-002	-5.2176e-013
696	7.3333	1.1121e-030	0.1	-7.5891e-005
697	8.	1.2132e-030	5.e-002	-4.6827e-021
698	6.	9.0989e-031	0.1	-1.1361e-004
699	6.6667	0.	5.e-002	-2.2617e-021
700	4.6667	7.0769e-031	0.1	-1.5075e-004
701	5.3333	0.	5.e-002	-1.851e-022
702	3.3333	5.0549e-031	0.1	-1.4287e-004
703	4.	0.	5.e-002	-2.9808e-021
704	2.	3.033e-031	0.1	-1.1939e-004
705	2.6667	0.	5.e-002	-1.431e-021
706	0.66667	1.011e-031	0.1	-4.8578e-005
707	1.3333	0.	5.e-002	-3.4475e-021
708	0.	0.	5.e-002	-2.3628e-020
709	0.8	6.	0.1	-4.5258e-005
710	5.2451e-014	6.	5.e-002	1.6771e-014
711	2.4	6.	0.1	-1.1338e-004
712	1.6	6.	5.e-002	-3.3136e-021
713	4.	6.	0.1	-1.4328e-004
714	3.2	6.	5.e-002	-2.1278e-021
715	5.6	6.	0.1	-1.2877e-004
716	4.8	6.	5.e-002	-3.3527e-012
717	7.2	6.	0.1	-8.2454e-005
718	6.4	6.	5.e-002	-5.6056e-014
719	8.	6.	5.e-002	-1.8094e-012
720	5.6	6.	0.	1.2877e-004
721	7.2	6.	0.	8.2454e-005
722	4.	6.	0.	1.4328e-004
723	2.4	6.	0.	1.1338e-004
724	0.8	6.	0.	4.5258e-005
725	8.	5.75	0.	4.1942e-005
726	4.5895e-014	5.25	0.	-4.2878e-006
727	2.	3.033e-031	0.	1.1939e-004
728	0.66667	1.011e-031	0.	4.8578e-005
729	3.3333	5.0549e-031	0.	1.4287e-004
730	4.6667	7.0769e-031	0.	1.5075e-004
731	6.	9.0989e-031	0.	1.1361e-004
732	7.3333	1.1121e-030	0.	7.5891e-005
733	8.	0.25	0.	3.7617e-005
734	6.5564e-015	0.75	0.	-3.7326e-006
735	10.806	0.	0.	7.5786e-005
736	9.0463	0.	0.	6.5677e-005
737	12.565	0.	0.	8.1466e-005
738	14.324	0.	0.	6.7503e-005
739	16.083	0.	0.	5.7038e-005
740	17.843	0.	0.	4.4922e-005
741	19.602	0.	0.	3.0918e-005
742	21.361	0.	0.	1.661e-005
743	23.12	0.	0.	5.3124e-006
744	8.1667	0.25	0.	4.3932e-005
745	24.	0.75	0.	9.9696e-007
746	3.2782e-014	3.75	0.	-3.9664e-006
747	1.9669e-014	2.25	0.	-3.6465e-006
748	24.	2.25	0.	-5.3932e-007
749	24.	3.75	0.	-6.5569e-007
750	24.	5.25	0.	5.7274e-007
751	23.208	6.	0.	4.2935e-006
752	21.625	6.	0.	1.427e-005
753	20.042	6.	0.	2.6968e-005
754	18.458	6.	0.	3.9318e-005
755	16.875	6.	0.	5.1075e-005
756	15.292	6.	0.	6.37e-005
757	13.708	6.	0.	7.521e-005
758	12.125	6.	0.	8.6631e-005
759	10.542	6.	0.	8.7406e-005
760	8.9583	6.	0.	6.0808e-005
761	8.1667	5.75	0.	3.6614e-005
762	8.	1.25	0.	1.4631e-004
763	8.	1.75	0.	2.873e-004
764	8.	0.75	0.	8.3199e-005
765	8.0833	2.	0.	2.9419e-004
766	8.1667	0.75	0.	6.1487e-005
767	8.1667	1.25	0.	1.2174e-004
768	8.1667	1.75	0.	2.5878e-004
769	8.	4.75	0.	8.6624e-005
770	8.	4.25	0.	1.6936e-004
771	8.	5.25	0.	4.9062e-005
772	8.0833	4.	0.	3.1299e-004
773	8.1667	5.25	0.	6.7759e-005
774	8.1667	4.75	0.	1.583e-004
775	8.1667	4.25	0.	2.6498e-004
