Node Number	X Location (in)	Y Location (in)	Z Location (in)	Middle Principal Stress (psi)
1	18.67	3.2542	0.	-209.66
2	16.639	2.0693	0.	246.68
3	18.129	3.0207	0.	51.918
4	21.462	2.6563	0.	-26.933
5	14.944	3.8334	0.	70.727
6	10.341	2.9959	0.	-326.91
7	5.5853	2.9927	0.	-423.31
8	19.59	3.3674	0.	-43.936
9	17.777	2.9284	0.	-139.3
10	17.38	2.7032	0.	-93.232
11	17.957	2.7753	0.	45.47
12	19.775	4.6331	0.	108.59
13	19.775	4.6331	0.1	-108.59
14	17.957	2.7753	0.1	-45.47
15	17.38	2.7032	0.1	93.232
16	17.777	2.9284	0.1	139.3
17	19.59	3.3674	0.1	43.936
18	5.5853	2.9927	0.1	423.31
19	10.341	2.9959	0.1	326.91
20	14.944	3.8334	0.1	-70.727
21	21.462	2.6563	0.1	26.933
22	18.129	3.0207	0.1	-51.918
23	16.639	2.0693	0.1	-246.68
24	18.67	3.2542	0.1	209.66
25	18.167	1.	0.1	334.94
26	18.167	1.5	0.1	728.71
27	18.167	2.	0.1	779.46
28	18.	2.	0.1	411.71
29	18.	1.5	0.1	332.42
30	18.	1.	0.1	261.24
31	18.167	5.	0.1	183.92
32	18.167	4.5	0.1	514.35
33	18.167	4.	0.1	1148.3
34	18.	4.	0.1	701.06
35	18.	4.5	0.1	-282.66
36	18.	5.	0.1	252.46
37	18.167	6.	0.1	-15.267
38	21.083	6.	0.1	63.646
39	24.	6.	0.1	40.808
40	24.	3.	0.1	41.611
41	2.6226e-014	3.	0.1	3348.2
42	3.937e-014	6.	0.1	3183.6
43	6.	6.	0.1	409.75
44	12.	6.	0.1	282.83
45	15.	6.	0.1	6.6566
46	18.	6.	0.1	543.49
47	24.	0.	0.1	22.053
48	21.083	0.	0.1	24.723
49	18.167	0.	0.1	54.673
50	18.	0.	0.1	-78.339
51	15.	2.3253e-030	0.1	-59.681
52	12.	1.8602e-030	0.1	323.62
53	6.	9.3011e-031	0.1	515.8
54	0.	0.	0.1	3203.8
55	6.	9.3011e-031	0.	-515.8
56	12.	1.8602e-030	0.	-323.62
57	15.	2.3253e-030	0.	59.681
58	18.	0.	0.	78.339
59	0.	0.	0.	-3203.8
60	21.083	0.	0.	-24.723
61	18.167	0.	0.	-54.673
62	24.	0.	0.	-22.053
63	15.	6.	0.	-6.6566
64	12.	6.	0.	-282.83
65	6.	6.	0.	-409.75
66	18.	6.	0.	-543.49
67	3.937e-014	6.	0.	-3183.6
68	2.6226e-014	3.	0.	-3348.2
69	24.	3.	0.	-41.611
70	24.	6.	0.	-40.808
71	21.083	6.	0.	-63.646
72	18.167	6.	0.	15.267
73	18.	4.5	0.	282.66
74	18.	5.	0.	-252.46
75	18.	4.	0.	-701.06
76	18.167	5.	0.	-183.92
77	18.167	4.5	0.	-514.35
78	18.167	4.	0.	-1148.3
79	18.	1.5	0.	-332.42
80	18.	1.	0.	-261.24
81	18.	2.	0.	-411.71
82	18.167	1.	0.	-334.94
83	18.167	1.5	0.	-728.71
84	18.167	2.	0.	-779.46
85	18.399	3.1374	0.	-81.793
86	19.13	3.3108	0.	-127.72
87	18.67	3.2542	5.e-002	1.3093e-005
88	18.418	3.6271	0.	-200.44
89	18.418	2.6271	0.	-240.89
90	17.009	2.3862	0.	84.869
91	16.639	2.0693	5.e-002	5.9842e-006
92	15.82	1.0346	0.	156.42
93	17.32	3.5346	0.	2.9736
94	17.32	1.7846	0.	-53.318
95	17.32	1.5346	0.	107.25
96	18.043	2.898	0.	60.321
97	18.129	3.0207	5.e-002	5.6067e-006
98	18.065	3.5103	0.	-82.357
99	18.148	2.5103	0.	-132.92
100	20.526	3.0118	0.	-35.485
101	21.462	2.6563	5.e-002	1.0299e-005
102	21.272	1.3281	0.	-25.54
103	22.731	2.8281	0.	-33.778
104	21.272	4.3281	0.	-35.353
105	19.814	1.8281	0.	-185.07
106	12.643	3.4147	0.	-104.87
107	14.944	3.8334	5.e-002	1.891e-005
108	14.972	1.9167	0.	64.366
109	14.972	4.9167	0.	107.22
110	16.472	4.4167	0.	-51.702
111	7.9633	2.9943	0.	-372.47
112	10.341	2.9959	5.e-002	-4.4258e-007
113	11.171	1.4979	0.	-314.37
114	11.171	4.4979	0.	-298.25
115	5.5853	2.9927	5.e-002	-3.7923e-008
116	5.7927	1.4963	0.	-469.61
117	5.7927	4.4963	0.	-417.72
118	2.7927	2.9963	0.	-1885.8
119	19.683	4.0003	0.	35.322
120	19.59	3.3674	5.e-002	1.9788e-005
121	18.879	3.9337	0.	-171.07
122	18.879	2.4337	0.	-347.3
123	17.578	2.8158	0.	-101.69
124	17.867	2.8519	0.	-56.146
125	17.777	2.9284	5.e-002	-1.0651e-013
126	17.889	3.4642	0.	-182.44
127	17.38	2.7032	5.e-002	-2.3575e-006
128	17.69	3.6016	0.	77.557
129	17.69	2.3516	0.	-252.25
130	17.957	2.7753	5.e-002	2.3669e-006
131	17.978	2.3876	0.	-169.81
132	19.775	4.6331	5.e-002	6.0621e-006
133	20.429	5.3166	0.	36.423
134	18.971	4.8166	0.	-36.733
135	19.683	4.0003	0.1	-35.322
136	18.971	4.8166	0.1	36.734
137	20.429	5.3166	0.1	-36.423
138	17.867	2.8519	0.1	56.146
139	18.043	2.898	0.1	-60.321
140	17.978	2.3876	0.1	169.81
141	17.578	2.8158	0.1	101.69
142	17.009	2.3862	0.1	-84.869
143	17.69	2.3516	0.1	252.25
144	17.69	3.6016	0.1	-77.557
145	17.889	3.4642	0.1	182.44
146	20.526	3.0118	0.1	35.485
147	19.13	3.3108	0.1	127.72
148	18.879	2.4337	0.1	347.3
149	18.879	3.9337	0.1	171.07
150	7.9633	2.9943	0.1	372.47
151	2.7927	2.9963	0.1	1885.8
152	5.7927	4.4963	0.1	417.72
153	5.7927	1.4963	0.1	469.61
154	12.643	3.4147	0.1	104.87
155	11.171	4.4979	0.1	298.25
156	11.171	1.4979	0.1	314.37
157	16.472	4.4167	0.1	51.702
158	14.972	4.9167	0.1	-107.22
159	14.972	1.9167	0.1	-64.366
160	19.814	1.8281	0.1	185.07
161	21.272	4.3281	0.1	35.353
162	22.731	2.8281	0.1	33.778
163	21.272	1.3281	0.1	25.54
164	18.399	3.1374	0.1	81.793
165	18.148	2.5103	0.1	132.92
166	18.065	3.5103	0.1	82.357
167	17.32	1.7846	0.1	53.318
168	17.32	1.5346	0.1	-107.25
169	17.32	3.5346	0.1	-2.9736
170	15.82	1.0346	0.1	-156.42
171	18.418	2.6271	0.1	240.89
172	18.418	3.6271	0.1	200.44
173	18.167	1.25	0.1	531.17
174	18.167	0.5	0.1	190.35
175	18.167	1.	5.e-002	3.0118e-006
176	18.167	1.75	0.1	765.6
177	18.167	1.5	5.e-002	3.1112e-006
178	18.083	2.	0.1	373.17
179	18.167	2.	5.e-002	-6.1145e-005
180	18.	1.75	0.1	375.82
181	18.	2.	5.e-002	-1.9463e-005
182	18.	1.25	0.1	194.05
183	18.	1.5	5.e-002	-7.556e-006
184	18.	0.5	0.1	43.477
185	18.	1.	5.e-002	9.9911e-006
186	18.167	4.75	0.1	349.42
187	18.167	5.5	0.1	43.95
188	18.167	5.	5.e-002	3.0518e-005
189	18.167	4.25	0.1	850.84
190	18.167	4.5	5.e-002	-2.9187e-014
191	18.083	4.	0.1	1135.2
192	18.167	4.	5.e-002	-3.3241e-014
193	18.	4.25	0.1	208.37
194	18.	4.	5.e-002	1.6892e-005
195	18.	4.75	0.1	-1.1454
196	18.	4.5	5.e-002	4.8014e-006
197	18.	5.5	0.1	396.42
198	18.	5.	5.e-002	1.7279e-005
199	19.625	6.	0.1	11.255
200	18.167	6.	5.e-002	-3.909e-006
201	22.542	6.	0.1	48.494
202	21.083	6.	5.e-002	1.0327e-005
203	24.	4.5	0.1	41.347
204	24.	6.	5.e-002	-1.1768e-005
205	24.	1.5	0.1	31.83
206	24.	3.	5.e-002	1.3164e-005
207	3.9339e-014	4.5	0.1	3272.
208	1.3113e-014	1.5	0.1	3281.
209	2.6581e-014	3.	5.e-002	-9.5739e-014
210	3.	6.	0.1	1787.9
211	5.2451e-014	6.	5.e-002	1.262e-006
212	9.	6.	0.1	262.66
213	6.	6.	5.e-002	-3.2715e-014
214	13.5	6.	0.1	143.32
215	12.	6.	5.e-002	-2.0032e-013
216	16.5	6.	0.1	274.28
217	15.	6.	5.e-002	1.2339e-005
218	18.	6.	5.e-002	1.0606e-005
219	22.542	0.	0.1	23.445
220	24.	0.	5.e-002	9.4959e-006
221	19.625	0.	0.1	27.963
222	21.083	0.	5.e-002	9.9926e-006
223	18.167	0.	5.e-002	1.1745e-005
224	16.5	2.5578e-030	0.1	-70.194
225	18.	2.7903e-030	5.e-002	5.0163e-006
226	13.5	2.0927e-030	0.1	110.05
227	15.	0.	5.e-002	-1.3794e-007
228	9.	1.3952e-030	0.1	406.97
229	12.	0.	5.e-002	9.1798e-006
230	3.	4.6505e-031	0.1	1852.
231	6.	0.	5.e-002	2.4078e-006
232	0.	0.	5.e-002	-1.3829e-013
233	9.	1.3952e-030	0.	-406.97
234	3.	4.6505e-031	0.	-1852.
235	13.5	2.0927e-030	0.	-110.05
236	16.5	2.5578e-030	0.	70.194
237	18.	0.5	0.	-43.477
238	1.3113e-014	1.5	0.	-3281.
239	19.625	0.	0.	-27.963
240	22.542	0.	0.	-23.445
241	18.167	0.5	0.	-190.35
242	24.	1.5	0.	-31.83
243	13.5	6.	0.	-143.32
244	16.5	6.	0.	-274.28
245	9.	6.	0.	-262.66
246	3.	6.	0.	-1787.9
247	18.	5.5	0.	-396.42
248	3.9339e-014	4.5	0.	-3272.
249	24.	4.5	0.	-41.347
250	22.542	6.	0.	-48.494
251	19.625	6.	0.	-11.255
252	18.167	5.5	0.	-43.95
253	18.	4.75	0.	1.1454
254	18.	4.25	0.	-208.37
255	18.083	4.	0.	-1135.2
256	18.167	4.75	0.	-349.42
257	18.167	4.25	0.	-850.84
258	18.	1.25	0.	-194.05
259	18.	1.75	0.	-375.82
260	18.083	2.	0.	-373.17
261	18.167	1.25	0.	-531.17
262	18.167	1.75	0.	-765.6
