Node Number	X Location (in)	Y Location (in)	Z Location (in)	Maximum Principal Elastic Strain (in/in)
1	18.324	3.4668	0.	1.4848e-004
2	17.877	2.5102	0.	1.1997e-004
3	17.36	3.8827	0.	9.0129e-005
4	18.713	3.7467	0.	8.2165e-005
5	19.074	2.8938	0.	5.7576e-005
6	17.218	2.1649	0.	8.8769e-005
7	16.998	4.9194	0.	6.253e-005
8	17.273	1.5951	0.	1.5354e-004
9	8.7521	3.1491	0.	1.2971e-004
10	10.582	3.0628	0.	1.1186e-004
11	18.298	2.7428	0.	1.3747e-004
12	17.926	3.3121	0.	1.4026e-004
13	22.152	1.7943	0.	1.4025e-005
14	21.848	3.7615	0.	1.5974e-005
15	19.97	4.4179	0.	2.9145e-005
16	19.199	3.9485	0.	5.4325e-005
17	20.306	1.3241	0.	2.2351e-005
18	16.473	1.0306	0.	7.3845e-005
19	1.8279	1.9895	0.	3.1412e-004
20	3.6472	1.9855	0.	1.8435e-004
21	5.408	1.8462	0.	1.6391e-004
22	7.174	1.593	0.	1.367e-004
23	8.9789	1.5106	0.	1.2442e-004
24	10.722	1.5384	0.	1.0743e-004
25	12.603	1.5165	0.	9.1684e-005
26	14.447	1.5744	0.	6.702e-005
27	16.455	2.1274	0.	7.0482e-005
28	1.9107	4.0187	0.	3.1301e-004
29	15.575	4.7252	0.	6.8708e-005
30	13.875	4.6534	0.	8.0872e-005
31	12.091	4.576	0.	9.5401e-005
32	10.272	4.5439	0.	1.1287e-004
33	8.2643	4.5263	0.	1.4026e-004
34	5.9724	3.9484	0.	1.5616e-004
35	3.8879	4.0015	0.	1.8267e-004
36	17.459	4.429	0.	1.2286e-004
37	17.366	2.9835	0.	9.54e-005
38	18.796	3.1463	0.	6.7087e-005
39	16.777	3.9642	0.	7.9753e-005
40	15.36	3.5863	0.	7.1668e-005
41	16.735	3.1414	0.	7.8118e-005
42	19.745	2.2439	0.	3.4177e-005
43	13.945	3.1984	0.	8.4042e-005
44	15.609	2.5984	0.	9.3295e-005
45	12.316	3.053	0.	9.3154e-005
46	7.3088	2.8558	0.	1.5515e-004
47	7.3088	2.8558	0.1	4.1288e-004
48	12.316	3.053	0.1	2.763e-004
49	15.609	2.5984	0.1	2.0671e-004
50	13.945	3.1984	0.1	2.3335e-004
51	19.745	2.2439	0.1	8.5454e-005
52	16.735	3.1414	0.1	1.9231e-004
53	15.36	3.5863	0.1	1.8871e-004
54	16.777	3.9642	0.1	1.9833e-004
55	18.796	3.1463	0.1	1.9199e-004
56	17.366	2.9835	0.1	2.462e-004
57	17.459	4.429	0.1	1.5168e-004
58	3.8879	4.0015	0.1	4.8859e-004
59	5.9724	3.9484	0.1	4.1721e-004
60	8.2643	4.5263	0.1	3.9117e-004
61	10.272	4.5439	0.1	3.3284e-004
62	12.091	4.576	0.1	2.7929e-004
63	13.875	4.6534	0.1	2.2722e-004
64	15.575	4.7252	0.1	1.8743e-004
65	1.9107	4.0187	0.1	5.2138e-004
66	16.455	2.1274	0.1	1.8839e-004
67	14.447	1.5744	0.1	1.9507e-004
68	12.603	1.5165	0.1	2.6786e-004
69	10.722	1.5384	0.1	3.1802e-004
70	8.9789	1.5106	0.1	3.6516e-004
71	7.174	1.593	0.1	4.0466e-004
72	5.408	1.8462	0.1	4.5106e-004
73	3.6472	1.9855	0.1	4.9692e-004
74	1.8279	1.9895	0.1	5.2292e-004
75	16.473	1.0306	0.1	1.5065e-004
76	20.306	1.3241	0.1	6.2346e-005
77	19.199	3.9485	0.1	1.0813e-004
78	19.97	4.4179	0.1	6.8166e-005
79	21.848	3.7615	0.1	4.7346e-005
80	22.152	1.7943	0.1	3.8232e-005
81	17.926	3.3121	0.1	2.7109e-004
82	18.298	2.7428	0.1	2.6455e-004
83	10.582	3.0628	0.1	3.1794e-004
84	8.7521	3.1491	0.1	3.6327e-004
85	17.273	1.5951	0.1	1.6569e-004
86	16.998	4.9194	0.1	1.3721e-004
87	17.218	2.1649	0.1	1.8512e-004
88	19.074	2.8938	0.1	1.4637e-004
89	18.713	3.7467	0.1	1.7416e-004
90	17.36	3.8827	0.1	2.0864e-004
91	17.877	2.5102	0.1	2.8211e-004
92	18.324	3.4668	0.1	2.596e-004
93	18.167	1.	0.1	1.0505e-004
94	18.167	1.5	0.1	2.0682e-004
95	18.167	2.	0.1	4.8059e-004
96	18.	2.	0.1	4.7278e-004
97	18.	1.5	0.1	2.1745e-004
98	18.	1.	0.1	1.5495e-004
99	18.167	5.	0.1	1.1281e-004
100	18.167	4.5	0.1	1.7783e-004
101	18.167	4.	0.1	5.2963e-004
102	18.	4.	0.1	4.7673e-004
103	18.	4.5	0.1	2.2478e-004
104	18.	5.	0.1	1.1862e-004
105	18.167	6.	0.1	5.2578e-005
106	20.111	6.	0.1	5.2859e-005
107	22.056	6.	0.1	3.8554e-005
108	24.	6.	0.1	2.4113e-005
109	24.	4.	0.1	2.556e-005
110	24.	2.	0.1	2.2336e-005
111	1.7484e-014	2.	0.1	5.2374e-004
112	3.4968e-014	4.	0.1	5.269e-004
113	3.937e-014	6.	0.1	4.6299e-004
114	2.	6.	0.1	5.2655e-004
115	4.	6.	0.1	5.2404e-004
116	6.	6.	0.1	4.4556e-004
117	8.	6.	0.1	3.9279e-004
118	10.	6.	0.1	3.5532e-004
119	12.	6.	0.1	2.8035e-004
120	14.	6.	0.1	2.2243e-004
121	16.	6.	0.1	1.6786e-004
122	17.	6.	0.1	9.5457e-005
123	18.	6.	0.1	4.9633e-005
124	24.	0.	0.1	2.1385e-005
125	22.056	0.	0.1	3.9042e-005
126	20.111	0.	0.1	5.1543e-005
127	18.167	0.	0.1	6.5865e-005
128	18.	0.	0.1	1.0188e-004
129	16.2	2.5113e-030	0.1	1.2444e-004
130	14.4	2.2323e-030	0.1	2.0005e-004
131	12.6	1.9532e-030	0.1	2.7032e-004
132	10.8	1.6742e-030	0.1	3.1968e-004
133	9.	1.3952e-030	0.1	3.6893e-004
134	7.2	1.1161e-030	0.1	4.2193e-004
135	5.4	8.371e-031	0.1	4.8218e-004
136	3.6	5.5806e-031	0.1	5.378e-004
137	1.8	2.7903e-031	0.1	5.2412e-004
138	0.	0.	0.1	4.4438e-004
139	1.8	2.7903e-031	0.	2.7892e-004
140	3.6	5.5806e-031	0.	1.8719e-004
141	5.4	8.371e-031	0.	1.6715e-004
142	7.2	1.1161e-030	0.	1.3956e-004
143	9.	1.3952e-030	0.	1.2477e-004
144	10.8	1.6742e-030	0.	1.0639e-004
145	12.6	1.9532e-030	0.	9.1996e-005
146	14.4	2.2323e-030	0.	8.2267e-005
147	16.2	2.5113e-030	0.	5.361e-005
148	18.	0.	0.	3.8205e-005
149	0.	0.	0.	2.7166e-005
150	20.111	0.	0.	2.1681e-005
151	22.056	0.	0.	1.5166e-005
152	18.167	0.	0.	2.9241e-005
153	24.	0.	0.	1.0219e-005
154	17.	6.	0.	4.7211e-005
155	16.	6.	0.	7.3612e-005
156	14.	6.	0.	8.0855e-005
157	12.	6.	0.	9.1927e-005
158	10.	6.	0.	1.2965e-004
159	8.	6.	0.	1.4016e-004
160	6.	6.	0.	1.5271e-004
161	4.	6.	0.	1.8553e-004
162	2.	6.	0.	2.8531e-004
163	18.	6.	0.	1.4819e-005
164	3.937e-014	6.	0.	2.8467e-005
165	3.4968e-014	4.	0.	6.2652e-006
166	1.7484e-014	2.	0.	5.7017e-006
167	24.	2.	0.	1.3468e-005
168	24.	4.	0.	1.3366e-005
169	24.	6.	0.	1.2791e-005
170	22.056	6.	0.	1.6228e-005
171	20.111	6.	0.	2.349e-005
172	18.167	6.	0.	1.4326e-005
173	18.	4.5	0.	1.7333e-004
174	18.	5.	0.	4.6711e-005
175	18.	4.	0.	2.0303e-004
176	18.167	5.	0.	3.8054e-005
177	18.167	4.5	0.	6.1239e-005
178	18.167	4.	0.	1.8385e-004
179	18.	1.5	0.	1.6276e-004
180	18.	1.	0.	7.7097e-005
181	18.	2.	0.	2.1867e-004
182	18.167	1.	0.	3.476e-005
183	18.167	1.5	0.	6.8636e-005
184	18.167	2.	0.	1.5509e-004
185	18.125	3.3894	0.	1.4322e-004
186	18.56	3.3065	0.	1.0159e-004
187	18.324	3.4668	5.e-002	7.9138e-006
188	18.245	3.7334	0.	1.3712e-004
189	18.088	2.6265	0.	1.2679e-004
190	17.622	2.7468	0.	1.0693e-004
191	17.877	2.5102	5.e-002	1.1371e-005
192	17.939	2.2551	0.	1.6781e-004
193	17.409	4.1558	0.	1.0485e-004
194	17.363	3.4331	0.	9.0492e-005
195	17.068	3.9234	0.	8.3906e-005
196	17.36	3.8827	5.e-002	5.8785e-006
197	17.68	3.9413	0.	1.4568e-004
198	18.956	3.8476	0.	6.8068e-005
199	18.754	3.4465	0.	6.6777e-005
200	18.713	3.7467	5.e-002	1.8224e-005
201	18.44	3.8733	0.	1.1689e-004
202	19.137	3.4212	0.	5.1155e-005
203	18.935	3.0201	0.	5.7374e-005
204	19.409	2.5689	0.	4.3303e-005
205	19.074	2.8938	5.e-002	1.0165e-005
206	18.62	2.4469	0.	9.7956e-005
207	17.245	1.88	0.	1.2082e-004
208	16.836	2.1462	0.	7.5663e-005
209	17.292	2.5742	0.	9.09e-005
210	17.218	2.1649	5.e-002	9.7141e-006
211	17.609	2.0825	0.	1.5288e-004
212	16.286	4.8223	0.	6.3843e-005
213	17.229	4.6742	0.	9.1616e-005
214	16.887	4.4418	0.	7.0064e-005
215	16.998	4.9194	5.e-002	8.6821e-006
216	16.999	5.4597	0.	5.3877e-005
217	17.499	4.9597	0.	4.5669e-005
218	16.873	1.3128	0.	1.1148e-004
219	17.273	1.5951	5.e-002	1.436e-005
220	17.637	1.5476	0.	1.4932e-004
221	9.6671	3.1059	0.	1.1466e-004
222	8.8655	2.3298	0.	1.2645e-004
223	8.5082	3.8377	0.	1.2796e-004
224	8.0304	3.0024	0.	1.4223e-004
225	8.7521	3.1491	5.e-002	6.2589e-006
226	10.652	2.3006	0.	1.0782e-004
227	10.427	3.8033	0.	1.1178e-004
228	11.449	3.0579	0.	1.0214e-004
229	10.582	3.0628	5.e-002	2.3135e-006
230	18.112	3.0275	0.	1.3878e-004
231	18.547	2.9446	0.	9.6136e-005
232	18.298	2.7428	5.e-002	5.7296e-006
233	18.233	2.3714	0.	1.1555e-004
234	17.646	3.1478	0.	1.1763e-004
235	17.926	3.3121	5.e-002	7.051e-006
236	17.963	3.6561	0.	1.6773e-004
237	22.	2.7779	0.	1.4541e-005
238	21.229	1.5592	0.	1.775e-005
239	22.152	1.7943	5.e-002	1.4719e-006
240	22.104	0.89713	0.	1.3947e-005
241	23.076	1.8971	0.	1.3562e-005
242	20.909	4.0897	0.	2.1882e-005
243	20.796	3.0027	0.	2.5022e-005
244	21.848	3.7615	5.e-002	1.2593e-006
245	22.924	3.8808	0.	1.3841e-005
246	21.952	4.8808	0.	1.5221e-005
247	19.585	4.1832	0.	4.0626e-005
248	19.857	3.3309	0.	2.8479e-005
249	19.97	4.4179	5.e-002	4.8335e-006
250	20.041	5.209	0.	2.5289e-005
251	19.068	4.709	0.	3.0782e-005
252	19.199	3.9485	5.e-002	7.6969e-006
253	18.683	4.2242	0.	4.6778e-005
254	20.025	1.784	0.	2.8263e-005
255	20.306	1.3241	5.e-002	9.6845e-007
256	20.209	0.66203	0.	2.107e-005
257	19.236	1.162	0.	2.8405e-005
258	15.46	1.3025	0.	6.4879e-005
259	16.464	1.579	0.	6.4216e-005
260	16.473	1.0306	5.e-002	1.0356e-005
261	16.336	0.51528	0.	6.2855e-005
262	17.236	1.0153	0.	7.2347e-005
263	2.7376	1.9875	0.	2.4913e-004
264	1.8693	3.0041	0.	3.1339e-004
265	1.8279	1.9895	5.e-002	9.8658e-006
266	1.814	0.99476	0.	2.9625e-004
267	0.91396	1.9948	0.	1.5702e-004
268	4.5276	1.9159	0.	1.741e-004
269	3.7675	2.9935	0.	1.8343e-004
270	3.6472	1.9855	5.e-002	8.0562e-006
271	3.6236	0.99275	0.	1.8567e-004
272	6.291	1.7196	0.	1.4825e-004
273	5.6902	2.8973	0.	1.5985e-004
274	5.408	1.8462	5.e-002	3.4562e-006
275	5.404	0.92311	0.	1.6551e-004
276	8.0764	1.5518	0.	1.3048e-004
277	7.2414	2.2244	0.	1.4496e-004
278	7.174	1.593	5.e-002	6.2942e-006
279	7.187	0.79652	0.	1.3737e-004
280	9.8503	1.5245	0.	1.1586e-004
281	8.9789	1.5106	5.e-002	4.5616e-006
282	8.9894	0.75528	0.	1.2362e-004
283	11.662	1.5275	0.	9.8974e-005
284	10.722	1.5384	5.e-002	4.3298e-006
285	10.761	0.7692	0.	1.0586e-004
286	13.525	1.5455	0.	7.9351e-005
287	12.459	2.2847	0.	9.1636e-005
288	12.603	1.5165	5.e-002	1.6219e-006
289	12.601	0.75827	0.	9.1798e-005
290	14.196	2.3864	0.	7.455e-005
291	15.028	2.0864	0.	7.8761e-005
292	14.447	1.5744	5.e-002	4.5928e-006
293	14.424	0.78718	0.	7.278e-005
294	16.595	2.6344	0.	7.2305e-005
295	16.032	2.3629	0.	8.0625e-005
296	16.455	2.1274	5.e-002	9.0912e-006
297	2.8993	4.0101	0.	2.4774e-004
298	1.9107	4.0187	5.e-002	9.9572e-006
299	1.9554	5.0094	0.	2.989e-004
300	0.95536	4.0094	0.	1.5653e-004
301	14.725	4.6893	0.	7.4787e-005
302	15.468	4.1557	0.	6.9941e-005
303	15.575	4.7252	5.e-002	1.2683e-006
304	15.788	5.3626	0.	7.012e-005
305	12.983	4.6147	0.	8.809e-005
306	13.91	3.9259	0.	8.1536e-005
307	13.875	4.6534	5.e-002	1.7159e-006
308	13.938	5.3267	0.	8.0707e-005
309	11.181	4.56	0.	1.0377e-004
310	12.204	3.8145	0.	9.3713e-005
311	12.091	4.576	5.e-002	1.5853e-006
312	12.046	5.288	0.	9.3596e-005
313	9.268	4.5351	0.	1.2609e-004
314	10.272	4.5439	5.e-002	3.3746e-006
315	10.136	5.2719	0.	1.1828e-004
316	7.1184	4.2373	0.	1.4231e-004
317	8.2643	4.5263	5.e-002	6.4321e-006
318	8.1322	5.2631	0.	1.4013e-004
319	4.9301	3.9749	0.	1.6939e-004
320	6.6406	3.4021	0.	1.5431e-004
321	5.9724	3.9484	5.e-002	5.4288e-006
322	5.9862	4.9742	0.	1.5222e-004
323	3.8879	4.0015	5.e-002	6.3596e-006
324	3.9439	5.0008	0.	1.8397e-004
325	17.459	4.429	5.e-002	1.0949e-005
326	17.73	4.4645	0.	1.3818e-004
327	17.051	3.0624	0.	8.6551e-005
328	17.366	2.9835	5.e-002	2.9086e-006
329	18.796	3.1463	5.e-002	2.8445e-006
330	16.069	3.7752	0.	7.4261e-005
331	16.756	3.5528	0.	7.7783e-005
332	16.777	3.9642	5.e-002	7.7111e-006
333	14.653	3.3923	0.	7.756e-005
334	15.485	3.0923	0.	8.2198e-005
335	15.36	3.5863	5.e-002	4.6394e-006
336	16.172	2.8699	0.	8.5106e-005
337	16.735	3.1414	5.e-002	1.0524e-005
338	19.745	2.2439	5.e-002	4.4496e-006
339	18.956	1.8719	0.	5.079e-005
340	13.13	3.1257	0.	8.7803e-005
341	13.945	3.1984	5.e-002	7.1156e-006
342	15.609	2.5984	5.e-002	1.4272e-005
343	12.316	3.053	5.e-002	1.2753e-006
344	7.3088	2.8558	5.e-002	1.0771e-005
345	6.6406	3.4021	0.1	4.1497e-004
346	7.2414	2.2244	0.1	4.0874e-004
347	8.0304	3.0024	0.1	3.8787e-004
348	13.13	3.1257	0.1	2.548e-004
349	12.204	3.8145	0.1	2.7754e-004
350	12.459	2.2847	0.1	2.7198e-004
351	11.449	3.0579	0.1	2.971e-004
352	16.172	2.8699	0.1	1.9919e-004
353	15.485	3.0923	0.1	1.9769e-004
354	16.032	2.3629	0.1	1.9683e-004
355	15.028	2.0864	0.1	2.0037e-004
356	14.653	3.3923	0.1	2.1093e-004
357	13.91	3.9259	0.1	2.3012e-004
358	14.196	2.3864	0.1	2.1398e-004
359	20.025	1.784	0.1	7.3898e-005
360	19.857	3.3309	0.1	7.5888e-005
361	20.796	3.0027	0.1	6.6275e-005
362	19.409	2.5689	0.1	1.1567e-004
363	18.956	1.8719	0.1	1.389e-004
364	16.756	3.5528	0.1	1.9512e-004
365	17.051	3.0624	0.1	2.1905e-004
366	16.595	2.6344	0.1	1.8984e-004
367	16.069	3.7752	0.1	1.9325e-004
368	15.468	4.1557	0.1	1.8806e-004
369	16.887	4.4418	0.1	1.6678e-004
370	17.068	3.9234	0.1	2.0274e-004
371	18.547	2.9446	0.1	2.2801e-004
372	18.935	3.0201	0.1	1.6905e-004
373	18.754	3.4465	0.1	1.7822e-004
374	18.56	3.3065	0.1	2.2543e-004
375	17.646	3.1478	0.1	2.5843e-004
376	17.292	2.5742	0.1	2.1494e-004
377	17.363	3.4331	0.1	2.251e-004
378	17.622	2.7468	0.1	2.6387e-004
379	17.229	4.6742	0.1	1.4344e-004
380	17.409	4.1558	0.1	1.7857e-004
381	17.73	4.4645	0.1	1.7831e-004
382	4.9301	3.9749	0.1	4.5273e-004
383	2.8993	4.0101	0.1	5.0497e-004
384	3.7675	2.9935	0.1	4.9168e-004
385	3.9439	5.0008	0.1	5.0558e-004
386	7.1184	4.2373	0.1	4.0395e-004
387	5.6902	2.8973	0.1	4.3407e-004
388	5.9862	4.9742	0.1	4.3137e-004
389	9.268	4.5351	0.1	3.6134e-004
390	8.5082	3.8377	0.1	3.7683e-004
391	8.1322	5.2631	0.1	3.919e-004
392	11.181	4.56	0.1	3.0604e-004
393	10.427	3.8033	0.1	3.253e-004
394	10.136	5.2719	0.1	3.4384e-004
395	12.983	4.6147	0.1	2.5323e-004
396	12.046	5.288	0.1	2.7975e-004
397	14.725	4.6893	0.1	2.0732e-004
398	13.938	5.3267	0.1	2.2473e-004
399	16.286	4.8223	0.1	1.6057e-004
400	15.788	5.3626	0.1	1.7707e-004
401	1.8693	3.0041	0.1	5.2065e-004
402	0.95536	4.0094	0.1	5.2373e-004
403	1.9554	5.0094	0.1	5.2188e-004
404	16.464	1.579	0.1	1.6522e-004
405	16.836	2.1462	0.1	1.8401e-004
406	13.525	1.5455	0.1	2.3139e-004
407	15.46	1.3025	0.1	1.686e-004
408	14.424	0.78718	0.1	1.975e-004
409	11.662	1.5275	0.1	2.9293e-004
410	12.601	0.75827	0.1	2.6903e-004
411	9.8503	1.5245	0.1	3.4149e-004
412	10.652	2.3006	0.1	3.1777e-004
413	10.761	0.7692	0.1	3.1877e-004
414	8.0764	1.5518	0.1	3.8491e-004
415	8.8655	2.3298	0.1	3.6414e-004
416	8.9894	0.75528	0.1	3.6689e-004
417	6.291	1.7196	0.1	4.2772e-004
418	7.187	0.79652	0.1	4.1322e-004
419	4.5276	1.9159	0.1	4.7386e-004
420	5.404	0.92311	0.1	4.6657e-004
421	2.7376	1.9875	0.1	5.0991e-004
422	3.6236	0.99275	0.1	5.1655e-004
423	0.91396	1.9948	0.1	5.2285e-004
424	1.814	0.99476	0.1	5.2098e-004
425	16.873	1.3128	0.1	1.581e-004
426	17.236	1.0153	0.1	1.4834e-004
427	16.336	0.51528	0.1	1.368e-004
428	21.229	1.5592	0.1	5.0138e-005
429	19.236	1.162	0.1	7.9042e-005
430	20.209	0.66203	0.1	5.6932e-005
431	19.585	4.1832	0.1	8.7874e-005
432	19.137	3.4212	0.1	1.2518e-004
433	18.956	3.8476	0.1	1.4038e-004
434	18.683	4.2242	0.1	1.3599e-004
435	20.909	4.0897	0.1	5.7502e-005
436	19.068	4.709	0.1	8.6033e-005
437	20.041	5.209	0.1	6.0473e-005
438	22.	2.7779	0.1	4.2787e-005
439	21.952	4.8808	0.1	4.293e-005
440	22.924	3.8808	0.1	3.6451e-005
441	23.076	1.8971	0.1	3.024e-005
442	22.104	0.89713	0.1	3.8513e-005
443	18.112	3.0275	0.1	2.6773e-004
444	18.125	3.3894	0.1	2.642e-004
445	17.963	3.6561	0.1	3.7018e-004
446	18.088	2.6265	0.1	2.7209e-004
447	18.233	2.3714	0.1	3.6497e-004
448	9.6671	3.1059	0.1	3.4059e-004
449	17.245	1.88	0.1	1.7522e-004
450	17.637	1.5476	0.1	1.8268e-004
451	17.499	4.9597	0.1	1.2061e-004
452	16.999	5.4597	0.1	1.1632e-004
453	17.609	2.0825	0.1	3.2856e-004
454	18.62	2.4469	0.1	3.0727e-004
455	18.44	3.8733	0.1	3.5098e-004
456	17.68	3.9413	0.1	3.4251e-004
457	17.939	2.2551	0.1	3.7608e-004
458	18.245	3.7334	0.1	3.8551e-004
459	18.167	1.25	0.1	1.5594e-004
460	18.167	0.5	0.1	8.5433e-005
461	18.167	1.	5.e-002	3.2995e-006
462	18.167	1.75	0.1	3.3903e-004
463	18.167	1.5	5.e-002	8.3445e-006
464	18.083	2.	0.1	4.4584e-004
465	18.167	2.	5.e-002	9.6627e-006
466	18.	1.75	0.1	3.321e-004
467	18.	2.	5.e-002	2.1287e-005
468	18.	1.25	0.1	1.8618e-004
469	18.	1.5	5.e-002	2.4481e-005
470	18.	0.5	0.1	1.2703e-004
471	18.	1.	5.e-002	2.4477e-005
472	18.167	4.75	0.1	1.4506e-004
473	18.167	5.5	0.1	8.2407e-005
474	18.167	5.	5.e-002	7.9534e-006
475	18.167	4.25	0.1	3.4894e-004
476	18.167	4.5	5.e-002	1.3229e-005
477	18.083	4.	0.1	4.5462e-004
478	18.167	4.	5.e-002	2.639e-005
479	18.	4.25	0.1	3.2524e-004
480	18.	4.	5.e-002	7.3679e-006
481	18.	4.75	0.1	1.713e-004
482	18.	4.5	5.e-002	3.9836e-005
483	18.	5.5	0.1	8.1759e-005
484	18.	5.	5.e-002	1.4439e-005
485	19.139	6.	0.1	5.1609e-005
486	18.167	6.	5.e-002	2.866e-007
487	21.083	6.	0.1	4.5466e-005
488	20.111	6.	5.e-002	8.9179e-007
489	23.028	6.	0.1	3.1322e-005
490	22.056	6.	5.e-002	1.3606e-006
491	24.	5.	0.1	2.4783e-005
492	24.	6.	5.e-002	1.0447e-006
493	24.	3.	0.1	2.3894e-005
494	24.	4.	5.e-002	1.0041e-006
495	24.	1.	0.1	2.1668e-005
496	24.	2.	5.e-002	1.4358e-006
497	2.6226e-014	3.	0.1	5.253e-004
498	8.7419e-015	1.	0.1	4.7702e-004
499	1.772e-014	2.	5.e-002	1.0133e-005
500	4.371e-014	5.	0.1	4.8714e-004
501	3.5441e-014	4.	5.e-002	1.4192e-005
502	1.	6.	0.1	4.843e-004
503	5.2451e-014	6.	5.e-002	1.0532e-004
504	3.	6.	0.1	5.246e-004
505	2.	6.	5.e-002	2.0957e-005
506	5.	6.	0.1	4.8336e-004
507	4.	6.	5.e-002	7.0778e-006
508	7.	6.	0.1	4.1915e-004
509	6.	6.	5.e-002	1.0802e-005
510	9.	6.	0.1	3.7305e-004
511	8.	6.	5.e-002	1.0473e-005
512	11.	6.	0.1	3.1783e-004
513	10.	6.	5.e-002	8.7798e-006
514	13.	6.	0.1	2.5138e-004
515	12.	6.	5.e-002	5.0921e-006
516	15.	6.	0.1	1.9493e-004
517	14.	6.	5.e-002	4.7878e-006
518	16.5	6.	0.1	1.2874e-004
519	16.	6.	5.e-002	1.2848e-005
520	17.5	6.	0.1	7.2212e-005
521	17.	6.	5.e-002	5.1057e-006
522	18.	6.	5.e-002	3.015e-006
523	23.028	0.	0.1	3.0178e-005
524	24.	0.	5.e-002	2.0217e-006
525	21.083	0.	0.1	4.5283e-005
526	22.056	0.	5.e-002	1.5277e-006
527	19.139	0.	0.1	5.519e-005
528	20.111	0.	5.e-002	2.7276e-006
529	18.167	0.	5.e-002	3.611e-006
530	17.1	2.6508e-030	0.1	1.1147e-004
531	18.	2.7903e-030	5.e-002	4.9537e-006
532	15.3	2.3718e-030	0.1	1.6064e-004
533	16.2	0.	5.e-002	1.3923e-005
534	13.5	2.0927e-030	0.1	2.3507e-004
535	14.4	0.	5.e-002	1.1791e-005
536	11.7	1.8137e-030	0.1	2.95e-004
537	12.6	0.	5.e-002	1.9737e-006
538	9.9	1.5347e-030	0.1	3.4426e-004
539	10.8	0.	5.e-002	5.0235e-006
540	8.1	1.2556e-030	0.1	3.9541e-004
541	9.	0.	5.e-002	4.4639e-006
542	6.3	9.7661e-031	0.1	4.5132e-004
543	7.2	0.	5.e-002	1.7531e-006
544	4.5	6.9758e-031	0.1	5.0883e-004
545	5.4	0.	5.e-002	4.4936e-006
546	2.7	4.1855e-031	0.1	5.302e-004
547	3.6	0.	5.e-002	5.3125e-006
548	0.9	1.3952e-031	0.1	4.736e-004
549	1.8	0.	5.e-002	2.0069e-005
550	0.	0.	5.e-002	1.0079e-004
551	2.7	4.1855e-031	0.	2.3231e-004
552	0.9	1.3952e-031	0.	1.4193e-004
553	4.5	6.9758e-031	0.	1.7717e-004
554	6.3	9.7661e-031	0.	1.5181e-004
555	8.1	1.2556e-030	0.	1.307e-004
556	9.9	1.5347e-030	0.	1.1529e-004
557	11.7	1.8137e-030	0.	9.8937e-005
558	13.5	2.0927e-030	0.	8.5344e-005
559	15.3	2.3718e-030	0.	6.6593e-005
560	17.1	2.6508e-030	0.	3.8838e-005
561	18.	0.5	0.	5.0028e-005
562	8.7419e-015	1.	0.	9.8248e-006
563	21.083	0.	0.	1.8418e-005
564	19.139	0.	0.	2.2138e-005
565	23.028	0.	0.	1.2526e-005
566	18.167	0.5	0.	2.732e-005
567	24.	1.	0.	1.1595e-005
568	16.5	6.	0.	5.7464e-005
569	17.5	6.	0.	3.0709e-005
570	15.	6.	0.	7.6789e-005
571	13.	6.	0.	8.638e-005
572	11.	6.	0.	1.1059e-004
573	9.	6.	0.	1.2671e-004
574	7.	6.	0.	1.4496e-004
575	5.	6.	0.	1.6685e-004
576	3.	6.	0.	2.3452e-004
577	1.	6.	0.	1.453e-004
578	18.	5.5	0.	2.9079e-005
579	4.371e-014	5.	0.	1.0165e-005
580	2.6226e-014	3.	0.	1.9151e-007
581	24.	3.	0.	1.3365e-005
582	24.	5.	0.	1.2981e-005
583	23.028	6.	0.	1.4454e-005
584	21.083	6.	0.	1.9568e-005
585	19.139	6.	0.	1.5576e-005
586	18.167	5.5	0.	2.6148e-005
587	18.	4.75	0.	1.0901e-004
588	18.	4.25	0.	1.6618e-004
589	18.083	4.	0.	1.4689e-004
590	18.167	4.75	0.	4.9439e-005
591	18.167	4.25	0.	1.1964e-004
592	18.	1.25	0.	1.1713e-004
593	18.	1.75	0.	1.782e-004
594	18.083	2.	0.	1.3505e-004
595	18.167	1.25	0.	5.1478e-005
596	18.167	1.75	0.	1.1077e-004
