Node Number	X Location (in)	Y Location (in)	Z Location (in)	Equivalent (von-Mises) Stress (psi)
1	5.1874	3.1177	0.	1485.9
2	4.5516	3.3072	0.	1735.5
3	5.6387	1.81	0.	1067.1
4	3.9229	2.8796	0.	2498.4
5	3.6403	3.7142	0.	2245.
6	4.986	4.315	0.	1048.6
7	2.9242	0.68884	0.	970.72
8	2.4534	1.9549	0.	1227.5
9	4.9354	0.59806	0.	769.79
10	2.9518	5.2586	0.	986.14
11	3.0678	4.5879	0.	1180.2
12	3.3292	4.1052	0.	1485.
13	5.2474	5.3868	0.	693.01
14	4.7807	3.8363	0.	1418.3
15	2.0181	4.9714	0.	1217.2
16	5.9299	2.4482	0.	1124.3
17	2.967	3.3113	0.	1456.3
18	1.3426	3.4451	0.	1448.4
19	1.1636	2.2485	0.	1530.6
20	7.0888	3.6244	0.	761.9
21	1.9796	0.96895	0.	1295.6
22	1.0834	4.7689	0.	1414.
23	5.8354	0.79381	0.	855.71
24	6.8873	1.2303	0.	840.13
25	8.3391	1.2142	0.	719.31
26	9.5535	1.2124	0.	606.01
27	10.718	1.2167	0.	519.93
28	11.848	1.2182	0.	437.39
29	12.965	1.2099	0.	362.65
30	14.076	1.2192	0.	295.36
31	15.186	1.2132	0.	235.01
32	16.287	1.2191	0.	181.9
33	17.402	1.2327	0.	135.78
34	18.501	1.2155	0.	96.864
35	19.599	1.2043	0.	65.124
36	20.682	1.2005	0.	40.646
37	21.782	1.1973	0.	22.835
38	22.884	1.1953	0.	12.214
39	22.871	2.3932	0.	15.573
40	22.867	3.5996	0.	15.652
41	22.883	4.7972	0.	12.208
42	21.765	4.8057	0.	22.971
43	20.677	4.826	0.	40.698
44	19.577	4.82	0.	65.617
45	18.478	4.8176	0.	97.528
46	17.382	4.8084	0.	136.32
47	16.278	4.8083	0.	182.33
48	15.175	4.8082	0.	235.59
49	14.064	4.806	0.	295.64
50	12.951	4.8071	0.	363.37
51	11.827	4.8029	0.	437.96
52	10.691	4.8096	0.	519.44
53	9.5596	4.7929	0.	606.75
54	8.4445	4.7885	0.	694.57
55	7.3898	4.8822	0.	774.82
56	6.3725	5.1256	0.	822.29
57	7.1656	2.4054	0.	797.46
58	8.3197	2.3898	0.	716.22
59	9.5107	2.4066	0.	604.51
60	10.689	2.4157	0.	517.55
61	11.831	2.4173	0.	435.66
62	12.953	2.4162	0.	361.96
63	14.074	2.4161	0.	294.79
64	15.18	2.4163	0.	235.16
65	16.294	2.4369	0.	181.8
66	17.406	2.4227	0.	135.96
67	18.494	2.4252	0.	97.662
68	19.578	2.4276	0.	66.493
69	20.667	2.4095	0.	42.205
70	21.758	2.4072	0.	25.3
71	21.768	3.6066	0.	25.142
72	20.672	3.617	0.	42.24
73	19.58	3.6234	0.	66.429
74	18.484	3.622	0.	97.872
75	17.383	3.6186	0.	136.76
76	16.279	3.6122	0.	182.45
77	15.182	3.6197	0.	234.99
78	14.064	3.6114	0.	295.29
79	12.95	3.6186	0.	362.12
80	11.813	3.612	0.	436.58
81	10.67	3.6053	0.	517.83
82	9.5176	3.5924	0.	608.51
83	8.3477	3.5957	0.	704.62
84	5.1327	4.8279	0.	821.6
85	3.102	1.1756	0.	1008.5
86	2.6392	2.682	0.	1386.4
87	1.0371	1.1374	0.	1430.4
88	4.7406	0.96724	0.	674.51
89	5.0238	1.3405	0.	1120.1
90	4.3094	2.4763	0.	1660.3
91	3.9557	3.6864	0.	3186.
92	4.1885	3.5589	0.	2357.9
93	3.8629	3.2565	0.	2284.9
94	3.8223	3.5783	0.	2621.4
95	6.047	3.1836	0.	1085.8
96	3.516	3.4529	0.	2309.4
97	2.303	4.0722	0.	1372.4
98	5.2954	3.6334	0.	1245.5
99	5.7592	3.9018	0.	1070.
100	6.1705	4.3961	0.	949.82
101	6.1705	4.3961	0.1	949.82
102	5.7592	3.9018	0.1	1070.
103	5.2954	3.6334	0.1	1245.5
104	2.303	4.0722	0.1	1372.4
105	3.516	3.4529	0.1	2309.4
106	6.047	3.1836	0.1	1085.8
107	3.8223	3.5783	0.1	2621.4
108	3.8629	3.2565	0.1	2284.9
109	4.1885	3.5589	0.1	2357.9
110	3.9557	3.6864	0.1	3186.
111	4.3094	2.4763	0.1	1660.3
112	5.0238	1.3405	0.1	1120.1
113	4.7406	0.96724	0.1	674.51
114	1.0371	1.1374	0.1	1430.4
115	2.6392	2.682	0.1	1386.4
116	3.102	1.1756	0.1	1008.5
117	5.1327	4.8279	0.1	821.6
118	8.3477	3.5957	0.1	704.62
119	9.5176	3.5924	0.1	608.51
120	10.67	3.6053	0.1	517.83
121	11.813	3.612	0.1	436.58
122	12.95	3.6186	0.1	362.12
123	14.064	3.6114	0.1	295.29
124	15.182	3.6197	0.1	234.99
125	16.279	3.6122	0.1	182.45
126	17.383	3.6186	0.1	136.76
127	18.484	3.622	0.1	97.872
128	19.58	3.6234	0.1	66.429
129	20.672	3.617	0.1	42.24
130	21.768	3.6066	0.1	25.142
131	21.758	2.4072	0.1	25.3
132	20.667	2.4095	0.1	42.205
133	19.578	2.4276	0.1	66.493
134	18.494	2.4252	0.1	97.662
135	17.406	2.4227	0.1	135.96
136	16.294	2.4369	0.1	181.8
137	15.18	2.4163	0.1	235.16
138	14.074	2.4161	0.1	294.79
139	12.953	2.4162	0.1	361.96
140	11.831	2.4173	0.1	435.66
141	10.689	2.4157	0.1	517.55
142	9.5107	2.4066	0.1	604.51
143	8.3197	2.3898	0.1	716.22
144	7.1656	2.4054	0.1	797.46
145	6.3725	5.1256	0.1	822.29
146	7.3898	4.8822	0.1	774.82
147	8.4445	4.7885	0.1	694.57
148	9.5596	4.7929	0.1	606.75
149	10.691	4.8096	0.1	519.44
150	11.827	4.8029	0.1	437.96
151	12.951	4.8071	0.1	363.37
152	14.064	4.806	0.1	295.64
153	15.175	4.8082	0.1	235.59
154	16.278	4.8083	0.1	182.33
155	17.382	4.8084	0.1	136.32
156	18.478	4.8176	0.1	97.528
157	19.577	4.82	0.1	65.617
158	20.677	4.826	0.1	40.698
159	21.765	4.8057	0.1	22.971
160	22.883	4.7972	0.1	12.208
161	22.867	3.5996	0.1	15.652
162	22.871	2.3932	0.1	15.573
163	22.884	1.1953	0.1	12.214
164	21.782	1.1973	0.1	22.835
165	20.682	1.2005	0.1	40.646
166	19.599	1.2043	0.1	65.124
167	18.501	1.2155	0.1	96.864
168	17.402	1.2327	0.1	135.78
169	16.287	1.2191	0.1	181.9
170	15.186	1.2132	0.1	235.01
171	14.076	1.2192	0.1	295.36
172	12.965	1.2099	0.1	362.65
173	11.848	1.2182	0.1	437.39
174	10.718	1.2167	0.1	519.93
175	9.5535	1.2124	0.1	606.01
176	8.3391	1.2142	0.1	719.31
177	6.8873	1.2303	0.1	840.13
178	5.8354	0.79381	0.1	855.71
179	1.0834	4.7689	0.1	1414.
180	1.9796	0.96895	0.1	1295.6
181	7.0888	3.6244	0.1	761.9
182	1.1636	2.2485	0.1	1530.6
183	1.3426	3.4451	0.1	1448.4
184	2.967	3.3113	0.1	1456.3
185	5.9299	2.4482	0.1	1124.3
186	2.0181	4.9714	0.1	1217.2
187	4.7807	3.8363	0.1	1418.3
188	5.2474	5.3868	0.1	693.01
189	3.3292	4.1052	0.1	1485.
190	3.0678	4.5879	0.1	1180.2
191	2.9518	5.2586	0.1	986.14
192	4.9354	0.59806	0.1	769.79
193	2.4534	1.9549	0.1	1227.5
194	2.9242	0.68884	0.1	970.72
195	4.986	4.315	0.1	1048.6
196	3.6403	3.7142	0.1	2245.
197	3.9229	2.8796	0.1	2498.4
198	5.6387	1.81	0.1	1067.1
199	4.5516	3.3072	0.1	1735.5
200	5.1874	3.1177	0.1	1485.9
201	4.1267	5.5	0.1	489.06
202	4.1267	5.	0.1	877.7
203	4.1267	4.5	0.1	1652.1
204	4.1267	4.	0.1	4127.2
205	3.96	4.	0.1	5345.6
206	3.96	4.5	0.1	1857.1
207	3.96	5.	0.1	1004.4
208	3.96	5.5	0.1	570.09
209	4.1267	0.5	0.1	283.15
210	4.1267	1.	0.1	1018.6
211	4.1267	1.5	0.1	1716.7
212	4.1267	2.	0.1	3126.1
213	3.96	2.	0.1	3621.9
214	3.96	1.5	0.1	1778.9
215	3.96	1.	0.1	1925.3
216	3.96	0.5	0.1	822.87
217	4.1267	6.	0.1	329.4
218	5.2307	6.	0.1	593.26
219	6.3348	6.	0.1	798.01
220	7.4389	6.	0.1	762.85
221	8.543	6.	0.1	689.68
222	9.647	6.	0.1	606.8
223	10.751	6.	0.1	521.15
224	11.855	6.	0.1	439.4
225	12.959	6.	0.1	364.73
226	14.063	6.	0.1	297.21
227	15.167	6.	0.1	236.69
228	16.271	6.	0.1	183.2
229	17.376	6.	0.1	136.88
230	18.48	6.	0.1	97.673
231	19.584	6.	0.1	65.385
232	20.688	6.	0.1	40.234
233	21.792	6.	0.1	21.7
234	22.896	6.	0.1	10.02
235	24.	6.	0.1	4.606
236	24.	4.8	0.1	8.3236
237	24.	3.6	0.1	12.352
238	24.	2.4	0.1	12.408
239	24.	1.2	0.1	8.2808
240	1.049e-014	1.2	0.1	997.62
241	2.0981e-014	2.4	0.1	1048.2
242	3.1471e-014	3.6	0.1	1048.3
243	4.1961e-014	4.8	0.1	1007.3
244	24.	0.	0.1	4.5891
245	22.896	0.	0.1	10.096
246	21.792	0.	0.1	21.748
247	20.688	0.	0.1	40.214
248	19.584	0.	0.1	65.475
249	18.48	0.	0.1	97.66
250	17.376	0.	0.1	136.8
251	16.271	0.	0.1	183.16
252	15.167	0.	0.1	236.86
253	14.063	0.	0.1	297.33
254	12.959	0.	0.1	365.48
255	11.855	0.	0.1	440.73
256	10.751	0.	0.1	524.15
257	9.647	0.	0.1	623.4
258	8.543	0.	0.1	705.3
259	7.4389	0.	0.1	804.34
260	6.3348	0.	0.1	822.92
261	5.2307	0.	0.1	634.69
262	4.1267	0.	0.1	405.4
263	3.96	0.	0.1	479.63
264	2.97	-2.7297e-030	0.1	892.84
265	1.98	-1.8198e-030	0.1	1346.5
266	0.99	-9.0989e-031	0.1	1385.6
267	0.	0.	0.1	736.67
268	3.937e-014	6.	0.1	731.27
269	0.99	6.	0.1	1369.5
270	1.98	6.	0.1	1288.5
271	2.97	6.	0.1	868.12
272	3.96	6.	0.1	459.34
273	2.97	6.	0.	868.12
274	1.98	6.	0.	1288.5
275	0.99	6.	0.	1369.5
276	3.96	6.	0.	459.34
277	3.937e-014	6.	0.	731.27
278	0.99	-9.0989e-031	0.	1385.6
279	1.98	-1.8198e-030	0.	1346.5
280	2.97	-2.7297e-030	0.	892.84
281	3.96	0.	0.	479.63
282	0.	0.	0.	736.67
283	5.2307	0.	0.	634.69
284	6.3348	0.	0.	822.92
285	7.4389	0.	0.	804.34
286	8.543	0.	0.	705.3
287	9.647	0.	0.	623.4
288	10.751	0.	0.	524.15
289	11.855	0.	0.	440.73
290	12.959	0.	0.	365.48
291	14.063	0.	0.	297.33
292	15.167	0.	0.	236.86
293	16.271	0.	0.	183.16
294	17.376	0.	0.	136.8
295	18.48	0.	0.	97.66
296	19.584	0.	0.	65.475
297	20.688	0.	0.	40.214
298	21.792	0.	0.	21.748
299	22.896	0.	0.	10.096
300	4.1267	0.	0.	405.4
301	24.	0.	0.	4.5891
302	4.1961e-014	4.8	0.	1007.3
303	3.1471e-014	3.6	0.	1048.3
304	2.0981e-014	2.4	0.	1048.2
305	1.049e-014	1.2	0.	997.62
306	24.	1.2	0.	8.2808
307	24.	2.4	0.	12.408
308	24.	3.6	0.	12.352
309	24.	4.8	0.	8.3236
310	24.	6.	0.	4.6059
311	22.896	6.	0.	10.02
312	21.792	6.	0.	21.7
313	20.688	6.	0.	40.234
314	19.584	6.	0.	65.385
315	18.48	6.	0.	97.673
316	17.376	6.	0.	136.88
317	16.271	6.	0.	183.2
318	15.167	6.	0.	236.69
319	14.063	6.	0.	297.21
320	12.959	6.	0.	364.73
321	11.855	6.	0.	439.4
322	10.751	6.	0.	521.15
323	9.647	6.	0.	606.8
324	8.543	6.	0.	689.68
325	7.4389	6.	0.	762.85
326	6.3348	6.	0.	798.01
327	5.2307	6.	0.	593.26
328	4.1267	6.	0.	329.4
329	3.96	1.5	0.	1778.9
330	3.96	1.	0.	1925.3
331	3.96	0.5	0.	822.87
332	3.96	2.	0.	3621.9
333	4.1267	0.5	0.	283.15
334	4.1267	1.	0.	1018.6
335	4.1267	1.5	0.	1716.7
336	4.1267	2.	0.	3126.1
337	3.96	4.5	0.	1857.1
338	3.96	5.	0.	1004.4
339	3.96	5.5	0.	570.09
340	3.96	4.	0.	5345.6
341	4.1267	5.5	0.	489.06
342	4.1267	5.	0.	877.7
343	4.1267	4.5	0.	1652.1
344	4.1267	4.	0.	4127.2
345	4.8695	3.2124	0.	1603.8
346	4.7484	2.797	0.	1519.
347	5.6172	3.1507	0.	1266.9
348	5.2414	3.3756	0.	1365.4
349	5.1874	3.1177	5.e-002	58.481
350	4.2372	3.0934	0.	2103.6
351	4.6662	3.5717	0.	1546.7
352	4.3701	3.433	0.	2040.1
353	4.5516	3.3072	5.e-002	259.9
354	5.7843	2.1291	0.	1086.3
355	6.263	1.5201	0.	952.24
356	5.3313	1.5752	0.	1087.9
357	5.6387	1.81	5.e-002	67.509
358	4.8827	1.905	0.	2067.2
359	3.4449	3.0955	0.	1923.9
360	4.1161	2.678	0.	2040.2
361	3.8929	3.0681	0.	2365.4
362	3.9229	2.8796	5.e-002	135.96
363	3.9414	2.4398	0.	3020.3
364	3.4848	3.9097	0.	1858.
365	3.7313	3.6463	0.	2406.8
366	3.5782	3.5836	0.	2255.4
367	3.6403	3.7142	5.e-002	183.5
368	3.8002	3.8571	0.	3769.1
369	4.8834	4.0757	0.	1231.2
370	5.0594	4.5715	0.	934.95
371	5.3726	4.1084	0.	1042.5
372	4.986	4.315	5.e-002	55.794
373	4.5563	4.4075	0.	1261.4
374	2.4519	0.82889	0.	1130.1
375	3.0131	0.93223	0.	988.66
376	2.9242	0.68884	5.e-002	57.601
377	2.9471	0.34442	0.	929.38
378	3.4421	0.59442	0.	844.04
379	1.8085	2.1017	0.	1362.1
380	2.2165	1.4619	0.	1260.1
381	2.7777	1.5652	0.	1114.5
382	2.5463	2.3185	0.	1303.1
383	2.4534	1.9549	5.e-002	75.079
384	3.2067	1.7274	0.	1466.3
385	5.3854	0.69594	0.	790.68
386	4.838	0.78265	0.	715.98
387	4.9354	0.59806	5.e-002	64.624
388	5.0831	0.29903	0.	690.97
389	4.531	0.54903	0.	505.58
390	3.0098	4.9232	0.	1082.2
391	2.4849	5.115	0.	1092.
392	2.9518	5.2586	5.e-002	50.257
393	2.9609	5.6293	0.	922.69
394	3.4559	5.3793	0.	753.65
395	3.1985	4.3465	0.	1331.6
396	2.6854	4.3301	0.	1246.7
397	3.0678	4.5879	5.e-002	52.099
398	3.5139	4.7939	0.	1034.6
399	3.1481	3.7082	0.	1421.8
400	3.3292	4.1052	5.e-002	82.189
401	3.6446	4.3026	0.	1582.7
402	5.8099	5.2562	0.	749.73
403	5.19	5.1073	0.	756.16
404	5.2474	5.3868	5.e-002	38.021
405	5.2391	5.6934	0.	641.33
406	4.687	5.4434	0.	561.18
407	5.0381	3.7349	0.	1319.3
408	4.7807	3.8363	5.e-002	82.951
409	4.4537	3.9182	0.	2763.7
410	1.5508	4.8702	0.	1305.1
411	2.1606	4.5218	0.	1292.8
412	2.0181	4.9714	5.e-002	31.34
413	1.999	5.4857	0.	1251.9
414	6.5478	2.4268	0.	957.52
415	5.1197	2.4622	0.	1356.8
416	5.9885	2.8159	0.	1098.7
417	5.9299	2.4482	5.e-002	50.029
418	2.8031	2.9967	0.	1406.
419	3.2415	3.3821	0.	1867.2
420	2.635	3.6918	0.	1411.3
421	2.967	3.3113	5.e-002	139.27
422	1.2531	2.8468	0.	1488.1
423	1.213	4.107	0.	1427.1
424	1.9909	3.0636	0.	1399.8
425	1.8228	3.7587	0.	1397.
426	1.3426	3.4451	5.e-002	33.668
427	0.67131	3.5226	0.	1225.1
428	1.1004	1.693	0.	1477.5
429	1.1636	2.2485	5.e-002	41.005
430	0.5818	2.3243	0.	1268.8
431	7.2393	4.2533	0.	768.12
432	7.1272	3.0149	0.	778.91
433	7.7182	3.61	0.	732.94
434	6.5679	3.404	0.	919.92
435	6.6296	4.0102	0.	855.67
436	7.0888	3.6244	5.e-002	11.628
437	1.5084	1.0532	0.	1350.1
438	1.9796	0.96895	5.e-002	27.415
439	1.9798	0.48448	0.	1320.2
440	1.0834	4.7689	5.e-002	29.576
441	1.0367	5.3845	0.	1381.3
442	0.54171	4.7845	0.	1192.
443	6.3614	1.012	0.	845.9
444	5.4296	1.0672	0.	983.92
445	5.8354	0.79381	5.e-002	36.097
446	6.0851	0.3969	0.	837.54
447	7.6132	1.2222	0.	779.49
448	7.0265	1.8178	0.	818.32
449	6.8873	1.2303	5.e-002	25.027
450	7.1631	0.61514	0.	818.76
451	8.9463	1.2133	0.	662.2
452	8.3294	1.802	0.	717.6
453	8.3391	1.2142	5.e-002	7.3491
454	8.441	0.60708	0.	712.11
455	10.136	1.2146	0.	562.91
456	9.5321	1.8095	0.	605.14
457	9.5535	1.2124	5.e-002	1.8519
458	9.6003	0.60619	0.	614.37
459	11.283	1.2174	0.	478.63
460	10.704	1.8162	0.	518.49
461	10.718	1.2167	5.e-002	6.2627
462	10.735	0.60836	0.	521.7
463	12.406	1.214	0.	400.
464	11.839	1.8177	0.	436.24
465	11.848	1.2182	5.e-002	5.9775
466	11.851	0.60908	0.	438.74
467	13.52	1.2146	0.	328.99
468	12.959	1.813	0.	361.99
469	12.965	1.2099	5.e-002	5.6398
470	12.962	0.60495	0.	363.72
471	14.631	1.2162	0.	265.17
472	14.075	1.8176	0.	294.74
473	14.076	1.2192	5.e-002	5.05
474	14.07	0.6096	0.	296.
475	15.736	1.2161	0.	208.44
476	15.183	1.8147	0.	234.73
477	15.186	1.2132	5.e-002	4.4036
478	15.177	0.60659	0.	235.57
479	16.844	1.2259	0.	158.82
480	16.291	1.828	0.	181.5
481	16.287	1.2191	5.e-002	3.8151
482	16.279	0.60956	0.	182.14
483	17.952	1.2241	0.	116.29
484	17.404	1.8277	0.	135.48
485	17.402	1.2327	5.e-002	3.3342
486	17.389	0.61633	0.	135.93
487	19.05	1.2099	0.	80.955
488	18.498	1.8204	0.	96.882
489	18.501	1.2155	5.e-002	2.7792
490	18.491	0.60777	0.	96.872
491	20.14	1.2024	0.	52.826
492	19.588	1.8159	0.	65.427
493	19.599	1.2043	5.e-002	2.2001
494	19.591	0.60217	0.	64.902
495	21.232	1.1989	0.	31.651
496	20.674	1.805	0.	41.045
497	20.682	1.2005	5.e-002	1.7076
498	20.685	0.60023	0.	40.019
499	22.333	1.1963	0.	17.362
500	21.77	1.8022	0.	23.728
501	21.782	1.1973	5.e-002	1.1779
502	21.787	0.59867	0.	21.87
503	22.878	1.7942	0.	13.68
504	22.884	1.1953	5.e-002	0.77925
505	22.89	0.59764	0.	10.763
506	23.442	1.1976	0.	10.101
507	22.869	2.9964	0.	15.499
508	22.315	2.4002	0.	20.211
509	22.871	2.3932	5.e-002	0.74162
510	23.436	2.3966	0.	13.912
511	22.875	4.1984	0.	13.709
512	22.318	3.6031	0.	20.176
513	22.867	3.5996	5.e-002	0.75336
514	23.434	3.5998	0.	13.928
515	22.324	4.8014	0.	17.427
516	22.883	4.7972	5.e-002	0.76704
517	23.441	4.7986	0.	10.118
518	22.889	5.3986	0.	10.739
519	21.221	4.8158	0.	31.742
520	21.766	4.2061	0.	23.72
521	21.765	4.8057	5.e-002	1.179
522	21.778	5.4028	0.	21.912
523	20.127	4.823	0.	53.103
524	20.674	4.2215	0.	41.091
525	20.677	4.826	5.e-002	1.6864
526	20.682	5.413	0.	40.07
527	19.028	4.8188	0.	81.533
528	19.578	4.2217	0.	65.646
529	19.577	4.82	5.e-002	2.2503
530	19.58	5.41	0.	65.128
531	17.93	4.813	0.	116.89
532	18.481	4.2198	0.	97.326
533	18.478	4.8176	5.e-002	2.7897
534	18.479	5.4088	0.	97.232
535	16.83	4.8084	0.	159.3
536	17.383	4.2135	0.	136.16
537	17.382	4.8084	5.e-002	3.2907
538	17.379	5.4042	0.	136.24
539	15.727	4.8083	0.	208.94
540	16.279	4.2103	0.	182.04
541	16.278	4.8083	5.e-002	3.8734
542	16.275	5.4042	0.	182.41
543	14.62	4.8071	0.	265.59
544	15.179	4.214	0.	234.94
545	15.175	4.8082	5.e-002	4.3848
546	15.171	5.4041	0.	235.79
547	13.508	4.8066	0.	329.49
548	14.064	4.2087	0.	295.14
549	14.064	4.806	5.e-002	5.0008
550	14.064	5.403	0.	296.08
551	12.389	4.805	0.	400.65
552	12.951	4.2128	0.	362.43
553	12.951	4.8071	5.e-002	5.6667
554	12.955	5.4035	0.	363.73
555	11.259	4.8063	0.	478.68
556	11.82	4.2074	0.	436.98
557	11.827	4.8029	5.e-002	5.9863
558	11.841	5.4014	0.	438.36
559	10.125	4.8013	0.	563.07
560	10.681	4.2075	0.	518.39
561	10.691	4.8096	5.e-002	6.0897
562	10.721	5.4048	0.	519.95
563	9.002	4.7907	0.	650.64
564	9.5386	4.1926	0.	607.45
565	9.5596	4.7929	5.e-002	5.2129
566	9.6033	5.3965	0.	606.43
567	7.9172	4.8353	0.	734.65
568	8.3961	4.1921	0.	699.48
569	8.4445	4.7885	5.e-002	8.2277
570	8.4938	5.3942	0.	691.84
571	6.8811	5.0039	0.	798.39
572	7.3898	4.8822	5.e-002	6.1301
573	7.4143	5.4411	0.	768.66
574	6.2715	4.7608	0.	885.83
575	6.3725	5.1256	5.e-002	6.3679
576	6.3537	5.5628	0.	810.08
577	7.7426	2.3976	0.	756.65
578	7.1656	2.4054	5.e-002	6.5134
579	8.9152	2.3982	0.	660.16
580	8.3337	2.9927	0.	709.86
581	8.3197	2.3898	5.e-002	15.38
582	10.1	2.4111	0.	561.02
583	9.5142	2.9995	0.	606.36
584	9.5107	2.4066	5.e-002	5.3153
585	11.26	2.4165	0.	476.59
586	10.68	3.0105	0.	517.56
587	10.689	2.4157	5.e-002	7.7147
588	12.392	2.4168	0.	398.8
589	11.822	3.0146	0.	435.92
590	11.831	2.4173	5.e-002	5.804
591	13.514	2.4161	0.	328.37
592	12.952	3.0174	0.	361.77
593	12.953	2.4162	5.e-002	5.4578
594	14.627	2.4162	0.	264.97
595	14.069	3.0137	0.	294.73
596	14.074	2.4161	5.e-002	4.9618
597	15.737	2.4266	0.	208.47
598	15.181	3.018	0.	234.75
599	15.18	2.4163	5.e-002	4.4412
600	16.85	2.4298	0.	158.87
601	16.287	3.0245	0.	181.77
602	16.294	2.4369	5.e-002	3.8668
603	17.95	2.424	0.	116.8
604	17.394	3.0207	0.	136.03
605	17.406	2.4227	5.e-002	3.4293
606	19.036	2.4264	0.	82.05
607	18.489	3.0236	0.	97.429
608	18.494	2.4252	5.e-002	2.8009
609	20.122	2.4185	0.	54.293
610	19.579	3.0255	0.	66.13
611	19.578	2.4276	5.e-002	2.2008
612	21.212	2.4083	0.	33.63
613	20.669	3.0132	0.	41.929
614	20.667	2.4095	5.e-002	1.691
615	21.763	3.0069	0.	24.991
616	21.758	2.4072	5.e-002	1.1883
617	21.22	3.6118	0.	33.565
618	21.768	3.6066	5.e-002	1.165
619	20.126	3.6202	0.	54.278
620	20.672	3.617	5.e-002	1.6783
621	19.032	3.6227	0.	82.122
622	19.58	3.6234	5.e-002	2.2505
623	17.933	3.6203	0.	117.3
624	18.484	3.622	5.e-002	2.7653
625	16.831	3.6154	0.	159.6
626	17.383	3.6186	5.e-002	3.3697
627	15.731	3.6159	0.	208.72
628	16.279	3.6122	5.e-002	3.9812
629	14.623	3.6155	0.	265.14
630	15.182	3.6197	5.e-002	4.4103
631	13.507	3.615	0.	328.7
632	14.064	3.6114	5.e-002	4.9503
633	12.382	3.6153	0.	399.34
634	12.95	3.6186	5.e-002	5.5148
635	11.242	3.6086	0.	477.2
636	11.813	3.612	5.e-002	5.8412
637	10.094	3.5988	0.	563.15
638	10.67	3.6053	5.e-002	7.767
639	8.9327	3.594	0.	656.55
640	9.5176	3.5924	5.e-002	7.7879
641	8.3477	3.5957	5.e-002	12.826
642	5.6516	4.612	0.	867.57
643	5.1327	4.8279	5.e-002	40.208
644	4.6297	4.9139	0.	795.84
645	3.102	1.1756	5.e-002	26.014
646	3.531	1.0878	0.	1385.7
647	2.6392	2.682	5.e-002	26.067
648	3.2996	2.341	0.	2481.7
649	1.0371	1.1374	5.e-002	33.099
650	1.0136	0.56872	0.	1396.2
651	0.51855	1.1687	0.	1194.9
652	4.8822	1.1539	0.	860.81
653	4.7406	0.96724	5.e-002	28.001
654	4.4336	0.98362	0.	801.5
655	5.0238	1.3405	5.e-002	156.1
656	4.5752	1.4203	0.	1232.2
657	4.3094	2.4763	5.e-002	40.445
658	4.218	2.2381	0.	2379.9
659	4.0721	3.6227	0.	2750.4
660	3.889	3.6324	0.	2888.
661	3.9557	3.6864	5.e-002	45.675
662	3.9579	3.8432	0.	4181.
663	4.0257	3.4077	0.	2293.4
664	4.1885	3.5589	5.e-002	56.534
665	4.1576	3.7795	0.	3154.3
666	3.8426	3.4174	0.	2443.2
667	3.6895	3.3547	0.	2288.4
668	3.8629	3.2565	5.e-002	135.41
669	3.8223	3.5783	5.e-002	254.93
670	5.9031	3.5427	0.	1066.9
671	6.047	3.1836	5.e-002	53.029
672	3.516	3.4529	5.e-002	128.9
673	2.303	4.0722	5.e-002	28.195
674	5.5273	3.7676	0.	1155.8
675	5.2954	3.6334	5.e-002	88.504
676	5.9648	4.1489	0.	1008.7
677	5.7592	3.9018	5.e-002	46.567
678	6.1705	4.3961	5.e-002	10.539
679	5.9648	4.1489	0.1	1008.7
680	5.6516	4.612	0.1	867.57
681	6.2715	4.7608	0.1	885.83
682	6.6296	4.0102	0.1	855.67
683	5.5273	3.7676	0.1	1155.8
684	5.9031	3.5427	0.1	1066.9
685	5.3726	4.1084	0.1	1042.5
686	5.0381	3.7349	0.1	1319.3
687	5.2414	3.3756	0.1	1365.4
688	1.8228	3.7587	0.1	1397.
689	2.635	3.6918	0.1	1411.3
690	2.1606	4.5218	0.1	1292.8
691	2.6854	4.3301	0.1	1246.7
692	3.6895	3.3547	0.1	2288.4
693	3.2415	3.3821	0.1	1867.2
694	3.5782	3.5836	0.1	2255.4
695	6.5679	3.404	0.1	919.92
696	5.9885	2.8159	0.1	1098.7
697	5.6172	3.1507	0.1	1266.9
698	3.8426	3.4174	0.1	2443.2
699	3.889	3.6324	0.1	2888.
700	3.7313	3.6463	0.1	2406.8
701	4.0257	3.4077	0.1	2293.4
702	3.8929	3.0681	0.1	2365.4
703	4.0721	3.6227	0.1	2750.4
704	4.3701	3.433	0.1	2040.1
705	4.1576	3.7795	0.1	3154.3
706	3.9579	3.8432	0.1	4181.
707	5.1197	2.4622	0.1	1356.8
708	4.1161	2.678	0.1	2040.2
709	4.7484	2.797	0.1	1519.
710	4.218	2.2381	0.1	2379.9
711	4.8822	1.1539	0.1	860.81
712	5.4296	1.0672	0.1	983.92
713	5.3313	1.5752	0.1	1087.9
714	4.5752	1.4203	0.1	1232.2
715	4.838	0.78265	0.1	715.98
716	4.4336	0.98362	0.1	801.5
717	1.5084	1.0532	0.1	1350.1
718	1.1004	1.693	0.1	1477.5
719	0.51855	1.1687	0.1	1194.9
720	1.0136	0.56872	0.1	1396.2
721	1.9909	3.0636	0.1	1399.8
722	2.8031	2.9967	0.1	1406.
723	2.5463	2.3185	0.1	1303.1
724	3.2996	2.341	0.1	2481.7
725	2.7777	1.5652	0.1	1114.5
726	3.0131	0.93223	0.1	988.66
727	3.531	1.0878	0.1	1385.7
728	5.19	5.1073	0.1	756.16
729	5.0594	4.5715	0.1	934.95
730	4.6297	4.9139	0.1	795.84
731	8.9327	3.594	0.1	656.55
732	8.3337	2.9927	0.1	709.86
733	8.3961	4.1921	0.1	699.48
734	7.7182	3.61	0.1	732.94
735	10.094	3.5988	0.1	563.15
736	9.5142	2.9995	0.1	606.36
737	9.5386	4.1926	0.1	607.45
738	11.242	3.6086	0.1	477.2
739	10.68	3.0105	0.1	517.56
740	10.681	4.2075	0.1	518.39
741	12.382	3.6153	0.1	399.34
742	11.822	3.0146	0.1	435.92
743	11.82	4.2074	0.1	436.98
744	13.507	3.615	0.1	328.7
745	12.952	3.0174	0.1	361.77
746	12.951	4.2128	0.1	362.43
747	14.623	3.6155	0.1	265.14
748	14.069	3.0137	0.1	294.73
749	14.064	4.2087	0.1	295.14
750	15.731	3.6159	0.1	208.72
751	15.181	3.018	0.1	234.75
752	15.179	4.214	0.1	234.94
753	16.831	3.6154	0.1	159.6
754	16.287	3.0245	0.1	181.77
755	16.279	4.2103	0.1	182.04
756	17.933	3.6203	0.1	117.3
757	17.394	3.0207	0.1	136.03
758	17.383	4.2135	0.1	136.16
759	19.032	3.6227	0.1	82.122
760	18.489	3.0236	0.1	97.429
761	18.481	4.2198	0.1	97.326
762	20.126	3.6202	0.1	54.278
763	19.579	3.0255	0.1	66.13
764	19.578	4.2217	0.1	65.646
765	21.22	3.6118	0.1	33.565
766	20.669	3.0132	0.1	41.929
767	20.674	4.2215	0.1	41.091
768	21.763	3.0069	0.1	24.991
769	21.766	4.2061	0.1	23.72
770	22.318	3.6031	0.1	20.176
771	21.212	2.4083	0.1	33.63
772	22.315	2.4002	0.1	20.211
773	21.77	1.8022	0.1	23.728
774	20.122	2.4185	0.1	54.293
775	20.674	1.805	0.1	41.045
776	19.036	2.4264	0.1	82.05
777	19.588	1.8159	0.1	65.427
778	17.95	2.424	0.1	116.8
779	18.498	1.8204	0.1	96.882
780	16.85	2.4298	0.1	158.87
781	17.404	1.8277	0.1	135.48
782	15.737	2.4266	0.1	208.47
783	16.291	1.828	0.1	181.5
784	14.627	2.4162	0.1	264.97
785	15.183	1.8147	0.1	234.73
786	13.514	2.4161	0.1	328.37
787	14.075	1.8176	0.1	294.74
788	12.392	2.4168	0.1	398.8
789	12.959	1.813	0.1	361.99
790	11.26	2.4165	0.1	476.59
791	11.839	1.8177	0.1	436.24
792	10.1	2.4111	0.1	561.02
793	10.704	1.8162	0.1	518.49
794	8.9152	2.3982	0.1	660.16
795	9.5321	1.8095	0.1	605.14
796	7.7426	2.3976	0.1	756.65
797	8.3294	1.802	0.1	717.6
798	7.0265	1.8178	0.1	818.32
799	7.1272	3.0149	0.1	778.91
800	6.5478	2.4268	0.1	957.52
801	6.8811	5.0039	0.1	798.39
802	5.8099	5.2562	0.1	749.73
803	6.3537	5.5628	0.1	810.08
804	7.9172	4.8353	0.1	734.65
805	7.2393	4.2533	0.1	768.12
806	7.4143	5.4411	0.1	768.66
807	9.002	4.7907	0.1	650.64
808	8.4938	5.3942	0.1	691.84
809	10.125	4.8013	0.1	563.07
810	9.6033	5.3965	0.1	606.43
811	11.259	4.8063	0.1	478.68
812	10.721	5.4048	0.1	519.95
813	12.389	4.805	0.1	400.65
814	11.841	5.4014	0.1	438.36
815	13.508	4.8066	0.1	329.49
816	12.955	5.4035	0.1	363.73
817	14.62	4.8071	0.1	265.59
818	14.064	5.403	0.1	296.08
819	15.727	4.8083	0.1	208.94
820	15.171	5.4041	0.1	235.79
821	16.83	4.8084	0.1	159.3
822	16.275	5.4042	0.1	182.41
823	17.93	4.813	0.1	116.89
824	17.379	5.4042	0.1	136.24
825	19.028	4.8188	0.1	81.533
826	18.479	5.4088	0.1	97.232
827	20.127	4.823	0.1	53.103
828	19.58	5.41	0.1	65.128
829	21.221	4.8158	0.1	31.742
830	20.682	5.413	0.1	40.07
831	22.324	4.8014	0.1	17.427
832	21.778	5.4028	0.1	21.912
833	22.875	4.1984	0.1	13.709
834	22.889	5.3986	0.1	10.739
835	23.441	4.7986	0.1	10.118
836	22.869	2.9964	0.1	15.499
837	23.434	3.5998	0.1	13.928
838	22.878	1.7942	0.1	13.68
839	23.436	2.3966	0.1	13.912
840	22.333	1.1963	0.1	17.362
841	23.442	1.1976	0.1	10.101
842	22.89	0.59764	0.1	10.763
843	21.232	1.1989	0.1	31.651
844	21.787	0.59867	0.1	21.87
845	20.14	1.2024	0.1	52.826
846	20.685	0.60023	0.1	40.019
847	19.05	1.2099	0.1	80.955
848	19.591	0.60217	0.1	64.902
849	17.952	1.2241	0.1	116.29
850	18.491	0.60777	0.1	96.872
851	16.844	1.2259	0.1	158.82
852	17.389	0.61633	0.1	135.93
853	15.736	1.2161	0.1	208.44
854	16.279	0.60956	0.1	182.14
855	14.631	1.2162	0.1	265.17
856	15.177	0.60659	0.1	235.57
857	13.52	1.2146	0.1	328.99
858	14.07	0.6096	0.1	296.
859	12.406	1.214	0.1	400.
860	12.962	0.60495	0.1	363.72
861	11.283	1.2174	0.1	478.63
862	11.851	0.60908	0.1	438.74
863	10.136	1.2146	0.1	562.91
864	10.735	0.60836	0.1	521.7
865	8.9463	1.2133	0.1	662.2
866	9.6003	0.60619	0.1	614.37
867	7.6132	1.2222	0.1	779.49
868	8.441	0.60708	0.1	712.11
869	6.3614	1.012	0.1	845.9
870	6.263	1.5201	0.1	952.24
871	7.1631	0.61514	0.1	818.76
872	5.3854	0.69594	0.1	790.68
873	6.0851	0.3969	0.1	837.54
874	1.213	4.107	0.1	1427.1
875	1.5508	4.8702	0.1	1305.1
876	0.54171	4.7845	0.1	1192.
877	1.0367	5.3845	0.1	1381.3
878	2.2165	1.4619	0.1	1260.1
879	2.4519	0.82889	0.1	1130.1
880	1.9798	0.48448	0.1	1320.2
881	1.2531	2.8468	0.1	1488.1
882	1.8085	2.1017	0.1	1362.1
883	0.5818	2.3243	0.1	1268.8
884	0.67131	3.5226	0.1	1225.1
885	3.1481	3.7082	0.1	1421.8
886	3.4449	3.0955	0.1	1923.9
887	5.7843	2.1291	0.1	1086.3
888	2.4849	5.115	0.1	1092.
889	1.999	5.4857	0.1	1251.9
890	4.8834	4.0757	0.1	1231.2
891	4.6662	3.5717	0.1	1546.7
892	4.4537	3.9182	0.1	2763.7
893	4.687	5.4434	0.1	561.18
894	5.2391	5.6934	0.1	641.33
895	3.1985	4.3465	0.1	1331.6
896	3.4848	3.9097	0.1	1858.
897	3.6446	4.3026	0.1	1582.7
898	3.0098	4.9232	0.1	1082.2
899	3.5139	4.7939	0.1	1034.6
900	3.4559	5.3793	0.1	753.65
901	2.9609	5.6293	0.1	922.69
902	4.531	0.54903	0.1	505.58
903	5.0831	0.29903	0.1	690.97
904	3.2067	1.7274	0.1	1466.3
905	3.4421	0.59442	0.1	844.04
906	2.9471	0.34442	0.1	929.38
907	4.5563	4.4075	0.1	1261.4
908	3.8002	3.8571	0.1	3769.1
909	4.2372	3.0934	0.1	2103.6
910	3.9414	2.4398	0.1	3020.3
911	4.8827	1.905	0.1	2067.2
912	4.8695	3.2124	0.1	1603.8
913	4.1267	5.25	0.1	680.09
914	4.1267	5.75	0.1	395.77
915	4.1267	5.5	5.e-002	64.512
916	4.1267	4.75	0.1	1261.2
917	4.1267	5.	5.e-002	107.26
918	4.1267	4.25	0.1	2771.
919	4.1267	4.5	5.e-002	236.39
920	4.0433	4.	0.1	4122.1
921	4.1267	4.	5.e-002	237.01
922	3.96	4.25	0.1	3407.1
923	3.96	4.	5.e-002	707.66
924	3.96	4.75	0.1	1425.1
925	3.96	4.5	5.e-002	343.08
926	3.96	5.25	0.1	780.98
927	3.96	5.	5.e-002	145.57
928	3.96	5.75	0.1	472.06
929	3.96	5.5	5.e-002	86.636
930	4.1267	0.75	0.1	627.97
931	4.1267	0.25	0.1	323.16
932	4.1267	0.5	5.e-002	47.403
933	4.1267	1.25	0.1	1358.7
934	4.1267	1.	5.e-002	285.05
935	4.1267	1.75	0.1	2222.5
936	4.1267	1.5	5.e-002	227.99
937	4.0433	2.	0.1	3085.5
938	4.1267	2.	5.e-002	253.62
939	3.96	1.75	0.1	2657.9
940	3.96	2.	5.e-002	281.34
941	3.96	1.25	0.1	1807.7
942	3.96	1.5	5.e-002	201.73
943	3.96	0.75	0.1	1368.3
944	3.96	1.	5.e-002	321.02
945	3.96	0.25	0.1	621.44
946	3.96	0.5	5.e-002	150.23
947	4.6787	6.	0.1	456.07
948	4.1267	6.	5.e-002	39.843
949	5.7828	6.	0.1	693.95
950	5.2307	6.	5.e-002	5.7309
951	6.8869	6.	0.1	780.42
952	6.3348	6.	5.e-002	12.933
953	7.9909	6.	0.1	726.26
954	7.4389	6.	5.e-002	12.976
955	9.095	6.	0.1	648.2
956	8.543	6.	5.e-002	12.228
957	10.199	6.	0.1	563.93
958	9.647	6.	5.e-002	13.498
959	11.303	6.	0.1	480.24
960	10.751	6.	5.e-002	14.189
961	12.407	6.	0.1	402.03
962	11.855	6.	5.e-002	12.761
963	13.511	6.	0.1	330.94
964	12.959	6.	5.e-002	11.8
965	14.615	6.	0.1	266.91
966	14.063	6.	5.e-002	10.698
967	15.719	6.	0.1	209.9
968	15.167	6.	5.e-002	9.7409
969	16.824	6.	0.1	159.99
970	16.271	6.	5.e-002	8.51
971	17.928	6.	0.1	117.21
972	17.376	6.	5.e-002	7.3337
973	19.032	6.	0.1	81.439
974	18.48	6.	5.e-002	6.2145
975	20.136	6.	0.1	52.681
976	19.584	6.	5.e-002	4.956
977	21.24	6.	0.1	30.791
978	20.688	6.	5.e-002	3.7848
979	22.344	6.	0.1	15.663
980	21.792	6.	5.e-002	2.4534
981	23.448	6.	0.1	7.1048
982	22.896	6.	5.e-002	1.2891
983	24.	5.4	0.1	6.2806
984	24.	6.	5.e-002	0.27726
985	24.	4.2	0.1	10.305
986	24.	4.8	5.e-002	0.50836
987	24.	3.	0.1	12.355
988	24.	3.6	5.e-002	0.53954
989	24.	1.8	0.1	10.311
990	24.	2.4	5.e-002	0.54408
991	24.	0.6	0.1	6.2526
992	24.	1.2	5.e-002	0.51766
993	1.5735e-014	1.8	0.1	1022.
994	5.2451e-015	0.6	0.1	831.63
995	1.0632e-014	1.2	5.e-002	63.058
996	2.6226e-014	3.	0.1	1048.2
997	2.1264e-014	2.4	5.e-002	21.993
998	3.6716e-014	4.2	0.1	1027.
999	3.1897e-014	3.6	5.e-002	13.791
1000	4.7206e-014	5.4	0.1	833.87
1001	4.2529e-014	4.8	5.e-002	66.797
1002	23.448	0.	0.1	7.1309
1003	24.	0.	5.e-002	0.25653
1004	22.344	0.	0.1	15.715
1005	22.896	0.	5.e-002	1.3515
1006	21.24	0.	0.1	30.812
1007	21.792	0.	5.e-002	2.4264
1008	20.136	0.	0.1	52.714
1009	20.688	0.	5.e-002	3.7492
1010	19.032	0.	0.1	81.478
1011	19.584	0.	5.e-002	4.9626
1012	17.928	0.	0.1	117.15
1013	18.48	0.	5.e-002	6.0534
1014	16.824	0.	0.1	159.93
1015	17.376	0.	5.e-002	7.0965
1016	15.719	0.	0.1	209.97
1017	16.271	0.	5.e-002	8.4575
1018	14.615	0.	0.1	267.05
1019	15.167	0.	5.e-002	9.7051
1020	13.511	0.	0.1	331.37
1021	14.063	0.	5.e-002	10.585
1022	12.407	0.	0.1	403.06
1023	12.959	0.	5.e-002	11.839
1024	11.303	0.	0.1	482.41
1025	11.855	0.	5.e-002	12.695
1026	10.199	0.	0.1	573.69
1027	10.751	0.	5.e-002	14.315
1028	9.095	0.	0.1	663.43
1029	9.647	0.	5.e-002	13.054
1030	7.9909	0.	0.1	752.96
1031	8.543	0.	5.e-002	6.8288
1032	6.8869	0.	0.1	812.82
1033	7.4389	0.	5.e-002	34.368
1034	5.7828	0.	0.1	724.72
1035	6.3348	0.	5.e-002	13.201
1036	4.6787	0.	0.1	517.37
1037	5.2307	0.	5.e-002	16.245
1038	4.1267	0.	5.e-002	52.568
1039	3.465	-3.1846e-030	0.1	677.95
1040	3.96	-3.6396e-030	5.e-002	79.806
1041	2.475	-2.2747e-030	0.1	1117.4
1042	2.97	0.	5.e-002	13.094
1043	1.485	-1.3648e-030	0.1	1361.
1044	1.98	0.	5.e-002	47.718
1045	0.495	-4.5494e-031	0.1	1022.4
1046	0.99	0.	5.e-002	35.446
1047	0.	0.	5.e-002	351.24
1048	0.495	6.	0.1	1012.
1049	5.2451e-014	6.	5.e-002	345.78
1050	1.485	6.	0.1	1323.8
1051	0.99	6.	5.e-002	34.494
1052	2.475	6.	0.1	1077.5
1053	1.98	6.	5.e-002	30.23
1054	3.465	6.	0.1	649.51
1055	2.97	6.	5.e-002	17.2
1056	3.96	6.	5.e-002	117.5
1057	2.475	6.	0.	1077.5
1058	3.465	6.	0.	649.51
1059	1.485	6.	0.	1323.8
1060	0.495	6.	0.	1012.
1061	3.96	5.75	0.	472.06
1062	4.7206e-014	5.4	0.	833.87
1063	1.485	-1.3648e-030	0.	1361.
1064	0.495	-4.5494e-031	0.	1022.4
1065	2.475	-2.2747e-030	0.	1117.4
1066	3.465	-3.1846e-030	0.	677.95
1067	3.96	0.25	0.	621.44
1068	5.2451e-015	0.6	0.	831.63
1069	5.7828	0.	0.	724.72
1070	4.6787	0.	0.	517.37
1071	6.8869	0.	0.	812.82
1072	7.9909	0.	0.	752.96
1073	9.095	0.	0.	663.43
1074	10.199	0.	0.	573.69
1075	11.303	0.	0.	482.41
1076	12.407	0.	0.	403.06
1077	13.511	0.	0.	331.37
1078	14.615	0.	0.	267.05
1079	15.719	0.	0.	209.97
1080	16.824	0.	0.	159.93
1081	17.928	0.	0.	117.15
1082	19.032	0.	0.	81.478
1083	20.136	0.	0.	52.714
1084	21.24	0.	0.	30.812
1085	22.344	0.	0.	15.715
1086	23.448	0.	0.	7.1309
1087	4.1267	0.25	0.	323.16
1088	24.	0.6	0.	6.2526
1089	3.6716e-014	4.2	0.	1027.
1090	2.6226e-014	3.	0.	1048.2
1091	1.5735e-014	1.8	0.	1022.
1092	24.	1.8	0.	10.311
1093	24.	3.	0.	12.355
1094	24.	4.2	0.	10.305
1095	24.	5.4	0.	6.2806
1096	23.448	6.	0.	7.1048
1097	22.344	6.	0.	15.663
1098	21.24	6.	0.	30.791
1099	20.136	6.	0.	52.681
1100	19.032	6.	0.	81.439
1101	17.928	6.	0.	117.21
1102	16.824	6.	0.	159.99
1103	15.719	6.	0.	209.9
1104	14.615	6.	0.	266.91
1105	13.511	6.	0.	330.94
1106	12.407	6.	0.	402.03
1107	11.303	6.	0.	480.24
1108	10.199	6.	0.	563.93
1109	9.095	6.	0.	648.2
1110	7.9909	6.	0.	726.26
1111	6.8869	6.	0.	780.42
1112	5.7828	6.	0.	693.95
1113	4.6787	6.	0.	456.07
1114	4.1267	5.75	0.	395.77
1115	3.96	1.25	0.	1807.7
1116	3.96	1.75	0.	2657.9
1117	3.96	0.75	0.	1368.3
1118	4.0433	2.	0.	3085.5
1119	4.1267	0.75	0.	627.97
1120	4.1267	1.25	0.	1358.7
1121	4.1267	1.75	0.	2222.5
1122	3.96	4.75	0.	1425.1
1123	3.96	4.25	0.	3407.1
1124	3.96	5.25	0.	780.98
1125	4.0433	4.	0.	4122.1
1126	4.1267	5.25	0.	680.09
1127	4.1267	4.75	0.	1261.2
1128	4.1267	4.25	0.	2771.
