Node Number	X Location (in)	Y Location (in)	Z Location (in)	Total Deformation (in)
1	3.4974	2.6451	0.	1.8041e-002
2	4.005	3.2953	0.	2.4209e-002
3	5.4	2.7036	0.	4.5999e-002
4	2.7088	3.0495	0.	1.0613e-002
5	3.2184	3.2493	0.	1.5139e-002
6	4.8833	4.4717	0.	3.6335e-002
7	2.7532	0.64446	0.	9.3287e-003
8	2.4069	1.7623	0.	8.0449e-003
9	4.8876	0.64089	0.	3.5682e-002
10	2.722	5.1879	0.	9.1928e-003
11	3.0744	3.9038	0.	1.3342e-002
12	3.2966	3.6549	0.	1.5647e-002
13	4.7109	5.4731	0.	3.1953e-002
14	4.8978	3.743	0.	3.7241e-002
15	1.8292	4.9251	0.	4.3397e-003
16	0.95707	4.7405	0.	1.2262e-003
17	0.97466	1.1065	0.	1.2243e-003
18	1.8629	0.92935	0.	4.4341e-003
19	1.0903	2.1709	0.	1.6837e-003
20	1.1878	3.3413	0.	2.0371e-003
21	5.8417	0.98879	0.	5.323e-002
22	6.9147	1.2104	0.	7.4476e-002
23	8.1038	1.2439	0.	0.10005
24	9.321	1.2233	0.	0.12834
25	10.504	1.2044	0.	0.15761
26	11.653	1.1909	0.	0.18751
27	12.793	1.1808	0.	0.21832
28	13.919	1.1745	0.	0.24972
29	15.039	1.1733	0.	0.2817
30	16.154	1.1747	0.	0.31412
31	17.271	1.177	0.	0.34707
32	18.387	1.1805	0.	0.38032
33	19.505	1.1821	0.	0.4139
34	20.628	1.1823	0.	0.44775
35	21.753	1.1934	0.	0.48177
36	22.875	1.1951	0.	0.51576
37	22.864	2.3932	0.	0.51533
38	22.866	3.6025	0.	0.51525
39	22.872	4.7976	0.	0.51524
40	21.747	4.7963	0.	0.48116
41	20.617	4.7966	0.	0.447
42	19.499	4.7786	0.	0.41327
43	18.379	4.7378	0.	0.37968
44	17.262	4.7037	0.	0.34642
45	16.148	4.6847	0.	0.31355
46	15.034	4.6789	0.	0.28117
47	13.92	4.6775	0.	0.24936
48	12.798	4.6806	0.	0.2181
49	11.673	4.7272	0.	0.18766
50	10.534	4.7904	0.	0.15797
51	9.3796	4.7902	0.	0.12932
52	8.2246	4.7897	0.	0.10233
53	7.0922	4.81	0.	7.773e-002
54	5.9069	4.8738	0.	5.42e-002
55	6.9291	3.5967	0.	7.5107e-002
56	6.5422	2.3054	0.	6.7402e-002
57	8.0146	2.4088	0.	9.8476e-002
58	9.274	2.4123	0.	0.1276
59	10.471	2.3908	0.	0.15712
60	11.641	2.3618	0.	0.18747
61	12.783	2.3622	0.	0.21828
62	13.918	2.3555	0.	0.24986
63	15.037	2.3539	0.	0.28175
64	16.152	2.3561	0.	0.31414
65	17.269	2.3596	0.	0.34704
66	18.385	2.3632	0.	0.38027
67	19.503	2.3697	0.	0.41378
68	20.621	2.3879	0.	0.44747
69	21.739	2.397	0.	0.48126
70	21.74	3.596	0.	0.48116
71	20.608	3.5901	0.	0.44695
72	19.498	3.5729	0.	0.4135
73	18.386	3.5519	0.	0.38013
74	17.262	3.5316	0.	0.3467
75	16.148	3.5215	0.	0.31388
76	15.033	3.5156	0.	0.2815
77	13.918	3.5146	0.	0.24972
78	12.792	3.5211	0.	0.21841
79	11.64	3.5475	0.	0.18732
80	10.483	3.5774	0.	0.15729
81	9.3022	3.589	0.	0.12814
82	8.0825	3.5626	0.	9.9864e-002
83	4.5164	5.0153	0.	2.9429e-002
84	2.9332	1.1124	0.	1.1193e-002
85	2.3581	2.5344	0.	7.9745e-003
86	2.8445	4.4644	0.	1.0915e-002
87	4.5466	1.079	0.	3.0486e-002
88	5.566	1.6279	0.	4.8621e-002
89	4.9433	2.0422	0.	3.8e-002
90	3.6964	3.5827	0.	2.0053e-002
91	4.517	2.888	0.	3.1558e-002
92	3.5921	3.0871	0.	1.9195e-002
93	3.5456	3.4616	0.	1.8454e-002
94	4.3804	1.4868	0.	2.8316e-002
95	5.8969	3.682	0.	5.483e-002
96	2.0864	3.9321	0.	6.1362e-003
97	2.0864	3.9321	0.1	6.1362e-003
98	5.8969	3.682	0.1	5.483e-002
99	4.3804	1.4868	0.1	2.8316e-002
100	3.5456	3.4616	0.1	1.8454e-002
101	3.5921	3.0871	0.1	1.9195e-002
102	4.517	2.888	0.1	3.1558e-002
103	3.6964	3.5827	0.1	2.0053e-002
104	4.9433	2.0422	0.1	3.8e-002
105	5.566	1.6279	0.1	4.8621e-002
106	4.5466	1.079	0.1	3.0486e-002
107	2.8445	4.4644	0.1	1.0915e-002
108	2.3581	2.5344	0.1	7.9745e-003
109	2.9332	1.1124	0.1	1.1193e-002
110	4.5164	5.0153	0.1	2.9429e-002
111	8.0825	3.5626	0.1	9.9864e-002
112	9.3022	3.589	0.1	0.12814
113	10.483	3.5774	0.1	0.15729
114	11.64	3.5475	0.1	0.18732
115	12.792	3.5211	0.1	0.21841
116	13.918	3.5146	0.1	0.24972
117	15.033	3.5156	0.1	0.2815
118	16.148	3.5215	0.1	0.31388
119	17.262	3.5316	0.1	0.3467
120	18.386	3.5519	0.1	0.38013
121	19.498	3.5729	0.1	0.4135
122	20.608	3.5901	0.1	0.44695
123	21.74	3.596	0.1	0.48116
124	21.739	2.397	0.1	0.48126
125	20.621	2.3879	0.1	0.44747
126	19.503	2.3697	0.1	0.41378
127	18.385	2.3632	0.1	0.38027
128	17.269	2.3596	0.1	0.34704
129	16.152	2.3561	0.1	0.31414
130	15.037	2.3539	0.1	0.28175
131	13.918	2.3555	0.1	0.24986
132	12.783	2.3622	0.1	0.21828
133	11.641	2.3618	0.1	0.18747
134	10.471	2.3908	0.1	0.15712
135	9.274	2.4123	0.1	0.1276
136	8.0146	2.4088	0.1	9.8476e-002
137	6.5422	2.3054	0.1	6.7402e-002
138	6.9291	3.5967	0.1	7.5107e-002
139	5.9069	4.8738	0.1	5.42e-002
140	7.0922	4.81	0.1	7.773e-002
141	8.2246	4.7897	0.1	0.10233
142	9.3796	4.7902	0.1	0.12932
143	10.534	4.7904	0.1	0.15797
144	11.673	4.7272	0.1	0.18766
145	12.798	4.6806	0.1	0.2181
146	13.92	4.6775	0.1	0.24936
147	15.034	4.6789	0.1	0.28117
148	16.148	4.6847	0.1	0.31355
149	17.262	4.7037	0.1	0.34642
150	18.379	4.7378	0.1	0.37968
151	19.499	4.7786	0.1	0.41327
152	20.617	4.7966	0.1	0.447
153	21.747	4.7963	0.1	0.48116
154	22.872	4.7976	0.1	0.51524
155	22.866	3.6025	0.1	0.51525
156	22.864	2.3932	0.1	0.51533
157	22.875	1.1951	0.1	0.51576
158	21.753	1.1934	0.1	0.48177
159	20.628	1.1823	0.1	0.44775
160	19.505	1.1821	0.1	0.4139
161	18.387	1.1805	0.1	0.38032
162	17.271	1.177	0.1	0.34707
163	16.154	1.1747	0.1	0.31412
164	15.039	1.1733	0.1	0.2817
165	13.919	1.1745	0.1	0.24972
166	12.793	1.1808	0.1	0.21832
167	11.653	1.1909	0.1	0.18751
168	10.504	1.2044	0.1	0.15761
169	9.321	1.2233	0.1	0.12834
170	8.1038	1.2439	0.1	0.10005
171	6.9147	1.2104	0.1	7.4476e-002
172	5.8417	0.98879	0.1	5.323e-002
173	1.1878	3.3413	0.1	2.0371e-003
174	1.0903	2.1709	0.1	1.6837e-003
175	1.8629	0.92935	0.1	4.4341e-003
176	0.97466	1.1065	0.1	1.2243e-003
177	0.95707	4.7405	0.1	1.2262e-003
178	1.8292	4.9251	0.1	4.3397e-003
179	4.8978	3.743	0.1	3.7241e-002
180	4.7109	5.4731	0.1	3.1953e-002
181	3.2966	3.6549	0.1	1.5647e-002
182	3.0744	3.9038	0.1	1.3342e-002
183	2.722	5.1879	0.1	9.1928e-003
184	4.8876	0.64089	0.1	3.5682e-002
185	2.4069	1.7623	0.1	8.0449e-003
186	2.7532	0.64446	0.1	9.3287e-003
187	4.8833	4.4717	0.1	3.6335e-002
188	3.2184	3.2493	0.1	1.5139e-002
189	2.7088	3.0495	0.1	1.0613e-002
190	5.4	2.7036	0.1	4.5999e-002
191	4.005	3.2953	0.1	2.4209e-002
192	3.4974	2.6451	0.1	1.8041e-002
193	3.8667	5.5	0.1	1.7695e-002
194	3.8667	5.	0.1	1.8839e-002
195	3.8667	4.5	0.1	2.0069e-002
196	3.8667	4.	0.1	2.1342e-002
197	3.7	4.	0.1	1.9275e-002
198	3.7	4.5	0.1	1.7929e-002
199	3.7	5.	0.1	1.6695e-002
200	3.7	5.5	0.1	1.5585e-002
201	3.8667	0.5	0.1	1.8286e-002
202	3.8667	1.	0.1	1.9294e-002
203	3.8667	1.5	0.1	2.0432e-002
204	3.8667	2.	0.1	2.1559e-002
205	3.7	2.	0.1	1.9485e-002
206	3.7	1.5	0.1	1.8281e-002
207	3.7	1.	0.1	1.7042e-002
208	3.7	0.5	0.1	1.5885e-002
209	3.8667	6.	0.1	1.6607e-002
210	4.9852	6.	0.1	3.5822e-002
211	6.1037	6.	0.1	5.6482e-002
212	7.2222	6.	0.1	7.9047e-002
213	8.3407	6.	0.1	0.10362
214	9.4593	6.	0.1	0.13
215	10.578	6.	0.1	0.15795
216	11.696	6.	0.1	0.18723
217	12.815	6.	0.1	0.21763
218	13.933	6.	0.1	0.24894
219	15.052	6.	0.1	0.281
220	16.17	6.	0.1	0.31364
221	17.289	6.	0.1	0.34672
222	18.407	6.	0.1	0.38014
223	19.526	6.	0.1	0.41378
224	20.644	6.	0.1	0.44756
225	21.763	6.	0.1	0.48142
226	22.881	6.	0.1	0.51532
227	24.	6.	0.1	0.54922
228	24.	4.8	0.1	0.54942
229	24.	3.6	0.1	0.5496
230	24.	2.4	0.1	0.54974
231	24.	1.2	0.1	0.54985
232	1.049e-014	1.2	0.1	0.
233	2.0981e-014	2.4	0.1	0.
234	3.1471e-014	3.6	0.1	0.
235	4.1961e-014	4.8	0.1	0.
236	24.	0.	0.1	0.54994
237	22.881	0.	0.1	0.51604
238	21.763	0.	0.1	0.48215
239	20.644	0.	0.1	0.44829
240	19.526	0.	0.1	0.4145
241	18.407	0.	0.1	0.38086
242	17.289	0.	0.1	0.34745
243	16.17	0.	0.1	0.31436
244	15.052	0.	0.1	0.28172
245	13.933	0.	0.1	0.24966
246	12.815	0.	0.1	0.21835
247	11.696	0.	0.1	0.18795
248	10.578	0.	0.1	0.15866
249	9.4593	0.	0.1	0.1307
250	8.3407	0.	0.1	0.10431
251	7.2222	0.	0.1	7.9697e-002
252	6.1037	0.	0.1	5.7057e-002
253	4.9852	0.	0.1	3.6432e-002
254	3.8667	0.	0.1	1.7324e-002
255	3.7	0.	0.1	1.4837e-002
256	2.775	-5.0044e-031	0.1	8.4676e-003
257	1.85	-3.3363e-031	0.1	3.5168e-003
258	0.925	-1.6681e-031	0.1	7.4234e-004
259	0.	0.	0.1	0.
260	3.937e-014	6.	0.1	0.
261	0.925	6.	0.1	7.3704e-004
262	1.85	6.	0.1	3.4655e-003
263	2.775	6.	0.1	8.2855e-003
264	3.7	6.	0.1	1.4544e-002
265	2.775	6.	0.	8.2855e-003
266	1.85	6.	0.	3.4655e-003
267	0.925	6.	0.	7.3704e-004
268	3.7	6.	0.	1.4544e-002
269	3.937e-014	6.	0.	0.
270	0.925	-1.6681e-031	0.	7.4234e-004
271	1.85	-3.3363e-031	0.	3.5168e-003
272	2.775	-5.0044e-031	0.	8.4676e-003
273	3.7	0.	0.	1.4837e-002
274	0.	0.	0.	0.
275	4.9852	0.	0.	3.6432e-002
276	6.1037	0.	0.	5.7057e-002
277	7.2222	0.	0.	7.9697e-002
278	8.3407	0.	0.	0.10431
279	9.4593	0.	0.	0.1307
280	10.578	0.	0.	0.15866
281	11.696	0.	0.	0.18795
282	12.815	0.	0.	0.21835
283	13.933	0.	0.	0.24966
284	15.052	0.	0.	0.28172
285	16.17	0.	0.	0.31436
286	17.289	0.	0.	0.34745
287	18.407	0.	0.	0.38086
288	19.526	0.	0.	0.4145
289	20.644	0.	0.	0.44829
290	21.763	0.	0.	0.48215
291	22.881	0.	0.	0.51604
292	3.8667	0.	0.	1.7324e-002
293	24.	0.	0.	0.54994
294	4.1961e-014	4.8	0.	0.
295	3.1471e-014	3.6	0.	0.
296	2.0981e-014	2.4	0.	0.
297	1.049e-014	1.2	0.	0.
298	24.	1.2	0.	0.54985
299	24.	2.4	0.	0.54974
300	24.	3.6	0.	0.5496
301	24.	4.8	0.	0.54942
302	24.	6.	0.	0.54922
303	22.881	6.	0.	0.51532
304	21.763	6.	0.	0.48142
305	20.644	6.	0.	0.44756
306	19.526	6.	0.	0.41378
307	18.407	6.	0.	0.38014
308	17.289	6.	0.	0.34672
309	16.17	6.	0.	0.31364
310	15.052	6.	0.	0.281
311	13.933	6.	0.	0.24894
312	12.815	6.	0.	0.21763
313	11.696	6.	0.	0.18723
314	10.578	6.	0.	0.15795
315	9.4593	6.	0.	0.13
316	8.3407	6.	0.	0.10362
317	7.2222	6.	0.	7.9047e-002
318	6.1037	6.	0.	5.6482e-002
319	4.9852	6.	0.	3.5822e-002
320	3.8667	6.	0.	1.6607e-002
321	3.7	1.5	0.	1.8281e-002
322	3.7	1.	0.	1.7042e-002
323	3.7	0.5	0.	1.5885e-002
324	3.7	2.	0.	1.9485e-002
325	3.8667	0.5	0.	1.8286e-002
326	3.8667	1.	0.	1.9294e-002
327	3.8667	1.5	0.	2.0432e-002
328	3.8667	2.	0.	2.1559e-002
329	3.7	4.5	0.	1.7929e-002
330	3.7	5.	0.	1.6695e-002
331	3.7	5.5	0.	1.5585e-002
332	3.7	4.	0.	1.9275e-002
333	3.8667	5.5	0.	1.7695e-002
334	3.8667	5.	0.	1.8839e-002
335	3.8667	4.5	0.	2.0069e-002
336	3.8667	4.	0.	2.1342e-002
337	3.1031	2.8473	0.	1.4058e-002
338	4.0072	2.7666	0.	2.4346e-002
339	3.5447	2.8661	0.	1.8683e-002
340	3.4974	2.6451	5.e-002	1.8031e-002
341	3.5987	2.3226	0.	1.8894e-002
342	3.8507	3.439	0.	2.2109e-002
343	4.261	3.0917	0.	2.7817e-002
344	3.7986	3.1912	0.	2.1652e-002
345	4.005	3.2953	5.e-002	2.4199e-002
346	3.9358	3.6477	0.	2.2936e-002
347	5.9711	2.5045	0.	5.6382e-002
348	5.1716	2.3729	0.	4.1998e-002
349	4.9585	2.7958	0.	3.8495e-002
350	5.6484	3.1928	0.	5.0387e-002
351	5.4	2.7036	5.e-002	4.599e-002
352	2.9636	3.1494	0.	1.2768e-002
353	2.8916	3.4766	0.	1.2045e-002
354	2.5335	2.7919	0.	9.2489e-003
355	2.3976	3.4908	0.	8.2433e-003
356	2.7088	3.0495	5.e-002	1.0604e-002
357	3.2575	3.4521	0.	1.542e-002
358	3.4053	3.1682	0.	1.7094e-002
359	3.2184	3.2493	5.e-002	1.5129e-002
360	4.8905	4.1074	0.	3.6834e-002
361	5.3951	4.6728	0.	4.5031e-002
362	4.6998	4.7435	0.	3.2923e-002
363	4.8833	4.4717	5.e-002	3.6325e-002
364	4.375	4.4859	0.	2.7992e-002
365	2.3081	0.78691	0.	6.712e-003
366	2.8432	0.87843	0.	1.026e-002
367	2.7532	0.64446	5.e-002	9.3217e-003
368	2.7641	0.32223	0.	8.9299e-003
369	3.2266	0.57223	0.	1.2518e-002
370	2.1349	1.3458	0.	6.1398e-003
371	1.7486	1.9666	0.	4.2988e-003
372	2.6701	1.4373	0.	9.6559e-003
373	2.3825	2.1483	0.	8.0522e-003
374	2.4069	1.7623	5.e-002	8.0367e-003
375	3.0534	1.6311	0.	1.2756e-002
376	5.3647	0.81484	0.	4.4301e-002
377	4.7171	0.85994	0.	3.3055e-002
378	4.8876	0.64089	5.e-002	3.5671e-002
379	4.9364	0.32045	0.	3.6075e-002
380	4.3772	0.57045	0.	2.6887e-002
381	2.2756	5.0565	0.	6.5834e-003
382	2.7832	4.8262	0.	1.0061e-002
383	2.722	5.1879	5.e-002	9.1857e-003
384	2.7485	5.594	0.	8.7884e-003
385	3.211	5.344	0.	1.2317e-002
386	3.1855	3.7793	0.	1.4467e-002
387	2.9594	4.1841	0.	1.2108e-002
388	3.0744	3.9038	5.e-002	1.3334e-002
389	3.3872	4.2019	0.	1.5757e-002
390	3.4211	3.5582	0.	1.7003e-002
391	3.2966	3.6549	5.e-002	1.5638e-002
392	3.4983	3.8274	0.	1.7467e-002
393	5.3089	5.1735	0.	4.2896e-002
394	4.6136	5.2442	0.	3.0694e-002
395	4.7109	5.4731	5.e-002	3.1941e-002
396	4.848	5.7366	0.	3.3875e-002
397	4.2888	5.4866	0.	2.477e-002
398	4.7074	3.3155	0.	3.4394e-002
399	5.3973	3.7125	0.	4.5757e-002
400	4.8978	3.743	5.e-002	3.7231e-002
401	4.3822	3.8715	0.	2.8964e-002
402	1.3931	4.8328	0.	2.5525e-003
403	1.9578	4.4286	0.	5.2443e-003
404	1.8292	4.9251	5.e-002	4.332e-003
405	1.8396	5.4626	0.	3.9936e-003
406	1.0724	4.0409	0.	1.6346e-003
407	0.95707	4.7405	5.e-002	1.2177e-003
408	0.94104	5.3702	0.	1.035e-003
409	0.47854	4.7702	0.	3.1197e-004
410	1.4188	1.0179	0.	2.5829e-003
411	1.0325	1.6387	0.	1.461e-003
412	0.97466	1.1065	5.e-002	1.2158e-003
413	0.94983	0.55325	0.	1.0305e-003
414	0.48733	1.1533	0.	3.1172e-004
415	1.8629	0.92935	5.e-002	4.4261e-003
416	1.8565	0.46468	0.	4.051e-003
417	1.139	2.7561	0.	1.8752e-003
418	1.0903	2.1709	5.e-002	1.6742e-003
419	0.54514	2.2854	0.	4.2363e-004
420	1.7729	2.9379	0.	4.5313e-003
421	1.6371	3.6367	0.	3.8367e-003
422	1.1878	3.3413	5.e-002	2.0278e-003
423	0.59388	3.4707	0.	5.0998e-004
424	6.3782	1.0996	0.	6.3612e-002
425	5.7038	1.3083	0.	5.0931e-002
426	5.8417	0.98879	5.e-002	5.3221e-002
427	5.9727	0.4944	0.	5.5187e-002
428	7.5092	1.2272	0.	8.6986e-002
429	6.7284	1.7579	0.	7.0982e-002
430	6.9147	1.2104	5.e-002	7.4468e-002
431	7.0684	0.60522	0.	7.7155e-002
432	8.7124	1.2336	0.	0.11394
433	8.0592	1.8264	0.	9.9332e-002
434	8.1038	1.2439	5.e-002	0.10004
435	8.2223	0.62197	0.	0.10225
436	9.9123	1.2139	0.	0.14277
437	9.2975	1.8178	0.	0.12804
438	9.321	1.2233	5.e-002	0.12833
439	9.3901	0.61166	0.	0.12959
440	11.078	1.1976	0.	0.1724
441	10.487	1.7976	0.	0.15743
442	10.504	1.2044	5.e-002	0.15761
443	10.541	0.60221	0.	0.1582
444	12.223	1.1859	0.	0.20278
445	11.647	1.7763	0.	0.18754
446	11.653	1.1909	5.e-002	0.18751
447	11.675	0.59544	0.	0.18778
448	13.356	1.1777	0.	0.23391
449	12.788	1.7715	0.	0.21834
450	12.793	1.1808	5.e-002	0.21831
451	12.804	0.59042	0.	0.21837
452	14.479	1.1739	0.	0.26563
453	13.919	1.765	0.	0.24983
454	13.919	1.1745	5.e-002	0.24972
455	13.926	0.58725	0.	0.24973
456	15.596	1.174	0.	0.29784
457	15.038	1.7636	0.	0.28175
458	15.039	1.1733	5.e-002	0.28169
459	15.046	0.58663	0.	0.28174
460	16.712	1.1758	0.	0.33055
461	16.153	1.7654	0.	0.31415
462	16.154	1.1747	5.e-002	0.31412
463	16.162	0.58733	0.	0.31426
464	17.829	1.1788	0.	0.36366
465	17.27	1.7683	0.	0.34708
466	17.271	1.177	5.e-002	0.34707
467	17.28	0.58852	0.	0.34728
468	18.946	1.1813	0.	0.39709
469	18.386	1.7719	0.	0.38031
470	18.387	1.1805	5.e-002	0.38032
471	18.397	0.59026	0.	0.38061
472	20.066	1.1822	0.	0.43081
473	19.504	1.7759	0.	0.41385
474	19.505	1.1821	5.e-002	0.41389
475	19.515	0.59107	0.	0.41421
476	21.19	1.1879	0.	0.46476
477	20.624	1.7851	0.	0.44762
478	20.628	1.1823	5.e-002	0.44775
479	20.636	0.59117	0.	0.44803
480	22.314	1.1943	0.	0.49877
481	21.746	1.7952	0.	0.48152
482	21.753	1.1934	5.e-002	0.48177
483	21.758	0.59671	0.	0.48196
484	22.87	1.7941	0.	0.51555
485	22.875	1.1951	5.e-002	0.51576
486	22.878	0.59755	0.	0.51591
487	23.437	1.1976	0.	0.53281
488	22.865	2.9978	0.	0.51529
489	22.302	2.3951	0.	0.49829
490	22.864	2.3932	5.e-002	0.51533
491	23.432	2.3966	0.	0.53253
492	22.869	4.2	0.	0.51525
493	22.303	3.5992	0.	0.4982
494	22.866	3.6025	5.e-002	0.51525
495	23.433	3.6012	0.	0.53242
496	22.309	4.797	0.	0.4982
497	22.872	4.7976	5.e-002	0.51524
498	23.436	4.7988	0.	0.53233
499	22.877	5.3988	0.	0.51528
500	21.182	4.7965	0.	0.46407
501	21.743	4.1962	0.	0.48116
502	21.747	4.7963	5.e-002	0.48116
503	21.755	5.3982	0.	0.48129
504	20.058	4.7876	0.	0.43012
505	20.613	4.1934	0.	0.44698
506	20.617	4.7966	5.e-002	0.447
507	20.631	5.3983	0.	0.44729
508	18.939	4.7582	0.	0.39645
509	19.498	4.1757	0.	0.4134
510	19.499	4.7786	5.e-002	0.41327
511	19.512	5.3893	0.	0.41353
512	17.821	4.7208	0.	0.36301
513	18.382	4.1449	0.	0.37992
514	18.379	4.7378	5.e-002	0.37967
515	18.393	5.3689	0.	0.37992
516	16.705	4.6942	0.	0.32993
517	17.262	4.1177	0.	0.34657
518	17.262	4.7037	5.e-002	0.34641
519	17.276	5.3519	0.	0.34659
520	15.591	4.6818	0.	0.29729
521	16.148	4.1031	0.	0.31374
522	16.148	4.6847	5.e-002	0.31355
523	16.159	5.3424	0.	0.31362
524	14.477	4.6782	0.	0.26518
525	15.033	4.0973	0.	0.28136
526	15.034	4.6789	5.e-002	0.28116
527	15.043	5.3395	0.	0.28112
528	13.359	4.6791	0.	0.23362
529	13.919	4.0961	0.	0.24958
530	13.92	4.6775	5.e-002	0.24935
531	13.926	5.3388	0.	0.24919
532	12.236	4.7039	0.	0.20275
533	12.795	4.1009	0.	0.2183
534	12.798	4.6806	5.e-002	0.21809
535	12.806	5.3403	0.	0.21791
536	11.104	4.7588	0.	0.17266
537	11.657	4.1374	0.	0.18754
538	11.673	4.7272	5.e-002	0.18765
539	11.685	5.3636	0.	0.1875
540	9.9569	4.7903	0.	0.14345
541	10.509	4.1839	0.	0.15769
542	10.534	4.7904	5.e-002	0.15796
543	10.556	5.3952	0.	0.15802
544	8.8021	4.79	0.	0.1156
545	9.3409	4.1896	0.	0.12879
546	9.3796	4.7902	5.e-002	0.12931
547	9.4194	5.3951	0.	0.12973
548	7.6584	4.7999	0.	8.978e-002
549	8.1536	4.1762	0.	0.10117
550	8.2246	4.7897	5.e-002	0.10232
551	8.2827	5.3949	0.	0.10305
552	6.4996	4.8419	0.	6.566e-002
553	7.0107	4.2034	0.	7.6496e-002
554	7.0922	4.81	5.e-002	7.7722e-002
555	7.1572	5.405	0.	7.8468e-002
556	5.9019	4.2779	0.	5.4612e-002
557	5.9069	4.8738	5.e-002	5.4192e-002
558	6.0053	5.4369	0.	5.542e-002
559	6.7357	2.951	0.	7.131e-002
560	7.5058	3.5797	0.	8.7224e-002
561	6.413	3.6394	0.	6.473e-002
562	6.9291	3.5967	5.e-002	7.5099e-002
563	7.2784	2.3571	0.	8.2508e-002
564	6.0541	1.9666	0.	5.7826e-002
565	6.5422	2.3054	5.e-002	6.7394e-002
566	8.6443	2.4105	0.	0.11277
567	8.0485	2.9857	0.	9.9238e-002
568	8.0146	2.4088	5.e-002	9.8469e-002
569	9.8723	2.4015	0.	0.14215
570	9.2881	3.0006	0.	0.12794
571	9.274	2.4123	5.e-002	0.1276
572	11.056	2.3763	0.	0.17213
573	10.477	2.9841	0.	0.15727
574	10.471	2.3908	5.e-002	0.15711
575	12.212	2.362	0.	0.20274
576	11.641	2.9547	0.	0.18745
577	11.641	2.3618	5.e-002	0.18747
578	13.351	2.3588	0.	0.23396
579	12.788	2.9416	0.	0.21839
580	12.783	2.3622	5.e-002	0.21828
581	14.478	2.3547	0.	0.26572
582	13.918	2.935	0.	0.24983
583	13.918	2.3555	5.e-002	0.24986
584	15.595	2.355	0.	0.29788
585	15.035	2.9348	0.	0.28165
586	15.037	2.3539	5.e-002	0.28174
587	16.711	2.3578	0.	0.33054
588	16.15	2.9388	0.	0.31403
589	16.152	2.3561	5.e-002	0.31413
590	17.827	2.3614	0.	0.36362
591	17.266	2.9456	0.	0.34689
592	17.269	2.3596	5.e-002	0.34704
593	18.944	2.3665	0.	0.397
594	18.385	2.9576	0.	0.38022
595	18.385	2.3632	5.e-002	0.38026
596	20.062	2.3788	0.	0.43061
597	19.501	2.9713	0.	0.41365
598	19.503	2.3697	5.e-002	0.41378
599	21.18	2.3925	0.	0.46436
600	20.615	2.989	0.	0.44722
601	20.621	2.3879	5.e-002	0.44747
602	21.74	2.9965	0.	0.48122
603	21.739	2.397	5.e-002	0.48126
604	21.174	3.5931	0.	0.46405
605	21.74	3.596	5.e-002	0.48116
606	20.053	3.5815	0.	0.43021
607	20.608	3.5901	5.e-002	0.44695
608	18.942	3.5624	0.	0.39679
609	19.498	3.5729	5.e-002	0.4135
610	17.824	3.5418	0.	0.36338
611	18.386	3.5519	5.e-002	0.38013
612	16.705	3.5265	0.	0.33024
613	17.262	3.5316	5.e-002	0.34669
614	15.59	3.5185	0.	0.29762
615	16.148	3.5215	5.e-002	0.31387
616	14.475	3.5151	0.	0.26553
617	15.033	3.5156	5.e-002	0.28149
618	13.355	3.5179	0.	0.23396
619	13.918	3.5146	5.e-002	0.24972
620	12.216	3.5343	0.	0.20273
621	12.792	3.5211	5.e-002	0.2184
622	11.062	3.5625	0.	0.17214
623	11.64	3.5475	5.e-002	0.18732
624	9.8925	3.5832	0.	0.14251
625	10.483	3.5774	5.e-002	0.15729
626	8.6923	3.5758	0.	0.11375
627	9.3022	3.589	5.e-002	0.12813
628	8.0825	3.5626	5.e-002	9.9857e-002
629	4.5164	5.0153	5.e-002	2.9417e-002
630	4.1915	5.0077	0.	2.4101e-002
631	2.9332	1.1124	5.e-002	1.1186e-002
632	3.3166	1.0562	0.	1.4048e-002
633	2.3581	2.5344	5.e-002	7.9658e-003
634	3.0291	2.2672	0.	1.3126e-002
635	2.4654	4.1982	0.	8.4225e-003
636	2.8445	4.4644	5.e-002	1.0907e-002
637	3.2722	4.7322	0.	1.3848e-002
638	5.0563	1.3534	0.	3.9412e-002
639	4.4635	1.2829	0.	2.9394e-002
640	4.5466	1.079	5.e-002	3.0474e-002
641	4.2066	1.0395	0.	2.4858e-002
642	5.2546	1.835	0.	4.3213e-002
643	5.566	1.6279	5.e-002	4.8612e-002
644	4.6619	1.7645	0.	3.3157e-002
645	4.9433	2.0422	5.e-002	3.799e-002
646	4.405	2.0211	0.	2.9362e-002
647	3.621	3.5222	0.	1.9244e-002
648	3.6964	3.5827	5.e-002	2.0043e-002
649	3.6982	3.7913	0.	1.9723e-002
650	4.517	2.888	5.e-002	3.1548e-002
651	4.1918	2.444	0.	2.6646e-002
652	3.5689	3.2744	0.	1.8863e-002
653	3.5921	3.0871	5.e-002	1.9185e-002
654	3.5456	3.4616	5.e-002	1.8444e-002
655	4.3804	1.4868	5.e-002	2.8304e-002
656	4.1235	1.4934	0.	2.4331e-002
657	5.8969	3.682	5.e-002	5.4821e-002
658	2.0864	3.9321	5.e-002	6.1277e-003
659	2.4654	4.1982	0.1	8.4225e-003
660	1.6371	3.6367	0.1	3.8367e-003
661	1.9578	4.4286	0.1	5.2443e-003
662	2.3976	3.4908	0.1	8.2433e-003
663	6.413	3.6394	0.1	6.473e-002
664	5.9019	4.2779	0.1	5.4612e-002
665	5.3973	3.7125	0.1	4.5757e-002
666	5.6484	3.1928	0.1	5.0387e-002
667	4.6619	1.7645	0.1	3.3157e-002
668	4.4635	1.2829	0.1	2.9394e-002
669	4.1235	1.4934	0.1	2.4331e-002
670	3.5689	3.2744	0.1	1.8863e-002
671	3.621	3.5222	0.1	1.9244e-002
672	3.4211	3.5582	0.1	1.7003e-002
673	3.4053	3.1682	0.1	1.7094e-002
674	3.7986	3.1912	0.1	2.1652e-002
675	3.5447	2.8661	0.1	1.8683e-002
676	4.7074	3.3155	0.1	3.4394e-002
677	4.9585	2.7958	0.1	3.8495e-002
678	4.261	3.0917	0.1	2.7817e-002
679	4.0072	2.7666	0.1	2.4346e-002
680	4.1918	2.444	0.1	2.6646e-002
681	3.8507	3.439	0.1	2.2109e-002
682	3.6982	3.7913	0.1	1.9723e-002
683	5.2546	1.835	0.1	4.3213e-002
684	5.1716	2.3729	0.1	4.1998e-002
685	4.405	2.0211	0.1	2.9362e-002
686	5.0563	1.3534	0.1	3.9412e-002
687	6.0541	1.9666	0.1	5.7826e-002
688	5.7038	1.3083	0.1	5.0931e-002
689	4.7171	0.85994	0.1	3.3055e-002
690	4.2066	1.0395	0.1	2.4858e-002
691	2.9594	4.1841	0.1	1.2108e-002
692	2.7832	4.8262	0.1	1.0061e-002
693	3.2722	4.7322	0.1	1.3848e-002
694	1.7729	2.9379	0.1	4.5313e-003
695	2.3825	2.1483	0.1	8.0522e-003
696	2.5335	2.7919	0.1	9.2489e-003
697	3.0291	2.2672	0.1	1.3126e-002
698	2.6701	1.4373	0.1	9.6559e-003
699	2.8432	0.87843	0.1	1.026e-002
700	3.3166	1.0562	0.1	1.4048e-002
701	4.6136	5.2442	0.1	3.0694e-002
702	4.6998	4.7435	0.1	3.2923e-002
703	4.1915	5.0077	0.1	2.4101e-002
704	8.6923	3.5758	0.1	0.11375
705	8.0485	2.9857	0.1	9.9238e-002
706	7.5058	3.5797	0.1	8.7224e-002
707	8.1536	4.1762	0.1	0.10117
708	9.8925	3.5832	0.1	0.14251
709	9.2881	3.0006	0.1	0.12794
710	9.3409	4.1896	0.1	0.12879
711	11.062	3.5625	0.1	0.17214
712	10.477	2.9841	0.1	0.15727
713	10.509	4.1839	0.1	0.15769
714	12.216	3.5343	0.1	0.20273
715	11.641	2.9547	0.1	0.18745
716	11.657	4.1374	0.1	0.18754
717	13.355	3.5179	0.1	0.23396
718	12.788	2.9416	0.1	0.21839
719	12.795	4.1009	0.1	0.2183
720	14.475	3.5151	0.1	0.26553
721	13.918	2.935	0.1	0.24983
722	13.919	4.0961	0.1	0.24958
723	15.59	3.5185	0.1	0.29762
724	15.035	2.9348	0.1	0.28165
725	15.033	4.0973	0.1	0.28136
726	16.705	3.5265	0.1	0.33024
727	16.15	2.9388	0.1	0.31403
728	16.148	4.1031	0.1	0.31374
729	17.824	3.5418	0.1	0.36338
730	17.266	2.9456	0.1	0.34689
731	17.262	4.1177	0.1	0.34657
732	18.942	3.5624	0.1	0.39679
733	18.385	2.9576	0.1	0.38022
734	18.382	4.1449	0.1	0.37992
735	20.053	3.5815	0.1	0.43021
736	19.501	2.9713	0.1	0.41365
737	19.498	4.1757	0.1	0.4134
738	21.174	3.5931	0.1	0.46405
739	20.615	2.989	0.1	0.44722
740	20.613	4.1934	0.1	0.44698
741	21.74	2.9965	0.1	0.48122
742	21.743	4.1962	0.1	0.48116
743	22.303	3.5992	0.1	0.4982
744	21.18	2.3925	0.1	0.46436
745	22.302	2.3951	0.1	0.49829
746	21.746	1.7952	0.1	0.48152
747	20.062	2.3788	0.1	0.43061
748	20.624	1.7851	0.1	0.44762
749	18.944	2.3665	0.1	0.397
750	19.504	1.7759	0.1	0.41385
751	17.827	2.3614	0.1	0.36362
752	18.386	1.7719	0.1	0.38031
753	16.711	2.3578	0.1	0.33054
754	17.27	1.7683	0.1	0.34708
755	15.595	2.355	0.1	0.29788
756	16.153	1.7654	0.1	0.31415
757	14.478	2.3547	0.1	0.26572
758	15.038	1.7636	0.1	0.28175
759	13.351	2.3588	0.1	0.23396
760	13.919	1.765	0.1	0.24983
761	12.212	2.362	0.1	0.20274
762	12.788	1.7715	0.1	0.21834
763	11.056	2.3763	0.1	0.17213
764	11.647	1.7763	0.1	0.18754
765	9.8723	2.4015	0.1	0.14215
766	10.487	1.7976	0.1	0.15743
767	8.6443	2.4105	0.1	0.11277
768	9.2975	1.8178	0.1	0.12804
769	7.2784	2.3571	0.1	8.2508e-002
770	8.0592	1.8264	0.1	9.9332e-002
771	6.7357	2.951	0.1	7.131e-002
772	6.7284	1.7579	0.1	7.0982e-002
773	5.9711	2.5045	0.1	5.6382e-002
774	7.0107	4.2034	0.1	7.6496e-002
775	6.4996	4.8419	0.1	6.566e-002
776	5.3089	5.1735	0.1	4.2896e-002
777	5.3951	4.6728	0.1	4.5031e-002
778	6.0053	5.4369	0.1	5.542e-002
779	7.6584	4.7999	0.1	8.978e-002
780	7.1572	5.405	0.1	7.8468e-002
781	8.8021	4.79	0.1	0.1156
782	8.2827	5.3949	0.1	0.10305
783	9.9569	4.7903	0.1	0.14345
784	9.4194	5.3951	0.1	0.12973
785	11.104	4.7588	0.1	0.17266
786	10.556	5.3952	0.1	0.15802
787	12.236	4.7039	0.1	0.20275
788	11.685	5.3636	0.1	0.1875
789	13.359	4.6791	0.1	0.23362
790	12.806	5.3403	0.1	0.21791
791	14.477	4.6782	0.1	0.26518
792	13.926	5.3388	0.1	0.24919
793	15.591	4.6818	0.1	0.29729
794	15.043	5.3395	0.1	0.28112
795	16.705	4.6942	0.1	0.32993
796	16.159	5.3424	0.1	0.31362
797	17.821	4.7208	0.1	0.36301
798	17.276	5.3519	0.1	0.34659
799	18.939	4.7582	0.1	0.39645
800	18.393	5.3689	0.1	0.37992
801	20.058	4.7876	0.1	0.43012
802	19.512	5.3893	0.1	0.41353
803	21.182	4.7965	0.1	0.46407
804	20.631	5.3983	0.1	0.44729
805	22.309	4.797	0.1	0.4982
806	21.755	5.3982	0.1	0.48129
807	22.869	4.2	0.1	0.51525
808	22.877	5.3988	0.1	0.51528
809	23.436	4.7988	0.1	0.53233
810	22.865	2.9978	0.1	0.51529
811	23.433	3.6012	0.1	0.53242
812	22.87	1.7941	0.1	0.51555
813	23.432	2.3966	0.1	0.53253
814	22.314	1.1943	0.1	0.49877
815	23.437	1.1976	0.1	0.53281
816	22.878	0.59755	0.1	0.51591
817	21.19	1.1879	0.1	0.46476
818	21.758	0.59671	0.1	0.48196
819	20.066	1.1822	0.1	0.43081
820	20.636	0.59117	0.1	0.44803
821	18.946	1.1813	0.1	0.39709
822	19.515	0.59107	0.1	0.41421
823	17.829	1.1788	0.1	0.36366
824	18.397	0.59026	0.1	0.38061
825	16.712	1.1758	0.1	0.33055
826	17.28	0.58852	0.1	0.34728
827	15.596	1.174	0.1	0.29784
828	16.162	0.58733	0.1	0.31426
829	14.479	1.1739	0.1	0.26563
830	15.046	0.58663	0.1	0.28174
831	13.356	1.1777	0.1	0.23391
832	13.926	0.58725	0.1	0.24973
833	12.223	1.1859	0.1	0.20278
834	12.804	0.59042	0.1	0.21837
835	11.078	1.1976	0.1	0.1724
836	11.675	0.59544	0.1	0.18778
837	9.9123	1.2139	0.1	0.14277
838	10.541	0.60221	0.1	0.1582
839	8.7124	1.2336	0.1	0.11394
840	9.3901	0.61166	0.1	0.12959
841	7.5092	1.2272	0.1	8.6986e-002
842	8.2223	0.62197	0.1	0.10225
843	6.3782	1.0996	0.1	6.3612e-002
844	7.0684	0.60522	0.1	7.7155e-002
845	5.3647	0.81484	0.1	4.4301e-002
846	5.9727	0.4944	0.1	5.5187e-002
847	1.139	2.7561	0.1	1.8752e-003
848	1.0724	4.0409	0.1	1.6346e-003
849	0.59388	3.4707	0.1	5.0998e-004
850	1.0325	1.6387	0.1	1.461e-003
851	1.7486	1.9666	0.1	4.2988e-003
852	0.54514	2.2854	0.1	4.2363e-004
853	1.4188	1.0179	0.1	2.5829e-003
854	2.1349	1.3458	0.1	6.1398e-003
855	2.3081	0.78691	0.1	6.712e-003
856	1.8565	0.46468	0.1	4.051e-003
857	0.48733	1.1533	0.1	3.1172e-004
858	0.94983	0.55325	0.1	1.0305e-003
859	1.3931	4.8328	0.1	2.5525e-003
860	0.47854	4.7702	0.1	3.1197e-004
861	0.94104	5.3702	0.1	1.035e-003
862	2.2756	5.0565	0.1	6.5834e-003
863	1.8396	5.4626	0.1	3.9936e-003
864	4.8905	4.1074	0.1	3.6834e-002
865	4.3822	3.8715	0.1	2.8964e-002
866	4.2888	5.4866	0.1	2.477e-002
867	4.848	5.7366	0.1	3.3875e-002
868	3.1855	3.7793	0.1	1.4467e-002
869	3.2575	3.4521	0.1	1.542e-002
870	3.4983	3.8274	0.1	1.7467e-002
871	2.8916	3.4766	0.1	1.2045e-002
872	3.3872	4.2019	0.1	1.5757e-002
873	3.211	5.344	0.1	1.2317e-002
874	2.7485	5.594	0.1	8.7884e-003
875	4.3772	0.57045	0.1	2.6887e-002
876	4.9364	0.32045	0.1	3.6075e-002
877	3.0534	1.6311	0.1	1.2756e-002
878	3.2266	0.57223	0.1	1.2518e-002
879	2.7641	0.32223	0.1	8.9299e-003
880	4.375	4.4859	0.1	2.7992e-002
881	2.9636	3.1494	0.1	1.2768e-002
882	3.1031	2.8473	0.1	1.4058e-002
883	3.9358	3.6477	0.1	2.2936e-002
884	3.5987	2.3226	0.1	1.8894e-002
885	3.8667	5.25	0.1	1.8256e-002
886	3.8667	5.75	0.1	1.7153e-002
887	3.8667	5.5	5.e-002	1.7675e-002
888	3.8667	4.75	0.1	1.9465e-002
889	3.8667	5.	5.e-002	1.8821e-002
890	3.8667	4.25	0.1	2.0713e-002
891	3.8667	4.5	5.e-002	2.0053e-002
892	3.7833	4.	0.1	2.026e-002
893	3.8667	4.	5.e-002	2.1329e-002
894	3.7	4.25	0.1	1.8602e-002
895	3.7	4.	5.e-002	1.9262e-002
896	3.7	4.75	0.1	1.7296e-002
897	3.7	4.5	5.e-002	1.7922e-002
898	3.7	5.25	0.1	1.6124e-002
899	3.7	5.	5.e-002	1.6689e-002
900	3.7	5.75	0.1	1.5057e-002
901	3.7	5.5	5.e-002	1.5579e-002
902	3.8667	0.75	0.1	1.8783e-002
903	3.8667	0.25	0.1	1.7801e-002
904	3.8667	0.5	5.e-002	1.8267e-002
905	3.8667	1.25	0.1	1.9845e-002
906	3.8667	1.	5.e-002	1.9276e-002
907	3.8667	1.75	0.1	2.1062e-002
908	3.8667	1.5	5.e-002	2.0417e-002
909	3.7833	2.	0.1	2.0511e-002
910	3.8667	2.	5.e-002	2.1546e-002
911	3.7	1.75	0.1	1.8904e-002
912	3.7	2.	5.e-002	1.9474e-002
913	3.7	1.25	0.1	1.7696e-002
914	3.7	1.5	5.e-002	1.8273e-002
915	3.7	0.75	0.1	1.6448e-002
916	3.7	1.	5.e-002	1.7035e-002
917	3.7	0.25	0.1	1.5353e-002
918	3.7	0.5	5.e-002	1.5879e-002
919	4.4259	6.	0.1	2.6065e-002
920	3.8667	6.	5.e-002	1.6586e-002
921	5.5444	6.	0.1	4.5933e-002
922	4.9852	6.	5.e-002	3.581e-002
923	6.663	6.	0.1	6.7503e-002
924	6.1037	6.	5.e-002	5.6473e-002
925	7.7815	6.	0.1	9.1093e-002
926	7.2222	6.	5.e-002	7.9039e-002
927	8.9	6.	0.1	0.1166
928	8.3407	6.	5.e-002	0.10361
929	10.019	6.	0.1	0.14379
930	9.4593	6.	5.e-002	0.12999
931	11.137	6.	0.1	0.17244
932	10.578	6.	5.e-002	0.15794
933	12.256	6.	0.1	0.2023
934	11.696	6.	5.e-002	0.18723
935	13.374	6.	0.1	0.23318
936	12.815	6.	5.e-002	0.21762
937	14.493	6.	0.1	0.26489
938	13.933	6.	5.e-002	0.24894
939	15.611	6.	0.1	0.29725
940	15.052	6.	5.e-002	0.28099
941	16.73	6.	0.1	0.33013
942	16.17	6.	5.e-002	0.31363
943	17.848	6.	0.1	0.3634
944	17.289	6.	5.e-002	0.34672
945	18.967	6.	0.1	0.39693
946	18.407	6.	5.e-002	0.38013
947	20.085	6.	0.1	0.43065
948	19.526	6.	5.e-002	0.41377
949	21.204	6.	0.1	0.46448
950	20.644	6.	5.e-002	0.44756
951	22.322	6.	0.1	0.49837
952	21.763	6.	5.e-002	0.48142
953	23.441	6.	0.1	0.53227
954	22.881	6.	5.e-002	0.51531
955	24.	5.4	0.1	0.54932
956	24.	6.	5.e-002	0.54922
957	24.	4.2	0.1	0.54951
958	24.	4.8	5.e-002	0.54942
959	24.	3.	0.1	0.54967
960	24.	3.6	5.e-002	0.54959
961	24.	1.8	0.1	0.5498
962	24.	2.4	5.e-002	0.54974
963	24.	0.6	0.1	0.5499
964	24.	1.2	5.e-002	0.54985
965	1.5735e-014	1.8	0.1	0.
966	5.2451e-015	0.6	0.1	0.
967	1.0632e-014	1.2	5.e-002	0.
968	2.6226e-014	3.	0.1	0.
969	2.1264e-014	2.4	5.e-002	0.
970	3.6716e-014	4.2	0.1	0.
971	3.1897e-014	3.6	5.e-002	0.
972	4.7206e-014	5.4	0.1	0.
973	4.2529e-014	4.8	5.e-002	0.
974	23.441	0.	0.1	0.53299
975	24.	0.	5.e-002	0.54994
976	22.322	0.	0.1	0.49909
977	22.881	0.	5.e-002	0.51604
978	21.204	0.	0.1	0.46521
979	21.763	0.	5.e-002	0.48215
980	20.085	0.	0.1	0.43138
981	20.644	0.	5.e-002	0.44828
982	18.967	0.	0.1	0.39766
983	19.526	0.	5.e-002	0.4145
984	17.848	0.	0.1	0.36412
985	18.407	0.	5.e-002	0.38086
986	16.73	0.	0.1	0.33086
987	17.289	0.	5.e-002	0.34745
988	15.611	0.	0.1	0.29798
989	16.17	0.	5.e-002	0.31436
990	14.493	0.	0.1	0.26561
991	15.052	0.	5.e-002	0.28172
992	13.374	0.	0.1	0.2339
993	13.933	0.	5.e-002	0.24966
994	12.256	0.	0.1	0.20302
995	12.815	0.	5.e-002	0.21834
996	11.137	0.	0.1	0.17315
997	11.696	0.	5.e-002	0.18795
998	10.019	0.	0.1	0.1445
999	10.578	0.	5.e-002	0.15866
1000	8.9	0.	0.1	0.11729
1001	9.4593	0.	5.e-002	0.1307
1002	7.7815	0.	0.1	9.1767e-002
1003	8.3407	0.	5.e-002	0.1043
1004	6.663	0.	0.1	6.8121e-002
1005	7.2222	0.	5.e-002	7.9689e-002
1006	5.5444	0.	0.1	4.6497e-002
1007	6.1037	0.	5.e-002	5.7048e-002
1008	4.4259	0.	0.1	2.6747e-002
1009	4.9852	0.	5.e-002	3.6421e-002
1010	3.8667	0.	5.e-002	1.7303e-002
1011	3.2375	-5.8384e-031	0.1	1.1541e-002
1012	3.7	-6.6725e-031	5.e-002	1.4832e-002
1013	2.3125	-4.1703e-031	0.1	5.7436e-003
1014	2.775	0.	5.e-002	8.4604e-003
1015	1.3875	-2.5022e-031	0.1	1.8418e-003
1016	1.85	0.	5.e-002	3.5087e-003
1017	0.4625	-8.3406e-032	0.1	1.6598e-004
1018	0.925	0.	5.e-002	7.3524e-004
1019	0.	0.	5.e-002	0.
1020	0.4625	6.	0.1	1.6335e-004
1021	5.2451e-014	6.	5.e-002	0.
1022	1.3875	6.	0.1	1.821e-003
1023	0.925	6.	5.e-002	7.2999e-004
1024	2.3125	6.	0.1	5.6475e-003
1025	1.85	6.	5.e-002	3.4575e-003
1026	3.2375	6.	0.1	1.1281e-002
1027	2.775	6.	5.e-002	8.2786e-003
1028	3.7	6.	5.e-002	1.4539e-002
1029	2.3125	6.	0.	5.6475e-003
1030	3.2375	6.	0.	1.1281e-002
1031	1.3875	6.	0.	1.821e-003
1032	0.4625	6.	0.	1.6335e-004
1033	3.7	5.75	0.	1.5057e-002
1034	4.7206e-014	5.4	0.	0.
1035	1.3875	-2.5022e-031	0.	1.8418e-003
1036	0.4625	-8.3406e-032	0.	1.6598e-004
1037	2.3125	-4.1703e-031	0.	5.7436e-003
1038	3.2375	-5.8384e-031	0.	1.1541e-002
1039	3.7	0.25	0.	1.5353e-002
1040	5.2451e-015	0.6	0.	0.
1041	5.5444	0.	0.	4.6497e-002
1042	4.4259	0.	0.	2.6747e-002
1043	6.663	0.	0.	6.8121e-002
1044	7.7815	0.	0.	9.1767e-002
1045	8.9	0.	0.	0.11729
1046	10.019	0.	0.	0.1445
1047	11.137	0.	0.	0.17315
1048	12.256	0.	0.	0.20302
1049	13.374	0.	0.	0.2339
1050	14.493	0.	0.	0.26561
1051	15.611	0.	0.	0.29798
1052	16.73	0.	0.	0.33086
1053	17.848	0.	0.	0.36412
1054	18.967	0.	0.	0.39766
1055	20.085	0.	0.	0.43138
1056	21.204	0.	0.	0.46521
1057	22.322	0.	0.	0.49909
1058	23.441	0.	0.	0.53299
1059	3.8667	0.25	0.	1.7801e-002
1060	24.	0.6	0.	0.5499
1061	3.6716e-014	4.2	0.	0.
1062	2.6226e-014	3.	0.	0.
1063	1.5735e-014	1.8	0.	0.
1064	24.	1.8	0.	0.5498
1065	24.	3.	0.	0.54967
1066	24.	4.2	0.	0.54951
1067	24.	5.4	0.	0.54932
1068	23.441	6.	0.	0.53227
1069	22.322	6.	0.	0.49837
1070	21.204	6.	0.	0.46448
1071	20.085	6.	0.	0.43065
1072	18.967	6.	0.	0.39693
1073	17.848	6.	0.	0.3634
1074	16.73	6.	0.	0.33013
1075	15.611	6.	0.	0.29725
1076	14.493	6.	0.	0.26489
1077	13.374	6.	0.	0.23318
1078	12.256	6.	0.	0.2023
1079	11.137	6.	0.	0.17244
1080	10.019	6.	0.	0.14379
1081	8.9	6.	0.	0.1166
1082	7.7815	6.	0.	9.1093e-002
1083	6.663	6.	0.	6.7503e-002
1084	5.5444	6.	0.	4.5933e-002
1085	4.4259	6.	0.	2.6065e-002
1086	3.8667	5.75	0.	1.7153e-002
1087	3.7	1.25	0.	1.7696e-002
1088	3.7	1.75	0.	1.8904e-002
1089	3.7	0.75	0.	1.6448e-002
1090	3.7833	2.	0.	2.0511e-002
1091	3.8667	0.75	0.	1.8783e-002
1092	3.8667	1.25	0.	1.9845e-002
1093	3.8667	1.75	0.	2.1062e-002
1094	3.7	4.75	0.	1.7296e-002
1095	3.7	4.25	0.	1.8602e-002
1096	3.7	5.25	0.	1.6124e-002
1097	3.7833	4.	0.	2.026e-002
1098	3.8667	5.25	0.	1.8256e-002
1099	3.8667	4.75	0.	1.9465e-002
1100	3.8667	4.25	0.	2.0713e-002
