Node Number	X Location (in)	Y Location (in)	Z Location (in)	Minimum Principal Stress (psi)
1	3.1877	2.947	0.	-2133.7
2	4.1662	3.2474	0.	-1140.1
3	3.5963	3.3267	0.	-1802.8
4	2.2574	0.72177	0.	-1158.9
5	2.2342	1.719	0.	-1311.9
6	5.1633	1.4002	0.	-899.65
7	2.1386	5.2316	0.	-1129.3
8	2.608	3.9813	0.	-1658.4
9	4.6811	4.6865	0.	-1048.3
10	4.2373	5.0491	0.	-715.56
11	2.2761	3.2767	0.	-1852.4
12	4.4195	5.4611	0.	-701.32
13	5.16	2.5308	0.	-1270.9
14	1.2729	3.8576	0.	-1362.7
15	1.1778	1.2391	0.	-1198.
16	1.0493	4.9504	0.	-1205.7
17	5.5465	0.79436	0.	-816.85
18	6.7137	1.1611	0.	-854.82
19	7.9074	1.1934	0.	-766.07
20	9.1098	1.2097	0.	-653.21
21	10.296	1.1989	0.	-554.39
22	11.457	1.1791	0.	-464.82
23	12.604	1.1787	0.	-384.19
24	13.742	1.2122	0.	-311.85
25	14.885	1.1921	0.	-247.13
26	16.029	1.1858	0.	-190.24
27	17.166	1.1815	0.	-140.72
28	18.303	1.1811	0.	-98.965
29	19.441	1.1824	0.	-64.756
30	20.579	1.1917	0.	-37.951
31	21.718	1.1929	0.	-18.619
32	22.858	1.1956	0.	-6.6319
33	22.85	2.3941	0.	-7.2048
34	22.847	3.6004	0.	-7.2442
35	22.852	4.808	0.	-6.6993
36	21.71	4.7973	0.	-18.787
37	20.566	4.7944	0.	-38.234
38	19.43	4.7915	0.	-65.043
39	18.291	4.7893	0.	-99.469
40	17.156	4.7888	0.	-141.21
41	16.022	4.7918	0.	-190.27
42	14.882	4.8053	0.	-247.15
43	13.748	4.8302	0.	-311.66
44	12.594	4.815	0.	-384.64
45	11.439	4.8065	0.	-465.61
46	10.272	4.7953	0.	-554.94
47	9.0765	4.7882	0.	-656.16
48	7.8317	4.7698	0.	-765.79
49	6.4179	4.7677	0.	-879.4
50	5.4897	5.2538	0.	-892.54
51	6.5448	3.4686	0.	-916.89
52	6.3063	2.1538	0.	-930.02
53	7.7744	2.3673	0.	-778.75
54	9.0358	2.401	0.	-654.5
55	10.262	2.402	0.	-554.14
56	11.431	2.4037	0.	-464.9
57	12.579	2.4118	0.	-384.71
58	13.723	2.4141	0.	-312.4
59	14.862	2.4016	0.	-247.89
60	16.02	2.3832	0.	-190.33
61	17.155	2.3863	0.	-141.
62	18.29	2.3871	0.	-99.297
63	19.426	2.3897	0.	-65.092
64	20.563	2.3929	0.	-38.433
65	21.704	2.3913	0.	-19.197
66	21.705	3.5987	0.	-19.201
67	20.554	3.5905	0.	-38.648
68	19.417	3.5815	0.	-65.412
69	18.287	3.5888	0.	-99.432
70	17.152	3.5876	0.	-141.14
71	16.01	3.579	0.	-190.75
72	14.863	3.6044	0.	-247.66
73	13.724	3.6157	0.	-312.53
74	12.58	3.6147	0.	-384.52
75	11.42	3.6059	0.	-465.55
76	10.243	3.601	0.	-555.58
77	9.0142	3.5857	0.	-659.32
78	7.7453	3.5437	0.	-774.88
79	5.1119	4.1208	0.	-1186.7
80	2.5362	1.1427	0.	-904.48
81	2.1508	2.4613	0.	-1641.9
82	1.0602	2.5008	0.	-1441.4
83	3.0475	3.6292	0.	-2035.8
84	3.7579	0.97362	0.	-981.1
85	5.3232	3.3915	0.	-1240.2
86	3.9813	2.6088	0.	-1471.1
87	4.5326	1.8216	0.	-1333.3
88	4.1326	0.47551	0.	-671.82
89	3.7098	1.3342	0.	-1521.7
90	2.3232	4.5798	0.	-1346.2
91	2.3232	4.5798	0.1	-9.955
92	3.7098	1.3342	0.1	-447.62
93	4.1326	0.47551	0.1	-76.659
94	4.5326	1.8216	0.1	23.78
95	3.9813	2.6088	0.1	-256.07
96	5.3232	3.3915	0.1	6.4936
97	3.7579	0.97362	0.1	-105.07
98	3.0475	3.6292	0.1	-474.56
99	1.0602	2.5008	0.1	-334.47
100	2.1508	2.4613	0.1	189.78
101	2.5362	1.1427	0.1	-30.244
102	5.1119	4.1208	0.1	23.29
103	7.7453	3.5437	0.1	-6.8611
104	9.0142	3.5857	0.1	3.4432
105	10.243	3.601	0.1	-0.27767
106	11.42	3.6059	0.1	-0.68766
107	12.58	3.6147	0.1	-4.8987
108	13.724	3.6157	0.1	-7.1855
109	14.863	3.6044	0.1	-8.5955
110	16.01	3.579	0.1	-9.4667
111	17.152	3.5876	0.1	-9.9765
112	18.287	3.5888	0.1	-10.341
113	19.417	3.5815	0.1	-10.499
114	20.554	3.5905	0.1	-10.604
115	21.705	3.5987	0.1	-10.691
116	21.704	2.3913	0.1	-10.7
117	20.563	2.3929	0.1	-10.654
118	19.426	2.3897	0.1	-10.581
119	18.29	2.3871	0.1	-10.344
120	17.155	2.3863	0.1	-10.049
121	16.02	2.3832	0.1	-9.4241
122	14.862	2.4016	0.1	-8.6816
123	13.723	2.4141	0.1	-7.155
124	12.579	2.4118	0.1	-4.9659
125	11.431	2.4037	0.1	-0.94284
126	10.262	2.402	0.1	0.30689
127	9.0358	2.401	0.1	1.9708
128	7.7744	2.3673	0.1	2.1754
129	6.3063	2.1538	0.1	-12.743
130	6.5448	3.4686	0.1	32.812
131	5.4897	5.2538	0.1	-12.674
132	6.4179	4.7677	0.1	17.552
133	7.8317	4.7698	0.1	-7.7623
134	9.0765	4.7882	0.1	3.4848
135	10.272	4.7953	0.1	0.21499
136	11.439	4.8065	0.1	-1.9164
137	12.594	4.815	0.1	-4.9741
138	13.748	4.8302	0.1	-6.5407
139	14.882	4.8053	0.1	-7.7179
140	16.022	4.7918	0.1	-8.192
141	17.156	4.7888	0.1	-8.4705
142	18.291	4.7893	0.1	-8.6036
143	19.43	4.7915	0.1	-8.6496
144	20.566	4.7944	0.1	-8.5799
145	21.71	4.7973	0.1	-8.2658
146	22.852	4.808	0.1	-7.6107
147	22.847	3.6004	0.1	-10.698
148	22.85	2.3941	0.1	-10.688
149	22.858	1.1956	0.1	-7.6644
150	21.718	1.1929	0.1	-8.2999
151	20.579	1.1917	0.1	-8.6395
152	19.441	1.1824	0.1	-8.717
153	18.303	1.1811	0.1	-8.7327
154	17.166	1.1815	0.1	-8.5297
155	16.029	1.1858	0.1	-8.2076
156	14.885	1.1921	0.1	-7.7369
157	13.742	1.2122	0.1	-6.8691
158	12.604	1.1787	0.1	-4.8882
159	11.457	1.1791	0.1	-2.2732
160	10.296	1.1989	0.1	0.72921
161	9.1098	1.2097	0.1	0.73712
162	7.9074	1.1934	0.1	5.405
163	6.7137	1.1611	0.1	-21.983
164	5.5465	0.79436	0.1	-93.42
165	1.0493	4.9504	0.1	-319.09
166	1.1778	1.2391	0.1	-281.85
167	1.2729	3.8576	0.1	-285.55
168	5.16	2.5308	0.1	-7.009
169	4.4195	5.4611	0.1	-117.79
170	2.2761	3.2767	0.1	21.167
171	4.2373	5.0491	0.1	-94.056
172	4.6811	4.6865	0.1	-145.07
173	2.608	3.9813	0.1	-59.443
174	2.1386	5.2316	0.1	-1.8905
175	5.1633	1.4002	0.1	-72.618
176	2.2342	1.719	0.1	-94.2
177	2.2574	0.72177	0.1	-86.289
178	3.5963	3.3267	0.1	-648.65
179	4.1662	3.2474	0.1	-451.72
180	3.1877	2.947	0.1	-266.5
181	3.5267	5.5	0.1	104.01
182	3.5267	5.	0.1	-454.27
183	3.5267	4.5	0.1	-481.86
184	3.5267	4.	0.1	442.43
185	3.36	4.	0.1	122.49
186	3.36	4.5	0.1	-98.998
187	3.36	5.	0.1	129.7
188	3.36	5.5	0.1	55.364
189	3.5267	0.5	0.1	32.945
190	3.5267	1.	0.1	-94.8
191	3.5267	1.5	0.1	-1699.1
192	3.5267	2.	0.1	110.86
193	3.36	2.	0.1	491.94
194	3.36	1.5	0.1	-252.61
195	3.36	1.	0.1	-184.36
196	3.36	0.5	0.1	129.75
197	3.5267	6.	0.1	53.527
198	4.6641	6.	0.1	12.033
199	5.8015	6.	0.1	-48.147
200	6.9389	6.	0.1	-49.615
201	8.0763	6.	0.1	-3.4691
202	9.2137	6.	0.1	-3.9515
203	10.351	6.	0.1	-6.8854
204	11.489	6.	0.1	-8.1447
205	12.626	6.	0.1	-8.8095
206	13.763	6.	0.1	-9.3289
207	14.901	6.	0.1	-10.181
208	16.038	6.	0.1	-10.704
209	17.176	6.	0.1	-11.048
210	18.313	6.	0.1	-11.073
211	19.45	6.	0.1	-10.757
212	20.588	6.	0.1	-10.376
213	21.725	6.	0.1	-9.382
214	22.863	6.	0.1	-7.6346
215	24.	6.	0.1	-5.1059
216	24.	4.8	0.1	-6.7995
217	24.	3.6	0.1	-10.078
218	24.	2.4	0.1	-10.112
219	24.	1.2	0.1	-6.7856
220	1.049e-014	1.2	0.1	981.85
221	2.0981e-014	2.4	0.1	1036.
222	3.1471e-014	3.6	0.1	998.97
223	4.1961e-014	4.8	0.1	950.18
224	24.	0.	0.1	-5.1193
225	22.863	0.	0.1	-7.6266
226	21.725	0.	0.1	-9.3207
227	20.588	0.	0.1	-10.154
228	19.45	0.	0.1	-10.511
229	18.313	0.	0.1	-10.653
230	17.176	0.	0.1	-10.649
231	16.038	0.	0.1	-10.437
232	14.901	0.	0.1	-10.377
233	13.763	0.	0.1	-9.4885
234	12.626	0.	0.1	-8.1129
235	11.489	0.	0.1	-6.8899
236	10.351	0.	0.1	-3.4146
237	9.2137	0.	0.1	-1.9794
238	8.0763	0.	0.1	3.1529
239	6.9389	0.	0.1	-16.246
240	5.8015	0.	0.1	-96.206
241	4.6641	0.	0.1	41.101
242	3.5267	0.	0.1	-45.494
243	3.36	0.	0.1	37.027
244	2.24	1.0919e-030	0.1	-56.553
245	1.12	5.4593e-031	0.1	-229.4
246	0.	0.	0.1	606.83
247	3.937e-014	6.	0.1	546.57
248	1.12	6.	0.1	-221.97
249	2.24	6.	0.1	-49.393
250	3.36	6.	0.1	90.055
251	2.24	6.	0.	-1033.5
252	1.12	6.	0.	-1196.3
253	3.36	6.	0.	-782.18
254	3.937e-014	6.	0.	-1300.2
255	1.12	5.4593e-031	0.	-1151.8
256	2.24	1.0919e-030	0.	-1030.7
257	3.36	0.	0.	-774.68
258	0.	0.	0.	-1426.9
259	4.6641	0.	0.	-708.9
260	5.8015	0.	0.	-792.47
261	6.9389	0.	0.	-829.61
262	8.0763	0.	0.	-753.24
263	9.2137	0.	0.	-652.43
264	10.351	0.	0.	-554.01
265	11.489	0.	0.	-464.25
266	12.626	0.	0.	-383.27
267	13.763	0.	0.	-310.07
268	14.901	0.	0.	-245.88
269	16.038	0.	0.	-188.66
270	17.176	0.	0.	-139.18
271	18.313	0.	0.	-97.347
272	19.45	0.	0.	-63.018
273	20.588	0.	0.	-36.058
274	21.725	0.	0.	-16.545
275	22.863	0.	0.	-4.2519
276	3.5267	0.	0.	-548.76
277	24.	0.	0.	0.28281
278	4.1961e-014	4.8	0.	-1934.1
279	3.1471e-014	3.6	0.	-2025.7
280	2.0981e-014	2.4	0.	-2117.5
281	1.049e-014	1.2	0.	-1993.2
282	24.	1.2	0.	-2.2077
283	24.	2.4	0.	-3.1474
284	24.	3.6	0.	-3.1589
285	24.	4.8	0.	-2.2177
286	24.	6.	0.	0.28878
287	22.863	6.	0.	-4.2959
288	21.725	6.	0.	-16.471
289	20.588	6.	0.	-36.035
290	19.45	6.	0.	-62.928
291	18.313	6.	0.	-97.171
292	17.176	6.	0.	-139.09
293	16.038	6.	0.	-188.37
294	14.901	6.	0.	-245.23
295	13.763	6.	0.	-310.58
296	12.626	6.	0.	-382.7
297	11.489	6.	0.	-462.9
298	10.351	6.	0.	-550.48
299	9.2137	6.	0.	-649.2
300	8.0763	6.	0.	-741.38
301	6.9389	6.	0.	-810.79
302	5.8015	6.	0.	-824.4
303	4.6641	6.	0.	-682.99
304	3.5267	6.	0.	-511.47
305	3.36	1.5	0.	-2145.7
306	3.36	1.	0.	-1645.8
307	3.36	0.5	0.	-844.59
308	3.36	2.	0.	-4273.8
309	3.5267	0.5	0.	-574.89
310	3.5267	1.	0.	-589.58
311	3.5267	1.5	0.	-1075.6
312	3.5267	2.	0.	-3472.5
313	3.36	4.5	0.	-2300.2
314	3.36	5.	0.	-1359.8
315	3.36	5.5	0.	-930.18
316	3.36	4.	0.	-5699.3
317	3.5267	5.5	0.	-553.66
318	3.5267	5.	0.	-1179.1
319	3.5267	4.5	0.	-1227.9
320	3.5267	4.	0.	-3314.3
321	3.392	3.1368	0.	-1968.3
322	2.7319	3.1118	0.	-1980.7
323	3.1176	3.2881	0.	-2021.3
324	3.5845	2.7779	0.	-1786.9
325	3.1877	2.947	5.e-002	-46.558
326	3.2739	2.4735	0.	-3184.4
327	3.8812	3.287	0.	-1470.8
328	4.7447	3.3194	0.	-1189.8
329	4.0737	2.9281	0.	-1296.7
330	4.1662	3.2474	5.e-002	-8.2362
331	3.8464	3.6237	0.	-2164.7
332	3.5963	3.3267	5.e-002	-47.019
333	3.4781	3.6633	0.	-3722.7
334	1.7176	0.98041	0.	-1172.1
335	2.3968	0.93225	0.	-1027.3
336	2.2574	0.72177	5.e-002	-76.771
337	2.2487	0.36088	0.	-1093.5
338	2.8087	0.61088	0.	-975.63
339	1.706	1.479	0.	-1254.7
340	2.3852	1.4309	0.	-1090.8
341	2.1925	2.0901	0.	-1476.4
342	2.2342	1.719	5.e-002	-104.46
343	2.7971	1.6095	0.	-1662.
344	5.3549	1.0973	0.	-858.17
345	5.7348	1.777	0.	-912.98
346	4.4606	1.1869	0.	-892.92
347	4.8479	1.6109	0.	-1104.
348	5.1633	1.4002	5.e-002	-12.917
349	1.594	5.091	0.	-1165.
350	2.2309	4.9057	0.	-1237.5
351	2.1386	5.2316	5.e-002	-27.162
352	2.1893	5.6158	0.	-1080.8
353	2.7493	5.3658	0.	-1014.7
354	2.4421	3.629	0.	-1746.2
355	2.8277	3.8052	0.	-1845.4
356	2.4656	4.2805	0.	-1501.4
357	2.608	3.9813	5.e-002	-47.927
358	2.984	4.2406	0.	-1908.
359	4.4592	4.8678	0.	-877.48
360	5.0854	4.9702	0.	-968.9
361	4.8965	4.4037	0.	-1116.1
362	4.6811	4.6865	5.e-002	-88.792
363	4.1039	4.5933	0.	-1078.5
364	4.3284	5.2551	0.	-708.01
365	4.2373	5.0491	5.e-002	-3.3993
366	3.882	5.0245	0.	-889.79
367	1.7745	3.5671	0.	-1607.1
368	2.2134	2.869	0.	-1731.8
369	2.2761	3.2767	5.e-002	-68.685
370	4.9546	5.3574	0.	-785.88
371	4.4195	5.4611	5.e-002	-38.567
372	4.5418	5.7305	0.	-687.28
373	3.9731	5.4805	0.	-614.03
374	5.7331	2.3423	0.	-1100.3
375	5.2416	2.9612	0.	-1253.6
376	4.5706	2.5698	0.	-1368.6
377	4.8463	2.1762	0.	-1278.5
378	5.16	2.5308	5.e-002	-37.782
379	1.1611	4.404	0.	-1281.4
380	1.1665	3.1792	0.	-1400.3
381	1.798	4.2187	0.	-1339.5
382	1.2729	3.8576	5.e-002	-20.602
383	0.63645	3.7288	0.	-1692.9
384	1.119	1.8699	0.	-1314.
385	1.1778	1.2391	5.e-002	-46.515
386	1.1489	0.61953	0.	-1171.
387	0.58892	1.2195	0.	-1589.6
388	1.0493	4.9504	5.e-002	-27.309
389	1.0847	5.4752	0.	-1197.4
390	0.52467	4.8752	0.	-1561.3
391	6.1301	0.97774	0.	-834.94
392	4.8395	0.63493	0.	-732.55
393	5.5465	0.79436	5.e-002	-13.718
394	5.674	0.39718	0.	-804.4
395	7.3106	1.1773	0.	-810.43
396	6.51	1.6574	0.	-892.4
397	6.7137	1.1611	5.e-002	-5.6314
398	6.8263	0.58056	0.	-842.15
399	8.5086	1.2015	0.	-709.57
400	7.8409	1.7804	0.	-772.4
401	7.9074	1.1934	5.e-002	-5.1331
402	7.9919	0.5967	0.	-759.49
403	9.7028	1.2043	0.	-603.77
404	9.0728	1.8053	0.	-653.76
405	9.1098	1.2097	5.e-002	-3.3188
406	9.1617	0.60483	0.	-652.62
407	10.876	1.189	0.	-509.59
408	10.279	1.8005	0.	-554.11
409	10.296	1.1989	5.e-002	-4.132
410	10.323	0.59945	0.	-554.01
411	12.03	1.1789	0.	-424.49
412	11.444	1.7914	0.	-464.67
413	11.457	1.1791	5.e-002	-3.5282
414	11.473	0.58953	0.	-464.32
415	13.173	1.1954	0.	-348.01
416	12.591	1.7953	0.	-384.23
417	12.604	1.1787	5.e-002	-3.2779
418	12.615	0.58937	0.	-383.5
419	14.313	1.2022	0.	-279.48
420	13.732	1.8131	0.	-311.89
421	13.742	1.2122	5.e-002	-2.9851
422	13.753	0.60608	0.	-310.75
423	15.457	1.189	0.	-218.67
424	14.873	1.7969	0.	-247.27
425	14.885	1.1921	5.e-002	-2.6527
426	14.893	0.59607	0.	-246.27
427	16.598	1.1836	0.	-165.47
428	16.024	1.7845	0.	-190.05
429	16.029	1.1858	5.e-002	-2.3529
430	16.034	0.59292	0.	-189.22
431	17.735	1.1813	0.	-119.83
432	17.161	1.7839	0.	-140.62
433	17.166	1.1815	5.e-002	-2.0035
434	17.171	0.59073	0.	-139.72
435	18.872	1.1818	0.	-81.846
436	18.297	1.7841	0.	-98.889
437	18.303	1.1811	5.e-002	-1.6494
438	18.308	0.59057	0.	-97.923
439	20.01	1.187	0.	-51.339
440	19.433	1.786	0.	-64.692
441	19.441	1.1824	5.e-002	-1.3362
442	19.446	0.59118	0.	-63.65
443	21.149	1.1923	0.	-28.275
444	20.571	1.7923	0.	-37.972
445	20.579	1.1917	5.e-002	-1.0165
446	20.584	0.59586	0.	-36.766
447	22.288	1.1942	0.	-12.624
448	21.711	1.7921	0.	-18.72
449	21.718	1.1929	5.e-002	-0.69428
450	21.722	0.59643	0.	-17.338
451	22.854	1.7948	0.	-6.8039
452	22.858	1.1956	5.e-002	-0.45142
453	22.86	0.5978	0.	-5.2173
454	23.429	1.1978	0.	-4.3747
455	22.849	2.9972	0.	-7.1559
456	22.277	2.3927	0.	-13.199
457	22.85	2.3941	5.e-002	-0.43215
458	23.425	2.397	0.	-5.1648
459	22.85	4.2042	0.	-6.8566
460	22.276	3.5995	0.	-13.22
461	22.847	3.6004	5.e-002	-0.43752
462	23.423	3.6002	0.	-5.1904
463	22.281	4.8026	0.	-12.742
464	22.852	4.808	5.e-002	-0.45764
465	23.426	4.804	0.	-4.4145
466	22.857	5.404	0.	-5.2738
467	21.138	4.7959	0.	-28.5
468	21.708	4.198	0.	-18.807
469	21.71	4.7973	5.e-002	-0.70659
470	21.718	5.3987	0.	-17.384
471	19.998	4.793	0.	-51.623
472	20.56	4.1925	0.	-38.222
473	20.566	4.7944	5.e-002	-1.0273
474	20.577	5.3972	0.	-36.888
475	18.861	4.7904	0.	-82.243
476	19.424	4.1865	0.	-64.998
477	19.43	4.7915	5.e-002	-1.3382
478	19.44	5.3958	0.	-63.741
479	17.723	4.7891	0.	-120.32
480	18.289	4.1891	0.	-99.21
481	18.291	4.7893	5.e-002	-1.6825
482	18.302	5.3946	0.	-98.077
483	16.589	4.7903	0.	-165.72
484	17.154	4.1882	0.	-140.93
485	17.156	4.7888	5.e-002	-1.9893
486	17.166	5.3944	0.	-139.9
487	15.452	4.7985	0.	-218.7
488	16.016	4.1854	0.	-190.27
489	16.022	4.7918	5.e-002	-2.2882
490	16.03	5.3959	0.	-189.09
491	14.315	4.8177	0.	-279.4
492	14.873	4.2049	0.	-247.16
493	14.882	4.8053	5.e-002	-2.6551
494	14.891	5.4027	0.	-245.97
495	13.171	4.8226	0.	-348.14
496	13.736	4.2229	0.	-311.88
497	13.748	4.8302	5.e-002	-2.9609
498	13.756	5.4151	0.	-310.89
499	12.016	4.8108	0.	-425.11
500	12.587	4.2149	0.	-384.38
501	12.594	4.815	5.e-002	-3.3255
502	12.61	5.4075	0.	-383.46
503	10.855	4.8009	0.	-510.26
504	11.429	4.2062	0.	-465.41
505	11.439	4.8065	5.e-002	-3.5861
506	11.464	5.4032	0.	-464.03
507	9.6741	4.7918	0.	-605.53
508	10.257	4.1982	0.	-555.12
509	10.272	4.7953	5.e-002	-4.1516
510	10.311	5.3977	0.	-552.49
511	8.4541	4.779	0.	-710.95
512	9.0454	4.187	0.	-657.61
513	9.0765	4.7882	5.e-002	-4.0859
514	9.1451	5.3941	0.	-652.52
515	7.1248	4.7687	0.	-822.58
516	7.7885	4.1567	0.	-770.22
517	7.8317	4.7698	5.e-002	-3.5549
518	7.954	5.3849	0.	-753.53
519	5.9538	5.0107	0.	-885.62
520	6.4814	4.1181	0.	-897.9
521	5.7649	4.4442	0.	-1032.6
522	6.4179	4.7677	5.e-002	-8.4531
523	6.6784	5.3838	0.	-844.74
524	5.4897	5.2538	5.e-002	-18.32
525	5.6456	5.6269	0.	-858.36
526	6.4255	2.8112	0.	-923.41
527	7.145	3.5062	0.	-845.86
528	5.934	3.4301	0.	-1078.
529	6.5448	3.4686	5.e-002	-14.327
530	7.0404	2.2605	0.	-854.37
531	6.3063	2.1538	5.e-002	-14.326
532	8.4051	2.3842	0.	-716.62
533	7.7598	2.9555	0.	-776.81
534	7.7744	2.3673	5.e-002	-4.2256
535	9.6491	2.4015	0.	-604.32
536	9.025	2.9933	0.	-656.85
537	9.0358	2.401	5.e-002	-2.8027
538	10.847	2.4029	0.	-509.52
539	10.253	3.0015	0.	-554.75
540	10.262	2.402	5.e-002	-4.175
541	12.005	2.4078	0.	-424.8
542	11.426	3.0048	0.	-465.06
543	11.431	2.4037	5.e-002	-3.4055
544	13.151	2.4129	0.	-348.55
545	12.579	3.0132	0.	-384.42
546	12.579	2.4118	5.e-002	-3.2961
547	14.292	2.4078	0.	-280.14
548	13.724	3.0149	0.	-312.26
549	13.723	2.4141	5.e-002	-3.0267
550	15.441	2.3924	0.	-219.11
551	14.862	3.003	0.	-247.56
552	14.862	2.4016	5.e-002	-2.715
553	16.587	2.3847	0.	-165.67
554	16.015	2.9811	0.	-190.31
555	16.02	2.3832	5.e-002	-2.3508
556	17.723	2.3867	0.	-120.15
557	17.153	2.987	0.	-140.85
558	17.155	2.3863	5.e-002	-2.0323
559	18.858	2.3884	0.	-82.193
560	18.289	2.988	0.	-99.15
561	18.29	2.3871	5.e-002	-1.6587
562	19.995	2.3913	0.	-51.762
563	19.422	2.9856	0.	-65.046
564	19.426	2.3897	5.e-002	-1.358
565	21.134	2.3921	0.	-28.814
566	20.558	2.9917	0.	-38.364
567	20.563	2.3929	5.e-002	-1.0342
568	21.705	2.995	0.	-19.068
569	21.704	2.3913	5.e-002	-0.70097
570	21.129	3.5946	0.	-28.924
571	21.705	3.5987	5.e-002	-0.69694
572	19.985	3.586	0.	-52.029
573	20.554	3.5905	5.e-002	-1.0249
574	18.852	3.5852	0.	-82.42
575	19.417	3.5815	5.e-002	-1.3632
576	17.719	3.5882	0.	-120.29
577	18.287	3.5888	5.e-002	-1.6995
578	16.581	3.5833	0.	-165.94
579	17.152	3.5876	5.e-002	-2.0139
580	15.437	3.5917	0.	-219.2
581	16.01	3.579	5.e-002	-2.3555
582	14.294	3.6101	0.	-280.1
583	14.863	3.6044	5.e-002	-2.6608
584	13.152	3.6152	0.	-348.53
585	13.724	3.6157	5.e-002	-2.9771
586	12.	3.6103	0.	-425.03
587	12.58	3.6147	5.e-002	-3.3008
588	10.832	3.6034	0.	-510.56
589	11.42	3.6059	5.e-002	-3.5216
590	9.6288	3.5933	0.	-607.44
591	10.243	3.601	5.e-002	-4.5293
592	8.3798	3.5647	0.	-717.09
593	9.0142	3.5857	5.e-002	-4.2245
594	7.7453	3.5437	5.e-002	-3.0235
595	5.2176	3.7561	0.	-1213.
596	5.1119	4.1208	5.e-002	-36.03
597	4.3193	4.0604	0.	-2215.8
598	2.5362	1.1427	5.e-002	-20.03
599	2.9481	1.0714	0.	-1257.4
600	1.6055	2.481	0.	-1538.7
601	2.1508	2.4613	5.e-002	-25.33
602	2.7554	2.2306	0.	-2951.4
603	1.0602	2.5008	5.e-002	-13.155
604	0.53009	2.4504	0.	-1778.9
605	3.0475	3.6292	5.e-002	-119.11
606	3.2037	3.8146	0.	-3842.6
607	3.9453	0.72456	0.	-817.33
608	3.7339	1.1539	0.	-1242.2
609	3.7579	0.97362	5.e-002	-40.144
610	3.6423	0.98681	0.	-747.51
611	5.3232	3.3915	5.e-002	-24.963
612	3.9813	2.6088	5.e-002	-41.026
613	3.754	2.3044	0.	-2459.7
614	4.1212	1.5779	0.	-1402.
615	4.5326	1.8216	5.e-002	-81.024
616	4.0296	1.9108	0.	-2401.2
617	4.1326	0.47551	5.e-002	-59.088
618	4.3983	0.23775	0.	-677.73
619	3.8296	0.48775	0.	-610.51
620	3.7098	1.3342	5.e-002	-409.32
621	3.6182	1.4171	0.	-1200.4
622	2.3232	4.5798	5.e-002	-43.522
623	2.8416	4.7899	0.	-1313.6
624	1.798	4.2187	0.1	-106.06
625	2.4656	4.2805	0.1	-0.39604
626	2.2309	4.9057	0.1	-5.6988
627	2.8416	4.7899	0.1	100.34
628	4.1212	1.5779	0.1	-180.99
629	3.7339	1.1539	0.1	-221.66
630	3.6182	1.4171	0.1	-706.49
631	3.9453	0.72456	0.1	-54.913
632	4.8395	0.63493	0.1	-63.232
633	3.8296	0.48775	0.1	-3.9607
634	4.3983	0.23775	0.1	-7.1514
635	4.8463	2.1762	0.1	11.834
636	4.8479	1.6109	0.1	3.4664
637	4.0296	1.9108	0.1	117.65
638	4.5706	2.5698	0.1	-100.52
639	4.0737	2.9281	0.1	-341.6
640	3.5845	2.7779	0.1	-238.91
641	3.754	2.3044	0.1	-61.973
642	5.2176	3.7561	0.1	17.095
643	5.934	3.4301	0.1	19.964
644	5.2416	2.9612	0.1	3.4869
645	4.7447	3.3194	0.1	-158.89
646	4.4606	1.1869	0.1	-40.248
647	3.6423	0.98681	0.1	-97.24
648	2.8277	3.8052	0.1	-206.34
649	3.1176	3.2881	0.1	-314.32
650	3.2037	3.8146	0.1	7.8119
651	1.6055	2.481	0.1	-70.364
652	1.119	1.8699	0.1	-307.53
653	1.1665	3.1792	0.1	-309.98
654	0.53009	2.4504	0.1	355.06
655	2.2134	2.869	0.1	112.
656	2.1925	2.0901	0.1	58.659
657	2.7554	2.2306	0.1	341.82
658	2.3852	1.4309	0.1	-55.422
659	2.3968	0.93225	0.1	-52.631
660	2.9481	1.0714	0.1	-95.483
661	5.7649	4.4442	0.1	20.514
662	4.8965	4.4037	0.1	-48.616
663	4.3193	4.0604	0.1	291.54
664	8.3798	3.5647	0.1	-1.6919
665	7.7598	2.9555	0.1	-2.3373
666	7.145	3.5062	0.1	13.335
667	7.7885	4.1567	0.1	-7.31
668	9.6288	3.5933	0.1	1.5996
669	9.025	2.9933	0.1	2.7198
670	9.0454	4.187	0.1	3.498
671	10.832	3.6034	0.1	0.56904
672	10.253	3.0015	0.1	3.369e-002
673	10.257	4.1982	0.1	-2.0302e-002
674	12.	3.6103	0.1	-2.7871
675	11.426	3.0048	0.1	-0.62992
676	11.429	4.2062	0.1	-1.1305
677	13.152	3.6152	0.1	-6.0407
678	12.579	3.0132	0.1	-4.7327
679	12.587	4.2149	0.1	-4.7255
680	14.294	3.6101	0.1	-7.8902
681	13.724	3.0149	0.1	-6.9602
682	13.736	4.2229	0.1	-6.638
683	15.437	3.5917	0.1	-9.0305
684	14.862	3.003	0.1	-8.4196
685	14.873	4.2049	0.1	-7.9125
686	16.581	3.5833	0.1	-9.7206
687	16.015	2.9811	0.1	-9.2183
688	16.016	4.1854	0.1	-8.5892
689	17.719	3.5882	0.1	-10.157
690	17.153	2.987	0.1	-9.7881
691	17.154	4.1882	0.1	-8.978
692	18.852	3.5852	0.1	-10.419
693	18.289	2.988	0.1	-10.124
694	18.289	4.1891	0.1	-9.2288
695	19.985	3.586	0.1	-10.551
696	19.422	2.9856	0.1	-10.331
697	19.424	4.1865	0.1	-9.3418
698	21.129	3.5946	0.1	-10.647
699	20.558	2.9917	0.1	-10.449
700	20.56	4.1925	0.1	-9.3705
701	21.705	2.995	0.1	-10.561
702	21.708	4.198	0.1	-9.2886
703	22.276	3.5995	0.1	-10.694
704	21.134	2.3921	0.1	-10.677
705	22.277	2.3927	0.1	-10.694
706	21.711	1.7921	0.1	-9.3096
707	19.995	2.3913	0.1	-10.617
708	20.571	1.7923	0.1	-9.4236
709	18.858	2.3884	0.1	-10.461
710	19.433	1.786	0.1	-9.4141
711	17.723	2.3867	0.1	-10.195
712	18.297	1.7841	0.1	-9.2942
713	16.587	2.3847	0.1	-9.7353
714	17.161	1.7839	0.1	-9.0455
715	15.441	2.3924	0.1	-9.0512
716	16.024	1.7845	0.1	-8.5759
717	14.292	2.4078	0.1	-7.9166
718	14.873	1.7969	0.1	-7.974
719	13.151	2.4129	0.1	-6.0598
720	13.732	1.8131	0.1	-6.7754
721	12.005	2.4078	0.1	-2.9494
722	12.591	1.7953	0.1	-4.7132
723	10.847	2.4029	0.1	0.72736
724	11.444	1.7914	0.1	-1.4183
725	9.6491	2.4015	0.1	1.1546
726	10.279	1.8005	0.1	0.58601
727	8.4051	2.3842	0.1	2.077
728	9.0728	1.8053	0.1	1.3542
729	7.0404	2.2605	0.1	-5.2248
730	7.8409	1.7804	0.1	3.8367
731	6.4255	2.8112	0.1	10.79
732	6.51	1.6574	0.1	-17.139
733	5.7331	2.3423	0.1	-7.8135
734	5.7348	1.777	0.1	-8.5187
735	6.4814	4.1181	0.1	25.421
736	5.9538	5.0107	0.1	7.0097
737	4.9546	5.3574	0.1	-45.277
738	5.0854	4.9702	0.1	-63.058
739	5.6456	5.6269	0.1	-26.405
740	7.1248	4.7687	0.1	5.6594
741	6.6784	5.3838	0.1	-1.018
742	8.4541	4.779	0.1	-2.0456
743	7.954	5.3849	0.1	-5.6123
744	9.6741	4.7918	0.1	1.9284
745	9.1451	5.3941	0.1	2.7064
746	10.855	4.8009	0.1	-2.9525e-002
747	10.311	5.3977	0.1	-2.1897
748	12.016	4.8108	0.1	-3.4302
749	11.464	5.4032	0.1	-4.8108
750	13.171	4.8226	0.1	-5.7473
751	12.61	5.4075	0.1	-6.6792
752	14.315	4.8177	0.1	-7.1205
753	13.756	5.4151	0.1	-7.7045
754	15.452	4.7985	0.1	-7.948
755	14.891	5.4027	0.1	-8.7207
756	16.589	4.7903	0.1	-8.3202
757	16.03	5.3959	0.1	-9.21
758	17.723	4.7891	0.1	-8.5248
759	17.166	5.3944	0.1	-9.5177
760	18.861	4.7904	0.1	-8.613
761	18.302	5.3946	0.1	-9.5939
762	19.998	4.793	0.1	-8.5994
763	19.44	5.3958	0.1	-9.4566
764	21.138	4.7959	0.1	-8.4127
765	20.577	5.3972	0.1	-9.2296
766	22.281	4.8026	0.1	-7.9381
767	21.718	5.3987	0.1	-8.5781
768	22.85	4.2042	0.1	-9.036
769	22.857	5.404	0.1	-7.3967
770	23.426	4.804	0.1	-7.1679
771	22.849	2.9972	0.1	-10.621
772	23.423	3.6002	0.1	-10.384
773	22.854	1.7948	0.1	-9.0592
774	23.425	2.397	0.1	-10.397
775	22.288	1.1942	0.1	-7.9821
776	23.429	1.1978	0.1	-7.1867
777	22.86	0.5978	0.1	-7.4187
778	21.149	1.1923	0.1	-8.46
779	21.722	0.59643	0.1	-8.5642
780	20.01	1.187	0.1	-8.6638
781	20.584	0.59586	0.1	-9.1562
782	18.872	1.1818	0.1	-8.7106
783	19.446	0.59118	0.1	-9.3748
784	17.735	1.1813	0.1	-8.6182
785	18.308	0.59057	0.1	-9.4573
786	16.598	1.1836	0.1	-8.3578
787	17.171	0.59073	0.1	-9.3559
788	15.457	1.189	0.1	-7.9609
789	16.034	0.59292	0.1	-9.091
790	14.313	1.2022	0.1	-7.2944
791	14.893	0.59607	0.1	-8.8205
792	13.173	1.1954	0.1	-5.8695
793	13.753	0.60608	0.1	-7.9654
794	12.03	1.1789	0.1	-3.5684
795	12.615	0.58937	0.1	-6.2723
796	10.876	1.189	0.1	-0.14674
797	11.473	0.58953	0.1	-4.3709
798	9.7028	1.2043	0.1	0.84991
799	10.323	0.59945	0.1	-0.51676
800	8.5086	1.2015	0.1	3.1011
801	9.1617	0.60483	0.1	-0.33081
802	7.3106	1.1773	0.1	-8.2858
803	7.9919	0.5967	0.1	5.1021
804	6.1301	0.97774	0.1	-34.811
805	6.8263	0.58056	0.1	-19.089
806	5.3549	1.0973	0.1	-82.935
807	5.674	0.39718	0.1	-94.602
808	1.1611	4.404	0.1	-302.24
809	1.594	5.091	0.1	-109.99
810	0.52467	4.8752	0.1	316.89
811	1.0847	5.4752	0.1	-270.06
812	1.706	1.479	0.1	-158.78
813	1.7176	0.98041	0.1	-113.97
814	0.58892	1.2195	0.1	350.25
815	1.1489	0.61953	0.1	-255.22
816	1.7745	3.5671	0.1	-129.04
817	0.63645	3.7288	0.1	357.42
818	4.3284	5.2551	0.1	-105.8
819	3.9731	5.4805	0.1	44.638
820	4.5418	5.7305	0.1	-43.628
821	2.4421	3.629	0.1	-17.113
822	2.7319	3.1118	0.1	-56.945
823	4.4592	4.8678	0.1	-98.723
824	3.882	5.0245	0.1	-224.35
825	4.1039	4.5933	0.1	-225.59
826	2.984	4.2406	0.1	56.575
827	2.7493	5.3658	0.1	76.537
828	2.1893	5.6158	0.1	-24.755
829	2.7971	1.6095	0.1	-93.271
830	2.8087	0.61088	0.1	75.169
831	2.2487	0.36088	0.1	-71.108
832	3.8812	3.287	0.1	-549.71
833	3.392	3.1368	0.1	-455.53
834	3.4781	3.6633	0.1	-81.679
835	3.8464	3.6237	0.1	60.947
836	3.2739	2.4735	0.1	137.26
837	3.5267	5.25	0.1	-122.64
838	3.5267	5.75	0.1	81.514
839	3.5267	5.5	5.e-002	-39.526
840	3.5267	4.75	0.1	-440.5
841	3.5267	5.	5.e-002	-194.81
842	3.5267	4.25	0.1	6.0089
843	3.5267	4.5	5.e-002	-54.747
844	3.4433	4.	0.1	430.53
845	3.5267	4.	5.e-002	-82.724
846	3.36	4.25	0.1	188.42
847	3.36	4.	5.e-002	-522.74
848	3.36	4.75	0.1	56.634
849	3.36	4.5	5.e-002	-200.78
850	3.36	5.25	0.1	97.569
851	3.36	5.	5.e-002	-69.374
852	3.36	5.75	0.1	78.077
853	3.36	5.5	5.e-002	-47.722
854	3.5267	0.75	0.1	-16.199
855	3.5267	0.25	0.1	3.0099
856	3.5267	0.5	5.e-002	-48.201
857	3.5267	1.25	0.1	-838.95
858	3.5267	1.	5.e-002	-215.81
859	3.5267	1.75	0.1	-479.9
860	3.5267	1.5	5.e-002	-719.93
861	3.4433	2.	0.1	435.
862	3.5267	2.	5.e-002	-120.74
863	3.36	1.75	0.1	201.31
864	3.36	2.	5.e-002	-35.076
865	3.36	1.25	0.1	-197.28
866	3.36	1.5	5.e-002	-85.805
867	3.36	0.75	0.1	19.953
868	3.36	1.	5.e-002	-148.83
869	3.36	0.25	0.1	88.766
870	3.36	0.5	5.e-002	-35.5
871	4.0954	6.	0.1	33.004
872	3.5267	6.	5.e-002	-28.382
873	5.2328	6.	0.1	-12.682
874	4.6641	6.	5.e-002	-7.8285
875	6.3702	6.	0.1	-48.543
876	5.8015	6.	5.e-002	-14.562
877	7.5076	6.	0.1	-22.157
878	6.9389	6.	5.e-002	-17.942
879	8.645	6.	0.1	-0.70559
880	8.0763	6.	5.e-002	-5.5873
881	9.7824	6.	0.1	-5.3601
882	9.2137	6.	5.e-002	-6.5194
883	10.92	6.	0.1	-7.4858
884	10.351	6.	5.e-002	-7.4731
885	12.057	6.	0.1	-8.4543
886	11.489	6.	5.e-002	-7.5909
887	13.195	6.	0.1	-9.0437
888	12.626	6.	5.e-002	-7.2017
889	14.332	6.	0.1	-9.7345
890	13.763	6.	5.e-002	-6.6712
891	15.469	6.	0.1	-10.418
892	14.901	6.	5.e-002	-5.8235
893	16.607	6.	0.1	-10.844
894	16.038	6.	5.e-002	-4.9643
895	17.744	6.	0.1	-11.023
896	17.176	6.	5.e-002	-4.3458
897	18.882	6.	0.1	-10.87
898	18.313	6.	5.e-002	-3.634
899	20.019	6.	0.1	-10.51
900	19.45	6.	5.e-002	-2.9108
901	21.156	6.	0.1	-9.8234
902	20.588	6.	5.e-002	-2.2095
903	22.294	6.	0.1	-8.4845
904	21.725	6.	5.e-002	-1.4362
905	23.431	6.	0.1	-6.3414
906	22.863	6.	5.e-002	-0.79473
907	24.	5.4	0.1	-5.8602
908	24.	6.	5.e-002	-0.16992
909	24.	4.2	0.1	-8.4189
910	24.	4.8	5.e-002	-0.30257
911	24.	3.	0.1	-10.079
912	24.	3.6	5.e-002	-0.32543
913	24.	1.8	0.1	-8.4298
914	24.	2.4	5.e-002	-0.32445
915	24.	0.6	0.1	-5.8539
916	24.	1.2	5.e-002	-0.30437
917	1.5735e-014	1.8	0.1	1011.4
918	5.2451e-015	0.6	0.1	817.11
919	1.0632e-014	1.2	5.e-002	-32.958
920	2.6226e-014	3.	0.1	1020.7
921	2.1264e-014	2.4	5.e-002	-34.937
922	3.6716e-014	4.2	0.1	976.95
923	3.1897e-014	3.6	5.e-002	-3.3472
924	4.7206e-014	5.4	0.1	773.38
925	4.2529e-014	4.8	5.e-002	-49.346
926	23.431	0.	0.1	-6.3453
927	24.	0.	5.e-002	-0.1603
928	22.294	0.	0.1	-8.4507
929	22.863	0.	5.e-002	-0.79248
930	21.156	0.	0.1	-9.6802
931	21.725	0.	5.e-002	-1.4413
932	20.019	0.	0.1	-10.278
933	20.588	0.	5.e-002	-2.187
934	18.882	0.	0.1	-10.535
935	19.45	0.	5.e-002	-2.9709
936	17.744	0.	0.1	-10.613
937	18.313	0.	5.e-002	-3.712
938	16.607	0.	0.1	-10.513
939	17.176	0.	5.e-002	-4.417
940	15.469	0.	0.1	-10.381
941	16.038	0.	5.e-002	-5.1608
942	14.332	0.	0.1	-9.904
943	14.901	0.	5.e-002	-5.7473
944	13.195	0.	0.1	-8.7842
945	13.763	0.	5.e-002	-6.2545
946	12.057	0.	0.1	-7.4758
947	12.626	0.	5.e-002	-7.2857
948	10.92	0.	0.1	-5.1158
949	11.489	0.	5.e-002	-7.823
950	9.7824	0.	0.1	-2.6282
951	10.351	0.	5.e-002	-8.1047
952	8.645	0.	0.1	0.88007
953	9.2137	0.	5.e-002	-8.3076
954	7.5076	0.	0.1	-5.9244
955	8.0763	0.	5.e-002	-7.0662
956	6.3702	0.	0.1	-48.11
957	6.9389	0.	5.e-002	-8.9674
958	5.2328	0.	0.1	-2.136
959	5.8015	0.	5.e-002	-4.5138
960	4.0954	0.	0.1	57.5
961	4.6641	0.	5.e-002	-53.446
962	3.5267	0.	5.e-002	-61.244
963	2.8	1.3648e-030	0.1	77.971
964	3.36	1.6378e-030	5.e-002	-85.401
965	1.68	8.189e-031	0.1	-62.943
966	2.24	0.	5.e-002	-41.211
967	0.56	2.7297e-031	0.1	211.21
968	1.12	0.	5.e-002	-20.692
969	0.	0.	5.e-002	-215.5
970	0.56	6.	0.1	183.27
971	5.2451e-014	6.	5.e-002	-202.11
972	1.68	6.	0.1	-87.558
973	1.12	6.	5.e-002	-21.116
974	2.8	6.	0.1	64.15
975	2.24	6.	5.e-002	-28.355
976	3.36	6.	5.e-002	-62.666
977	1.68	6.	0.	-1114.8
978	2.8	6.	0.	-899.51
979	0.56	6.	0.	-1221.2
980	3.36	5.75	0.	-822.96
981	4.7206e-014	5.4	0.	-1592.1
982	1.68	8.189e-031	0.	-1090.9
983	0.56	2.7297e-031	0.	-1261.2
984	2.8	1.3648e-030	0.	-880.68
985	3.36	0.25	0.	-741.72
986	5.2451e-015	0.6	0.	-1687.3
987	5.2328	0.	0.	-749.6
988	4.0954	0.	0.	-610.3
989	6.3702	0.	0.	-809.94
990	7.5076	0.	0.	-791.42
991	8.645	0.	0.	-702.73
992	9.7824	0.	0.	-603.18
993	10.92	0.	0.	-509.1
994	12.057	0.	0.	-423.73
995	13.195	0.	0.	-346.65
996	14.332	0.	0.	-277.95
997	15.469	0.	0.	-217.25
998	16.607	0.	0.	-163.89
999	17.744	0.	0.	-118.23
1000	18.882	0.	0.	-80.135
1001	20.019	0.	0.	-49.483
1002	21.156	0.	0.	-26.244
1003	22.294	0.	0.	-10.371
1004	23.431	0.	0.	-1.7749
1005	3.5267	0.25	0.	-555.38
1006	24.	0.6	0.	-0.6992
1007	3.6716e-014	4.2	0.	-1979.2
1008	2.6226e-014	3.	0.	-2071.3
1009	1.5735e-014	1.8	0.	-2054.3
1010	24.	1.8	0.	-2.6608
1011	24.	3.	0.	-3.1396
1012	24.	4.2	0.	-2.6703
1013	24.	5.4	0.	-0.69406
1014	23.431	6.	0.	-1.7766
1015	22.294	6.	0.	-10.355
1016	21.156	6.	0.	-26.197
1017	20.019	6.	0.	-49.424
1018	18.882	6.	0.	-80.004
1019	17.744	6.	0.	-118.09
1020	16.607	6.	0.	-163.7
1021	15.469	6.	0.	-216.78
1022	14.332	6.	0.	-277.88
1023	13.195	6.	0.	-346.62
1024	12.057	6.	0.	-422.78
1025	10.92	6.	0.	-506.66
1026	9.7824	6.	0.	-599.79
1027	8.645	6.	0.	-695.18
1028	7.5076	6.	0.	-775.89
1029	6.3702	6.	0.	-817.5
1030	5.2328	6.	0.	-752.4
1031	4.0954	6.	0.	-596.69
1032	3.5267	5.75	0.	-515.98
1033	3.36	1.25	0.	-1892.
1034	3.36	1.75	0.	-3132.1
1035	3.36	0.75	0.	-1244.9
1036	3.4433	2.	0.	-3669.6
1037	3.5267	0.75	0.	-565.79
1038	3.5267	1.25	0.	-776.19
1039	3.5267	1.75	0.	-1950.7
1040	3.36	4.75	0.	-1829.1
1041	3.36	4.25	0.	-3799.2
1042	3.36	5.25	0.	-1141.8
1043	3.4433	4.	0.	-4278.5
1044	3.5267	5.25	0.	-864.4
1045	3.5267	4.75	0.	-1189.5
1046	3.5267	4.25	0.	-2250.6
