Node Number	X Location (in)	Y Location (in)	Z Location (in)	Middle Principal Elastic Strain (in/in)
1	2.7379	2.6196	0.	5.1669e-005
2	2.8128	3.3907	0.	5.3818e-005
3	4.0824	1.5742	0.	2.5288e-005
4	3.8507	3.442	0.	2.5847e-005
5	0.89407	0.8172	0.	1.6516e-005
6	3.3259	0.60107	0.	2.4119e-005
7	0.94602	5.0113	0.	2.6567e-005
8	3.3029	4.7227	0.	3.1724e-005
9	2.9018	5.0646	0.	2.1028e-005
10	3.7168	2.6253	0.	2.4169e-005
11	5.0483	2.2494	0.	2.0341e-005
12	3.0874	5.4601	0.	2.3294e-005
13	5.1636	3.4753	0.	2.4597e-005
14	4.4393	0.85459	0.	3.3608e-005
15	5.4841	1.0956	0.	2.9267e-005
16	6.6314	1.1807	0.	2.5817e-005
17	7.8333	1.176	0.	2.3854e-005
18	9.0238	1.1743	0.	2.1293e-005
19	10.201	1.1728	0.	1.8467e-005
20	11.352	1.1754	0.	1.5371e-005
21	12.508	1.1773	0.	1.2646e-005
22	13.653	1.1779	0.	1.0172e-005
23	14.804	1.1789	0.	7.9941e-006
24	15.949	1.1813	0.	6.0609e-006
25	17.097	1.1842	0.	4.4019e-006
26	18.243	1.1869	0.	2.9884e-006
27	19.391	1.186	0.	1.8351e-006
28	20.544	1.1944	0.	9.4053e-007
29	21.69	1.1939	0.	2.9226e-007
30	22.849	1.1973	0.	-9.3344e-008
31	22.841	2.3978	0.	-2.3957e-007
32	22.835	3.5989	0.	-2.3921e-007
33	22.845	4.7973	0.	-9.4717e-008
34	21.688	4.8044	0.	2.9432e-007
35	20.538	4.7926	0.	9.4252e-007
36	19.384	4.7872	0.	1.846e-006
37	18.235	4.7539	0.	3.0027e-006
38	17.089	4.7269	0.	4.4177e-006
39	15.946	4.7105	0.	6.0819e-006
40	14.8	4.7047	0.	7.9967e-006
41	13.657	4.7024	0.	1.0186e-005
42	12.506	4.7027	0.	1.2628e-005
43	11.355	4.7305	0.	1.5394e-005
44	10.184	4.7557	0.	1.8481e-005
45	8.9954	4.7431	0.	2.1403e-005
46	7.7804	4.733	0.	2.4185e-005
47	6.4949	4.7363	0.	2.5824e-005
48	4.9713	4.6878	0.	2.7991e-005
49	4.1442	5.2612	0.	2.9842e-005
50	6.4835	2.3346	0.	2.391e-005
51	7.7476	2.3615	0.	2.2781e-005
52	8.9776	2.3492	0.	2.0832e-005
53	10.18	2.3491	0.	1.8375e-005
54	11.345	2.3571	0.	1.5357e-005
55	12.502	2.3584	0.	1.2562e-005
56	13.653	2.3617	0.	1.0064e-005
57	14.801	2.3635	0.	7.8726e-006
58	15.948	2.3675	0.	5.9397e-006
59	17.095	2.3711	0.	4.2691e-006
60	18.241	2.3755	0.	2.8584e-006
61	19.388	2.3804	0.	1.7105e-006
62	20.535	2.3895	0.	8.0887e-007
63	21.685	2.3954	0.	1.6529e-007
64	21.679	3.5933	0.	1.7057e-007
65	20.527	3.5897	0.	8.1022e-007
66	18.234	3.5598	0.	2.8652e-006
67	17.09	3.5489	0.	4.2748e-006
68	15.945	3.5402	0.	5.9391e-006
69	14.798	3.5335	0.	7.8653e-006
70	13.653	3.5311	0.	1.0076e-005
71	12.5	3.528	0.	1.2542e-005
72	11.346	3.5272	0.	1.5331e-005
73	10.175	3.5206	0.	1.8402e-005
74	8.979	3.5288	0.	2.0709e-005
75	7.7093	3.5442	0.	2.2919e-005
76	6.3846	3.5183	0.	2.4788e-005
77	19.385	3.5814	0.	1.7147e-006
78	3.6853	4.1711	0.	2.3804e-005
79	1.016	1.3599	0.	-4.5706e-006
80	1.26	4.1673	0.	3.1533e-005
81	2.2066	3.4707	0.	9.142e-005
82	3.1048	1.1347	0.	2.507e-005
83	3.2192	2.0062	0.	2.5961e-005
84	2.0373	3.1507	0.	8.7319e-005
85	2.8898	1.549	0.	3.3503e-005
86	1.8252	3.9067	0.	6.2002e-005
87	1.9212	4.0484	0.	5.8166e-005
88	1.8729	4.3181	0.	3.5605e-005
89	1.8729	4.3181	0.1	-3.5605e-005
90	1.9212	4.0484	0.1	-5.8166e-005
91	1.8252	3.9067	0.1	-6.2002e-005
92	2.8898	1.549	0.1	-3.3503e-005
93	2.0373	3.1507	0.1	-8.7319e-005
94	3.2192	2.0062	0.1	-2.5961e-005
95	3.1048	1.1347	0.1	-2.507e-005
96	2.2066	3.4707	0.1	-9.142e-005
97	1.26	4.1673	0.1	-3.1533e-005
98	1.016	1.3599	0.1	4.5706e-006
99	3.6853	4.1711	0.1	-2.3804e-005
100	19.385	3.5814	0.1	-1.7147e-006
101	6.3846	3.5183	0.1	-2.4788e-005
102	7.7093	3.5442	0.1	-2.2919e-005
103	8.979	3.5288	0.1	-2.0709e-005
104	10.175	3.5206	0.1	-1.8402e-005
105	11.346	3.5272	0.1	-1.5331e-005
106	12.5	3.528	0.1	-1.2542e-005
107	13.653	3.5311	0.1	-1.0076e-005
108	14.798	3.5335	0.1	-7.8653e-006
109	15.945	3.5402	0.1	-5.9391e-006
110	17.09	3.5489	0.1	-4.2748e-006
111	18.234	3.5598	0.1	-2.8652e-006
112	20.527	3.5897	0.1	-8.1022e-007
113	21.679	3.5933	0.1	-1.7057e-007
114	21.685	2.3954	0.1	-1.6529e-007
115	20.535	2.3895	0.1	-8.0887e-007
116	19.388	2.3804	0.1	-1.7105e-006
117	18.241	2.3755	0.1	-2.8584e-006
118	17.095	2.3711	0.1	-4.2691e-006
119	15.948	2.3675	0.1	-5.9397e-006
120	14.801	2.3635	0.1	-7.8726e-006
121	13.653	2.3617	0.1	-1.0064e-005
122	12.502	2.3584	0.1	-1.2562e-005
123	11.345	2.3571	0.1	-1.5357e-005
124	10.18	2.3491	0.1	-1.8375e-005
125	8.9776	2.3492	0.1	-2.0832e-005
126	7.7476	2.3615	0.1	-2.2781e-005
127	6.4835	2.3346	0.1	-2.391e-005
128	4.1442	5.2612	0.1	-2.9842e-005
129	4.9713	4.6878	0.1	-2.7991e-005
130	6.4949	4.7363	0.1	-2.5824e-005
131	7.7804	4.733	0.1	-2.4185e-005
132	8.9954	4.7431	0.1	-2.1403e-005
133	10.184	4.7557	0.1	-1.8481e-005
134	11.355	4.7305	0.1	-1.5394e-005
135	12.506	4.7027	0.1	-1.2628e-005
136	13.657	4.7024	0.1	-1.0186e-005
137	14.8	4.7047	0.1	-7.9967e-006
138	15.946	4.7105	0.1	-6.0819e-006
139	17.089	4.7269	0.1	-4.4177e-006
140	18.235	4.7539	0.1	-3.0027e-006
141	19.384	4.7872	0.1	-1.846e-006
142	20.538	4.7926	0.1	-9.4252e-007
143	21.688	4.8044	0.1	-2.9432e-007
144	22.845	4.7973	0.1	9.4716e-008
145	22.835	3.5989	0.1	2.3921e-007
146	22.841	2.3978	0.1	2.3957e-007
147	22.849	1.1973	0.1	9.3344e-008
148	21.69	1.1939	0.1	-2.9226e-007
149	20.544	1.1944	0.1	-9.4053e-007
150	19.391	1.186	0.1	-1.8351e-006
151	18.243	1.1869	0.1	-2.9884e-006
152	17.097	1.1842	0.1	-4.4019e-006
153	15.949	1.1813	0.1	-6.0609e-006
154	14.804	1.1789	0.1	-7.9941e-006
155	13.653	1.1779	0.1	-1.0172e-005
156	12.508	1.1773	0.1	-1.2646e-005
157	11.352	1.1754	0.1	-1.5371e-005
158	10.201	1.1728	0.1	-1.8467e-005
159	9.0238	1.1743	0.1	-2.1293e-005
160	7.8333	1.176	0.1	-2.3854e-005
161	6.6314	1.1807	0.1	-2.5817e-005
162	5.4841	1.0956	0.1	-2.9267e-005
163	4.4393	0.85459	0.1	-3.3608e-005
164	5.1636	3.4753	0.1	-2.4597e-005
165	3.0874	5.4601	0.1	-2.3294e-005
166	5.0483	2.2494	0.1	-2.0341e-005
167	3.7168	2.6253	0.1	-2.4169e-005
168	2.9018	5.0646	0.1	-2.1028e-005
169	3.3029	4.7227	0.1	-3.1724e-005
170	0.94602	5.0113	0.1	-2.6567e-005
171	3.3259	0.60107	0.1	-2.4119e-005
172	0.89407	0.8172	0.1	-1.6516e-005
173	3.8507	3.442	0.1	-2.5847e-005
174	4.0824	1.5742	0.1	-2.5288e-005
175	2.8128	3.3907	0.1	-5.3818e-005
176	2.7379	2.6196	0.1	-5.1669e-005
177	2.1867	4.	0.	6.366e-005
178	2.1867	4.5	0.	2.1912e-005
179	2.1867	5.	0.	1.6106e-005
180	2.1867	5.5	0.	-3.8625e-007
181	2.02	4.	0.	8.7874e-005
182	2.02	5.5	0.	-3.9251e-006
183	2.02	5.	0.	6.5927e-006
184	2.02	4.5	0.	2.7155e-005
185	2.1867	2.	0.	9.1787e-005
186	2.1867	1.5	0.	2.6714e-005
187	2.1867	1.	0.	2.6678e-005
188	2.1867	0.5	0.	8.4124e-006
189	2.02	2.	0.	6.0184e-005
190	2.02	0.5	0.	2.1744e-005
191	2.02	1.	0.	4.5944e-005
192	2.02	1.5	0.	-1.3627e-005
193	2.1867	6.	0.	3.132e-006
194	3.3347	6.	0.	2.3564e-005
195	4.4828	6.	0.	3.0836e-005
196	5.6309	6.	0.	3.0493e-005
197	6.7789	6.	0.	2.6778e-005
198	7.927	6.	0.	2.5112e-005
199	9.0751	6.	0.	2.1286e-005
200	10.223	6.	0.	1.8302e-005
201	11.371	6.	0.	1.5347e-005
202	12.519	6.	0.	1.257e-005
203	13.667	6.	0.	1.0099e-005
204	14.815	6.	0.	7.9128e-006
205	15.964	6.	0.	5.9922e-006
206	17.112	6.	0.	4.3243e-006
207	18.26	6.	0.	2.926e-006
208	19.408	6.	0.	1.795e-006
209	20.556	6.	0.	9.0823e-007
210	21.704	6.	0.	2.74e-007
211	22.852	6.	0.	-8.0731e-008
212	24.	6.	0.	-1.074e-007
213	24.	4.8	0.	-2.1132e-007
214	24.	3.6	0.	-3.6035e-007
215	24.	2.4	0.	-3.63e-007
216	24.	1.2	0.	-2.1349e-007
217	1.049e-014	1.2	0.	-1.3599e-006
218	2.0981e-014	2.4	0.	-8.3969e-006
219	3.1471e-014	3.6	0.	-9.836e-006
220	4.1961e-014	4.8	0.	-4.7594e-007
221	24.	0.	0.	-1.0883e-007
222	2.1867	0.	0.	5.6783e-006
223	22.852	0.	0.	-7.8982e-008
224	21.704	0.	0.	2.7163e-007
225	20.556	0.	0.	9.0908e-007
226	19.408	0.	0.	1.7985e-006
227	18.26	0.	0.	2.942e-006
228	17.112	0.	0.	4.352e-006
229	15.964	0.	0.	6.0117e-006
230	14.815	0.	0.	7.9415e-006
231	13.667	0.	0.	1.012e-005
232	12.519	0.	0.	1.2586e-005
233	11.371	0.	0.	1.5304e-005
234	10.223	0.	0.	1.8379e-005
235	9.0751	0.	0.	2.1671e-005
236	7.927	0.	0.	2.5261e-005
237	6.7789	0.	0.	2.8131e-005
238	5.6309	0.	0.	3.1471e-005
239	4.4828	0.	0.	3.4253e-005
240	3.3347	0.	0.	2.2225e-005
241	0.	0.	0.	-4.6676e-006
242	2.02	0.	0.	1.268e-005
243	1.01	-1.2132e-031	0.	2.882e-005
244	3.937e-014	6.	0.	1.0275e-006
245	2.02	6.	0.	5.5773e-006
246	1.01	6.	0.	3.007e-005
247	2.1867	5.5	0.1	3.8625e-007
248	2.1867	5.	0.1	-1.6106e-005
249	2.1867	4.5	0.1	-2.1912e-005
250	2.1867	4.	0.1	-6.366e-005
251	2.02	4.	0.1	-8.7874e-005
252	2.02	4.5	0.1	-2.7155e-005
253	2.02	5.	0.1	-6.5927e-006
254	2.02	5.5	0.1	3.9251e-006
255	2.1867	0.5	0.1	-8.4124e-006
256	2.1867	1.	0.1	-2.6678e-005
257	2.1867	1.5	0.1	-2.6714e-005
258	2.1867	2.	0.1	-9.1787e-005
259	2.02	2.	0.1	-6.0184e-005
260	2.02	1.5	0.1	1.3627e-005
261	2.02	1.	0.1	-4.5944e-005
262	2.02	0.5	0.1	-2.1744e-005
263	2.1867	6.	0.1	-3.132e-006
264	3.3347	6.	0.1	-2.3564e-005
265	4.4828	6.	0.1	-3.0836e-005
266	5.6309	6.	0.1	-3.0493e-005
267	6.7789	6.	0.1	-2.6778e-005
268	7.927	6.	0.1	-2.5112e-005
269	9.0751	6.	0.1	-2.1286e-005
270	10.223	6.	0.1	-1.8302e-005
271	11.371	6.	0.1	-1.5347e-005
272	12.519	6.	0.1	-1.257e-005
273	13.667	6.	0.1	-1.0099e-005
274	14.815	6.	0.1	-7.9128e-006
275	15.964	6.	0.1	-5.9922e-006
276	17.112	6.	0.1	-4.3243e-006
277	18.26	6.	0.1	-2.926e-006
278	19.408	6.	0.1	-1.795e-006
279	20.556	6.	0.1	-9.0823e-007
280	21.704	6.	0.1	-2.74e-007
281	22.852	6.	0.1	8.0731e-008
282	24.	6.	0.1	1.074e-007
283	24.	4.8	0.1	2.1132e-007
284	24.	3.6	0.1	3.6035e-007
285	24.	2.4	0.1	3.63e-007
286	24.	1.2	0.1	2.1349e-007
287	1.049e-014	1.2	0.1	1.3599e-006
288	2.0981e-014	2.4	0.1	8.3969e-006
289	3.1471e-014	3.6	0.1	9.836e-006
290	4.1961e-014	4.8	0.1	4.7594e-007
291	24.	0.	0.1	1.0883e-007
292	22.852	0.	0.1	7.8982e-008
293	21.704	0.	0.1	-2.7163e-007
294	20.556	0.	0.1	-9.0908e-007
295	19.408	0.	0.1	-1.7985e-006
296	18.26	0.	0.1	-2.942e-006
297	17.112	0.	0.1	-4.352e-006
298	15.964	0.	0.1	-6.0117e-006
299	14.815	0.	0.1	-7.9415e-006
300	13.667	0.	0.1	-1.012e-005
301	12.519	0.	0.1	-1.2586e-005
302	11.371	0.	0.1	-1.5304e-005
303	10.223	0.	0.1	-1.8379e-005
304	9.0751	0.	0.1	-2.1671e-005
305	7.927	0.	0.1	-2.5261e-005
306	6.7789	0.	0.1	-2.8131e-005
307	5.6309	0.	0.1	-3.1471e-005
308	4.4828	0.	0.1	-3.4253e-005
309	3.3347	0.	0.1	-2.2225e-005
310	2.1867	0.	0.1	-5.6783e-006
311	2.02	0.	0.1	-1.268e-005
312	1.01	-1.2132e-031	0.1	-2.882e-005
313	0.	0.	0.1	4.6676e-006
314	3.937e-014	6.	0.1	-1.0275e-006
315	1.01	6.	0.1	-3.007e-005
316	2.02	6.	0.1	-5.5773e-006
317	2.7753	3.0051	0.	5.3495e-005
318	3.2273	2.6225	0.	3.9408e-005
319	2.3876	2.8852	0.	6.9254e-005
320	2.7379	2.6196	5.e-002	1.3653e-012
321	2.4623	2.3098	0.	8.0675e-005
322	3.3317	3.4164	0.	4.3441e-005
323	2.5097	3.4307	0.	7.2192e-005
324	2.8128	3.3907	5.e-002	-3.3282e-014
325	2.4997	3.6954	0.	5.9199e-005
326	4.5654	1.9118	0.	2.2785e-005
327	4.2608	1.2144	0.	3.0765e-005
328	3.5936	1.3544	0.	3.4056e-005
329	3.6508	1.7902	0.	2.553e-005
330	4.0824	1.5742	5.e-002	4.5078e-014
331	3.7837	3.0337	0.	2.5089e-005
332	4.5071	3.4587	0.	2.5166e-005
333	3.768	3.8066	0.	2.5022e-005
334	3.8507	3.442	5.e-002	-4.4384e-013
335	0.95502	1.0886	0.	5.9179e-006
336	0.89407	0.8172	5.e-002	3.3878e-014
337	1.457	0.6586	0.	1.4691e-005
338	0.44704	1.0086	0.	6.7989e-006
339	0.95204	0.4086	0.	2.2231e-005
340	3.8826	0.72783	0.	2.9084e-005
341	3.2153	0.86788	0.	2.4668e-005
342	3.3259	0.60107	5.e-002	-3.122e-014
343	2.7563	0.55054	0.	1.9945e-005
344	3.3303	0.30054	0.	2.3146e-005
345	1.103	4.5893	0.	2.9062e-005
346	0.94602	5.0113	5.e-002	-9.0378e-022
347	1.483	5.2557	0.	9.4783e-006
348	0.47301	4.9057	0.	8.6739e-006
349	0.97801	5.5057	0.	2.8108e-005
350	3.1024	4.8936	0.	2.8215e-005
351	3.7236	4.9919	0.	3.2912e-005
352	3.4941	4.4469	0.	3.102e-005
353	3.3029	4.7227	5.e-002	2.2318e-013
354	2.7448	4.6113	0.	3.1147e-005
355	2.9946	5.2623	0.	2.2157e-005
356	2.9018	5.0646	5.e-002	-1.5737e-022
357	2.5443	5.0323	0.	1.7883e-005
358	4.3825	2.4374	0.	2.2279e-005
359	3.468	2.3158	0.	2.4855e-005
360	3.7168	2.6253	5.e-002	-1.648e-021
361	5.1059	2.8623	0.	2.2604e-005
362	5.2662	1.6725	0.	2.4882e-005
363	5.7659	2.292	0.	2.2169e-005
364	5.0483	2.2494	5.e-002	-1.4158e-013
365	3.6158	5.3606	0.	2.9318e-005
366	3.0874	5.4601	5.e-002	3.6897e-013
367	2.6371	5.48	0.	1.793e-005
368	3.2111	5.73	0.	2.3544e-005
369	5.0674	4.0816	0.	2.6285e-005
370	5.7741	3.4968	0.	2.4701e-005
371	5.1636	3.4753	5.e-002	5.7371e-013
372	4.9617	0.9751	0.	3.2278e-005
373	4.4393	0.85459	5.e-002	-3.3004e-013
374	4.461	0.42729	0.	3.4302e-005
375	6.0578	1.1381	0.	2.7551e-005
376	5.4841	1.0956	5.e-002	9.13e-014
377	5.5575	0.54781	0.	3.0368e-005
378	7.2324	1.1783	0.	2.4827e-005
379	6.5575	1.7576	0.	2.4863e-005
380	6.6314	1.1807	5.e-002	-2.2343e-013
381	6.7052	0.59033	0.	2.7171e-005
382	8.4285	1.1751	0.	2.2574e-005
383	7.7904	1.7688	0.	2.331e-005
384	7.8333	1.176	5.e-002	-2.2212e-013
385	7.8801	0.588	0.	2.4531e-005
386	9.6126	1.1735	0.	1.9939e-005
387	9.0007	1.7618	0.	2.1047e-005
388	9.0238	1.1743	5.e-002	4.7089e-015
389	9.0494	0.58713	0.	2.1571e-005
390	10.777	1.1741	0.	1.692e-005
391	10.191	1.7609	0.	1.845e-005
392	10.201	1.1728	5.e-002	1.2737e-017
393	10.212	0.58642	0.	1.8423e-005
394	11.93	1.1764	0.	1.4009e-005
395	11.348	1.7663	0.	1.5365e-005
396	11.352	1.1754	5.e-002	-1.0418e-022
397	11.362	0.58772	0.	1.5337e-005
398	13.08	1.1776	0.	1.1409e-005
399	12.505	1.7678	0.	1.2605e-005
400	12.508	1.1773	5.e-002	-3.278e-015
401	12.513	0.58866	0.	1.2616e-005
402	14.229	1.1784	0.	9.0832e-006
403	13.653	1.7698	0.	1.0119e-005
404	13.653	1.1779	5.e-002	2.3339e-015
405	13.66	0.58896	0.	1.0146e-005
406	15.376	1.1801	0.	7.0275e-006
407	14.803	1.7712	0.	7.9337e-006
408	14.804	1.1789	5.e-002	9.282e-015
409	14.81	0.58944	0.	7.9679e-006
410	16.523	1.1827	0.	5.2314e-006
411	15.948	1.7744	0.	6.0006e-006
412	15.949	1.1813	5.e-002	1.7876e-013
413	15.956	0.59064	0.	6.0365e-006
414	17.67	1.1855	0.	3.6951e-006
415	17.096	1.7776	0.	4.3358e-006
416	17.097	1.1842	5.e-002	1.1829e-013
417	17.104	0.59211	0.	4.3771e-006
418	18.817	1.1864	0.	2.4118e-006
419	18.242	1.7812	0.	2.9237e-006
420	18.243	1.1869	5.e-002	2.3314e-013
421	18.251	0.59344	0.	2.9653e-006
422	19.967	1.1902	0.	1.3878e-006
423	19.389	1.7832	0.	1.7732e-006
424	19.391	1.186	5.e-002	1.964e-013
425	19.399	0.593	0.	1.817e-006
426	21.117	1.1941	0.	6.1636e-007
427	20.539	1.7919	0.	8.7506e-007
428	20.544	1.1944	5.e-002	1.4611e-013
429	20.55	0.59721	0.	9.2508e-007
430	22.269	1.1956	0.	9.933e-008
431	21.688	1.7946	0.	2.2913e-007
432	21.69	1.1939	5.e-002	1.7634e-013
433	21.697	0.59693	0.	2.8216e-007
434	22.845	1.7976	0.	-1.6608e-007
435	22.849	1.1973	5.e-002	2.093e-013
436	23.424	1.1987	0.	-1.5438e-007
437	22.85	0.59867	0.	-8.5921e-008
438	22.838	2.9984	0.	-2.3901e-007
439	22.263	2.3966	0.	-3.7442e-008
440	22.841	2.3978	5.e-002	1.7681e-013
441	23.421	2.3989	0.	-3.0238e-007
442	22.84	4.1981	0.	-1.6659e-007
443	22.257	3.5961	0.	-3.4642e-008
444	22.835	3.5989	5.e-002	1.8811e-013
445	23.418	3.5995	0.	-3.0082e-007
446	22.266	4.8009	0.	9.9661e-008
447	22.845	4.7973	5.e-002	2.0493e-013
448	22.848	5.3987	0.	-8.7444e-008
449	23.422	4.7987	0.	-1.5389e-007
450	21.113	4.7985	0.	6.1839e-007
451	21.684	4.1989	0.	2.3279e-007
452	21.688	4.8044	5.e-002	2.0161e-013
453	21.696	5.4022	0.	2.8443e-007
454	19.961	4.7899	0.	1.3943e-006
455	20.533	4.1911	0.	8.7675e-007
456	20.538	4.7926	5.e-002	2.138e-013
457	20.547	5.3963	0.	9.2562e-007
458	18.809	4.7705	0.	2.4244e-006
459	19.385	4.1843	0.	1.7808e-006
460	19.384	4.7872	5.e-002	1.4299e-013
461	19.396	5.3936	0.	1.8205e-006
462	17.662	4.7404	0.	3.7102e-006
463	18.234	4.1569	0.	2.9343e-006
464	18.235	4.7539	5.e-002	1.9787e-013
465	18.247	5.377	0.	2.9643e-006
466	16.517	4.7187	0.	5.2498e-006
467	17.089	4.1379	0.	4.3466e-006
468	17.089	4.7269	5.e-002	1.2154e-013
469	17.1	5.3634	0.	4.371e-006
470	15.373	4.7076	0.	7.0393e-006
471	15.945	4.1253	0.	6.0108e-006
472	15.946	4.7105	5.e-002	5.8284e-014
473	15.955	5.3552	0.	6.0371e-006
474	14.229	4.7036	0.	9.0912e-006
475	14.799	4.1191	0.	7.9313e-006
476	14.8	4.7047	5.e-002	1.1397e-015
477	14.808	5.3524	0.	7.9549e-006
478	13.081	4.7026	0.	1.1407e-005
479	13.655	4.1167	0.	1.0131e-005
480	13.657	4.7024	5.e-002	-1.7322e-015
481	13.662	5.3512	0.	1.0143e-005
482	11.931	4.7166	0.	1.4011e-005
483	12.503	4.1153	0.	1.2585e-005
484	12.506	4.7027	5.e-002	5.8028e-016
485	12.513	5.3513	0.	1.2599e-005
486	10.77	4.7431	0.	1.6941e-005
487	11.351	4.1289	0.	1.5363e-005
488	11.355	4.7305	5.e-002	-1.7518e-015
489	11.363	5.3653	0.	1.5371e-005
490	9.5898	4.7494	0.	1.9989e-005
491	10.18	4.1382	0.	1.8446e-005
492	10.184	4.7557	5.e-002	-7.8793e-016
493	10.204	5.3779	0.	1.8394e-005
494	8.3879	4.7381	0.	2.2811e-005
495	8.9872	4.136	0.	2.104e-005
496	8.9954	4.7431	5.e-002	4.3624e-015
497	9.0352	5.3716	0.	2.1641e-005
498	7.1376	4.7347	0.	2.5025e-005
499	7.7448	4.1386	0.	2.3555e-005
500	7.7804	4.733	5.e-002	-2.4577e-022
501	7.8537	5.3665	0.	2.5002e-005
502	5.7331	4.7121	0.	2.6993e-005
503	6.4398	4.1273	0.	2.5309e-005
504	6.4949	4.7363	5.e-002	-1.5244e-013
505	6.6369	5.3682	0.	2.6323e-005
506	4.5578	4.9745	0.	2.9073e-005
507	4.3283	4.4295	0.	2.59e-005
508	4.9713	4.6878	5.e-002	5.7867e-013
509	5.3011	5.3439	0.	3.1805e-005
510	4.1442	5.2612	5.e-002	-1.0547e-013
511	4.3135	5.6306	0.	3.1893e-005
512	7.1156	2.348	0.	2.335e-005
513	6.4341	2.9264	0.	2.4348e-005
514	6.4835	2.3346	5.e-002	-2.0132e-013
515	8.3626	2.3554	0.	2.181e-005
516	7.7285	2.9528	0.	2.2847e-005
517	7.7476	2.3615	5.e-002	-1.0181e-022
518	9.5788	2.3492	0.	1.9604e-005
519	8.9783	2.939	0.	2.076e-005
520	8.9776	2.3492	5.e-002	-4.1249e-015
521	10.762	2.3531	0.	1.6925e-005
522	10.178	2.9348	0.	1.8375e-005
523	10.18	2.3491	5.e-002	-1.0587e-022
524	11.924	2.3577	0.	1.396e-005
525	11.345	2.9422	0.	1.5345e-005
526	11.345	2.3571	5.e-002	2.3299e-018
527	13.078	2.36	0.	1.1313e-005
528	12.501	2.9432	0.	1.2553e-005
529	12.502	2.3584	5.e-002	-6.8246e-016
530	14.227	2.3626	0.	8.9683e-006
531	13.653	2.9464	0.	1.0071e-005
532	13.653	2.3617	5.e-002	1.4093e-015
533	15.374	2.3655	0.	6.9062e-006
534	14.8	2.9485	0.	7.8695e-006
535	14.801	2.3635	5.e-002	-7.6066e-023
536	16.521	2.3693	0.	5.1044e-006
537	15.946	2.9538	0.	5.94e-006
538	15.948	2.3675	5.e-002	1.1404e-013
539	17.668	2.3733	0.	3.5637e-006
540	17.092	2.96	0.	4.2726e-006
541	17.095	2.3711	5.e-002	5.608e-014
542	18.814	2.3779	0.	2.2844e-006
543	18.237	2.9676	0.	2.8624e-006
544	18.241	2.3755	5.e-002	1.7136e-013
545	19.961	2.3849	0.	1.2596e-006
546	19.387	2.9809	0.	1.7131e-006
547	19.388	2.3804	5.e-002	1.4286e-013
548	21.11	2.3925	0.	4.8698e-007
549	20.531	2.9896	0.	8.0995e-007
550	20.535	2.3895	5.e-002	1.1348e-013
551	21.682	2.9944	0.	1.6831e-007
552	21.685	2.3954	5.e-002	1.5759e-013
553	21.103	3.5915	0.	4.903e-007
554	21.679	3.5933	5.e-002	1.6065e-013
555	19.956	3.5855	0.	1.2624e-006
556	20.527	3.5897	5.e-002	1.7197e-013
557	17.662	3.5543	0.	3.57e-006
558	18.81	3.5706	0.	2.2899e-006
559	18.234	3.5598	5.e-002	1.7457e-013
560	16.517	3.5445	0.	5.107e-006
561	17.09	3.5489	5.e-002	5.9189e-014
562	15.372	3.5368	0.	6.9022e-006
563	15.945	3.5402	5.e-002	5.7478e-014
564	14.226	3.5323	0.	8.9708e-006
565	14.798	3.5335	5.e-002	1.1393e-013
566	13.077	3.5295	0.	1.1309e-005
567	13.653	3.5311	5.e-002	1.139e-013
568	11.923	3.5276	0.	1.3937e-005
569	12.5	3.528	5.e-002	2.2718e-013
570	10.761	3.5239	0.	1.6886e-005
571	11.346	3.5272	5.e-002	-6.6682e-016
572	9.5771	3.5247	0.	1.9559e-005
573	10.175	3.5206	5.e-002	4.7214e-016
574	8.3441	3.5365	0.	2.1814e-005
575	8.979	3.5288	5.e-002	-2.2608e-013
576	7.047	3.5312	0.	2.3853e-005
577	7.7093	3.5442	5.e-002	-1.3464e-015
578	6.3846	3.5183	5.e-002	9.3045e-014
579	19.385	3.5814	5.e-002	1.4322e-013
580	3.6853	4.1711	5.e-002	1.01e-012
581	2.936	4.0856	0.	5.0756e-005
582	1.016	1.3599	5.e-002	-2.0697e-013
583	1.518	1.18	0.	2.3457e-005
584	0.50798	1.88	0.	1.0306e-006
585	1.6486	3.659	0.	5.3307e-005
586	1.5426	4.037	0.	7.3819e-005
587	1.5665	4.2427	0.	5.9e-005
588	1.26	4.1673	5.e-002	1.1035e-012
589	1.64	4.5837	0.	2.9794e-005
590	0.63002	3.8837	0.	1.194e-005
591	2.1219	3.3107	0.	8.9645e-005
592	2.0159	3.6887	0.	7.9383e-005
593	2.2066	3.4707	5.e-002	1.5068e-013
594	2.1133	3.7353	0.	9.5844e-005
595	2.9973	1.3418	0.	3.469e-005
596	3.1048	1.1347	5.e-002	-6.7858e-013
597	2.6457	1.0673	0.	2.6202e-005
598	3.0545	1.7776	0.	3.0595e-005
599	3.2192	2.0062	5.e-002	-4.184e-015
600	2.7029	2.0031	0.	6.4182e-005
601	2.0373	3.1507	5.e-002	8.0338e-013
602	2.0286	2.5754	0.	6.9057e-005
603	2.8898	1.549	5.e-002	-1.1688e-013
604	2.5383	1.5245	0.	3.5412e-005
605	1.8732	3.9775	0.	6.2465e-005
606	1.8252	3.9067	5.e-002	-1.4451e-020
607	1.8971	4.1832	0.	4.6096e-005
608	1.9212	4.0484	5.e-002	4.7567e-012
609	1.9706	4.0242	0.	1.1801e-004
610	1.8729	4.3181	5.e-002	-5.5633e-021
611	1.9465	4.409	0.	2.1573e-005
612	1.8971	4.1832	0.1	-4.6096e-005
613	1.5665	4.2427	0.1	-5.9e-005
614	1.9465	4.409	0.1	-2.1573e-005
615	1.8732	3.9775	0.1	-6.2465e-005
616	1.9706	4.0242	0.1	-1.1801e-004
617	2.0159	3.6887	0.1	-7.9383e-005
618	1.5426	4.037	0.1	-7.3819e-005
619	3.0545	1.7776	0.1	-3.0595e-005
620	2.9973	1.3418	0.1	-3.469e-005
621	2.5383	1.5245	0.1	-3.5412e-005
622	2.1219	3.3107	0.1	-8.9645e-005
623	1.6486	3.659	0.1	-5.3307e-005
624	2.3876	2.8852	0.1	-6.9254e-005
625	2.0286	2.5754	0.1	-6.9057e-005
626	3.468	2.3158	0.1	-2.4855e-005
627	3.6508	1.7902	0.1	-2.553e-005
628	2.7029	2.0031	0.1	-6.4182e-005
629	3.2153	0.86788	0.1	-2.4668e-005
630	3.5936	1.3544	0.1	-3.4056e-005
631	2.6457	1.0673	0.1	-2.6202e-005
632	2.5097	3.4307	0.1	-7.2192e-005
633	2.1133	3.7353	0.1	-9.5844e-005
634	1.103	4.5893	0.1	-2.9062e-005
635	1.64	4.5837	0.1	-2.9794e-005
636	0.63002	3.8837	0.1	-1.194e-005
637	0.95502	1.0886	0.1	-5.9179e-006
638	1.518	1.18	0.1	-2.3457e-005
639	0.50798	1.88	0.1	-1.0306e-006
640	4.3283	4.4295	0.1	-2.59e-005
641	3.4941	4.4469	0.1	-3.102e-005
642	3.768	3.8066	0.1	-2.5022e-005
643	2.936	4.0856	0.1	-5.0756e-005
644	18.81	3.5706	0.1	-2.2899e-006
645	19.956	3.5855	0.1	-1.2624e-006
646	19.387	2.9809	0.1	-1.7131e-006
647	19.385	4.1843	0.1	-1.7808e-006
648	7.047	3.5312	0.1	-2.3853e-005
649	6.4341	2.9264	0.1	-2.4348e-005
650	6.4398	4.1273	0.1	-2.5309e-005
651	5.7741	3.4968	0.1	-2.4701e-005
652	8.3441	3.5365	0.1	-2.1814e-005
653	7.7285	2.9528	0.1	-2.2847e-005
654	7.7448	4.1386	0.1	-2.3555e-005
655	9.5771	3.5247	0.1	-1.9559e-005
656	8.9783	2.939	0.1	-2.076e-005
657	8.9872	4.136	0.1	-2.104e-005
658	10.761	3.5239	0.1	-1.6886e-005
659	10.178	2.9348	0.1	-1.8375e-005
660	10.18	4.1382	0.1	-1.8446e-005
661	11.923	3.5276	0.1	-1.3937e-005
662	11.345	2.9422	0.1	-1.5345e-005
663	11.351	4.1289	0.1	-1.5363e-005
664	13.077	3.5295	0.1	-1.1309e-005
665	12.501	2.9432	0.1	-1.2553e-005
666	12.503	4.1153	0.1	-1.2585e-005
667	14.226	3.5323	0.1	-8.9708e-006
668	13.653	2.9464	0.1	-1.0071e-005
669	13.655	4.1167	0.1	-1.0131e-005
670	15.372	3.5368	0.1	-6.9022e-006
671	14.8	2.9485	0.1	-7.8695e-006
672	14.799	4.1191	0.1	-7.9313e-006
673	16.517	3.5445	0.1	-5.107e-006
674	15.946	2.9538	0.1	-5.94e-006
675	15.945	4.1253	0.1	-6.0108e-006
676	17.662	3.5543	0.1	-3.57e-006
677	17.092	2.96	0.1	-4.2726e-006
678	17.089	4.1379	0.1	-4.3466e-006
679	18.237	2.9676	0.1	-2.8624e-006
680	18.234	4.1569	0.1	-2.9343e-006
681	21.103	3.5915	0.1	-4.903e-007
682	20.531	2.9896	0.1	-8.0995e-007
683	20.533	4.1911	0.1	-8.7675e-007
684	21.682	2.9944	0.1	-1.6831e-007
685	21.684	4.1989	0.1	-2.3279e-007
686	22.257	3.5961	0.1	3.4642e-008
687	21.11	2.3925	0.1	-4.8698e-007
688	22.263	2.3966	0.1	3.7442e-008
689	21.688	1.7946	0.1	-2.2913e-007
690	19.961	2.3849	0.1	-1.2596e-006
691	20.539	1.7919	0.1	-8.7506e-007
692	18.814	2.3779	0.1	-2.2844e-006
693	19.389	1.7832	0.1	-1.7732e-006
694	17.668	2.3733	0.1	-3.5637e-006
695	18.242	1.7812	0.1	-2.9237e-006
696	16.521	2.3693	0.1	-5.1044e-006
697	17.096	1.7776	0.1	-4.3358e-006
698	15.374	2.3655	0.1	-6.9062e-006
699	15.948	1.7744	0.1	-6.0006e-006
700	14.227	2.3626	0.1	-8.9683e-006
701	14.803	1.7712	0.1	-7.9337e-006
702	13.078	2.36	0.1	-1.1313e-005
703	13.653	1.7698	0.1	-1.0119e-005
704	11.924	2.3577	0.1	-1.396e-005
705	12.505	1.7678	0.1	-1.2605e-005
706	10.762	2.3531	0.1	-1.6925e-005
707	11.348	1.7663	0.1	-1.5365e-005
708	9.5788	2.3492	0.1	-1.9604e-005
709	10.191	1.7609	0.1	-1.845e-005
710	8.3626	2.3554	0.1	-2.181e-005
711	9.0007	1.7618	0.1	-2.1047e-005
712	7.1156	2.348	0.1	-2.335e-005
713	7.7904	1.7688	0.1	-2.331e-005
714	6.5575	1.7576	0.1	-2.4863e-005
715	5.7659	2.292	0.1	-2.2169e-005
716	4.5578	4.9745	0.1	-2.9073e-005
717	3.6158	5.3606	0.1	-2.9318e-005
718	3.7236	4.9919	0.1	-3.2912e-005
719	4.3135	5.6306	0.1	-3.1893e-005
720	5.7331	4.7121	0.1	-2.6993e-005
721	5.0674	4.0816	0.1	-2.6285e-005
722	5.3011	5.3439	0.1	-3.1805e-005
723	7.1376	4.7347	0.1	-2.5025e-005
724	6.6369	5.3682	0.1	-2.6323e-005
725	8.3879	4.7381	0.1	-2.2811e-005
726	7.8537	5.3665	0.1	-2.5002e-005
727	9.5898	4.7494	0.1	-1.9989e-005
728	9.0352	5.3716	0.1	-2.1641e-005
729	10.77	4.7431	0.1	-1.6941e-005
730	10.204	5.3779	0.1	-1.8394e-005
731	11.931	4.7166	0.1	-1.4011e-005
732	11.363	5.3653	0.1	-1.5371e-005
733	13.081	4.7026	0.1	-1.1407e-005
734	12.513	5.3513	0.1	-1.2599e-005
735	14.229	4.7036	0.1	-9.0912e-006
736	13.662	5.3512	0.1	-1.0143e-005
737	15.373	4.7076	0.1	-7.0393e-006
738	14.808	5.3524	0.1	-7.9549e-006
739	16.517	4.7187	0.1	-5.2498e-006
740	15.955	5.3552	0.1	-6.0371e-006
741	17.662	4.7404	0.1	-3.7102e-006
742	17.1	5.3634	0.1	-4.371e-006
743	18.809	4.7705	0.1	-2.4244e-006
744	18.247	5.377	0.1	-2.9643e-006
745	19.961	4.7899	0.1	-1.3943e-006
746	19.396	5.3936	0.1	-1.8205e-006
747	21.113	4.7985	0.1	-6.1839e-007
748	20.547	5.3963	0.1	-9.2562e-007
749	22.266	4.8009	0.1	-9.9662e-008
750	21.696	5.4022	0.1	-2.8443e-007
751	22.84	4.1981	0.1	1.6659e-007
752	22.848	5.3987	0.1	8.7443e-008
753	23.422	4.7987	0.1	1.5389e-007
754	22.838	2.9984	0.1	2.3901e-007
755	23.418	3.5995	0.1	3.0082e-007
756	22.845	1.7976	0.1	1.6608e-007
757	23.421	2.3989	0.1	3.0238e-007
758	22.269	1.1956	0.1	-9.933e-008
759	23.424	1.1987	0.1	1.5438e-007
760	22.85	0.59867	0.1	8.5921e-008
761	21.117	1.1941	0.1	-6.1636e-007
762	21.697	0.59693	0.1	-2.8216e-007
763	19.967	1.1902	0.1	-1.3878e-006
764	20.55	0.59721	0.1	-9.2508e-007
765	18.817	1.1864	0.1	-2.4118e-006
766	19.399	0.593	0.1	-1.817e-006
767	17.67	1.1855	0.1	-3.6951e-006
768	18.251	0.59344	0.1	-2.9653e-006
769	16.523	1.1827	0.1	-5.2314e-006
770	17.104	0.59211	0.1	-4.3771e-006
771	15.376	1.1801	0.1	-7.0275e-006
772	15.956	0.59064	0.1	-6.0365e-006
773	14.229	1.1784	0.1	-9.0832e-006
774	14.81	0.58944	0.1	-7.9679e-006
775	13.08	1.1776	0.1	-1.1409e-005
776	13.66	0.58896	0.1	-1.0146e-005
777	11.93	1.1764	0.1	-1.4009e-005
778	12.513	0.58866	0.1	-1.2616e-005
779	10.777	1.1741	0.1	-1.692e-005
780	11.362	0.58772	0.1	-1.5337e-005
781	9.6126	1.1735	0.1	-1.9939e-005
782	10.212	0.58642	0.1	-1.8423e-005
783	8.4285	1.1751	0.1	-2.2574e-005
784	9.0494	0.58713	0.1	-2.1571e-005
785	7.2324	1.1783	0.1	-2.4827e-005
786	7.8801	0.588	0.1	-2.4531e-005
787	6.0578	1.1381	0.1	-2.7551e-005
788	6.7052	0.59033	0.1	-2.7171e-005
789	4.9617	0.9751	0.1	-3.2278e-005
790	5.2662	1.6725	0.1	-2.4882e-005
791	5.5575	0.54781	0.1	-3.0368e-005
792	3.8826	0.72783	0.1	-2.9084e-005
793	4.2608	1.2144	0.1	-3.0765e-005
794	4.461	0.42729	0.1	-3.4302e-005
795	5.1059	2.8623	0.1	-2.2604e-005
796	4.5071	3.4587	0.1	-2.5166e-005
797	2.9946	5.2623	0.1	-2.2157e-005
798	2.6371	5.48	0.1	-1.793e-005
799	3.2111	5.73	0.1	-2.3544e-005
800	4.3825	2.4374	0.1	-2.2279e-005
801	4.5654	1.9118	0.1	-2.2785e-005
802	3.7837	3.0337	0.1	-2.5089e-005
803	3.2273	2.6225	0.1	-3.9408e-005
804	3.1024	4.8936	0.1	-2.8215e-005
805	2.5443	5.0323	0.1	-1.7883e-005
806	2.7448	4.6113	0.1	-3.1147e-005
807	1.483	5.2557	0.1	-9.4783e-006
808	0.47301	4.9057	0.1	-8.6739e-006
809	0.97801	5.5057	0.1	-2.8108e-005
810	2.7563	0.55054	0.1	-1.9945e-005
811	3.3303	0.30054	0.1	-2.3146e-005
812	1.457	0.6586	0.1	-1.4691e-005
813	0.44704	1.0086	0.1	-6.7989e-006
814	0.95204	0.4086	0.1	-2.2231e-005
815	3.3317	3.4164	0.1	-4.3441e-005
816	2.7753	3.0051	0.1	-5.3495e-005
817	2.4997	3.6954	0.1	-5.9199e-005
818	2.4623	2.3098	0.1	-8.0675e-005
819	2.1867	4.25	0.	4.3306e-005
820	2.1033	4.	0.	7.1073e-005
821	2.1867	4.	5.e-002	-2.0505e-021
822	2.1867	4.75	0.	2.0814e-005
823	2.1867	4.5	5.e-002	-2.1037e-021
824	2.1867	5.25	0.	1.5051e-005
825	2.1867	5.	5.e-002	-5.997e-021
826	2.1867	5.75	0.	-6.372e-007
827	2.1867	5.5	5.e-002	3.6083e-013
828	2.02	4.25	0.	3.6582e-007
829	2.02	4.	5.e-002	-1.9571e-020
830	2.02	5.25	0.	8.3774e-006
831	2.02	5.75	0.	-4.6731e-006
832	2.02	5.5	5.e-002	-5.4384e-022
833	2.02	4.75	0.	8.4911e-006
834	2.02	5.	5.e-002	-7.6029e-022
835	2.02	4.5	5.e-002	3.5898e-013
836	2.1867	1.75	0.	5.9738e-005
837	2.1033	2.	0.	6.398e-005
838	2.1867	2.	5.e-002	-3.5371e-021
839	2.1867	1.25	0.	2.817e-005
840	2.1867	1.5	5.e-002	-7.2398e-021
841	2.1867	0.75	0.	2.0168e-005
842	2.1867	1.	5.e-002	-1.7077e-013
843	2.1867	0.25	0.	6.2466e-006
844	2.1867	0.5	5.e-002	-1.4166e-021
845	2.02	1.75	0.	2.4604e-005
846	1.01	2.8	0.	2.542e-005
847	2.02	2.	5.e-002	-3.9065e-021
848	2.02	0.75	0.	3.5732e-005
849	2.02	0.25	0.	1.5323e-005
850	2.02	0.5	5.e-002	-3.3014e-021
851	2.02	1.25	0.	3.3535e-005
852	2.02	1.	5.e-002	-7.5276e-021
853	1.01	1.95	0.	-1.1912e-005
854	2.02	1.5	5.e-002	-7.738e-021
855	2.7607	6.	0.	1.3885e-005
856	2.1867	6.	5.e-002	-1.08e-021
857	3.9088	6.	0.	2.7162e-005
858	3.3347	6.	5.e-002	-2.6515e-022
859	5.0568	6.	0.	3.0669e-005
860	4.4828	6.	5.e-002	-8.0561e-015
861	6.2049	6.	0.	2.9476e-005
862	5.6309	6.	5.e-002	5.6452e-014
863	7.353	6.	0.	2.6367e-005
864	6.7789	6.	5.e-002	-1.3921e-014
865	8.5011	6.	0.	2.321e-005
866	7.927	6.	5.e-002	-1.6469e-022
867	9.6491	6.	0.	1.9794e-005
868	9.0751	6.	5.e-002	-2.3117e-022
869	10.797	6.	0.	1.6825e-005
870	10.223	6.	5.e-002	5.9648e-015
871	11.945	6.	0.	1.3959e-005
872	11.371	6.	5.e-002	-1.2625e-015
873	13.093	6.	0.	1.1335e-005
874	12.519	6.	5.e-002	2.234e-013
875	14.241	6.	0.	9.006e-006
876	13.667	6.	5.e-002	2.2191e-013
877	15.389	6.	0.	6.9525e-006
878	14.815	6.	5.e-002	-3.2361e-022
879	16.538	6.	0.	5.1583e-006
880	15.964	6.	5.e-002	1.1363e-013
881	17.686	6.	0.	3.6251e-006
882	17.112	6.	5.e-002	1.136e-013
883	18.834	6.	0.	2.3604e-006
884	18.26	6.	5.e-002	1.6704e-013
885	19.982	6.	0.	1.3516e-006
886	19.408	6.	5.e-002	2.2737e-013
887	21.13	6.	0.	5.9101e-007
888	20.556	6.	5.e-002	1.9909e-013
889	22.278	6.	0.	9.6076e-008
890	21.704	6.	5.e-002	1.9931e-013
891	23.426	6.	0.	-1.1962e-007
892	22.852	6.	5.e-002	3.018e-013
893	24.	5.4	0.	-1.8286e-007
894	24.	6.	5.e-002	9.3326e-013
895	24.	4.2	0.	-2.8559e-007
896	24.	4.8	5.e-002	1.8628e-013
897	24.	3.	0.	-3.6145e-007
898	24.	3.6	5.e-002	1.9878e-013
899	24.	1.8	0.	-2.8799e-007
900	24.	2.4	5.e-002	2.3034e-013
901	24.	0.6	0.	-1.821e-007
902	24.	1.2	5.e-002	2.0575e-013
903	1.5735e-014	1.8	0.	-4.1345e-006
904	5.2451e-015	0.6	0.	-2.7618e-006
905	1.0632e-014	1.2	5.e-002	1.1253e-014
906	2.6226e-014	3.	0.	7.2925e-007
907	2.1264e-014	2.4	5.e-002	-2.3407e-021
908	3.6716e-014	4.2	0.	-5.0272e-006
909	3.1897e-014	3.6	5.e-002	-3.7969e-021
910	4.7206e-014	5.4	0.	-1.3133e-006
911	4.2529e-014	4.8	5.e-002	2.8703e-014
912	23.426	0.	0.	-1.1729e-007
913	24.	0.	5.e-002	8.3588e-013
914	2.7607	0.	0.	1.7004e-005
915	2.1867	0.	5.e-002	-9.2337e-022
916	22.278	0.	0.	9.5769e-008
917	22.852	0.	5.e-002	2.9504e-013
918	21.13	0.	0.	5.9024e-007
919	21.704	0.	5.e-002	2.2098e-013
920	19.982	0.	0.	1.3537e-006
921	20.556	0.	5.e-002	1.9912e-013
922	18.834	0.	0.	2.3702e-006
923	19.408	0.	5.e-002	2.2737e-013
924	17.686	0.	0.	3.647e-006
925	18.26	0.	5.e-002	1.6562e-013
926	16.538	0.	0.	5.1819e-006
927	17.112	0.	5.e-002	-6.933e-015
928	15.389	0.	0.	6.9766e-006
929	15.964	0.	5.e-002	2.2715e-013
930	14.241	0.	0.	9.0309e-006
931	14.815	0.	5.e-002	2.3405e-016
932	13.093	0.	0.	1.1353e-005
933	13.667	0.	5.e-002	2.2763e-013
934	11.945	0.	0.	1.3945e-005
935	12.519	0.	5.e-002	-2.2553e-015
936	10.797	0.	0.	1.6842e-005
937	11.371	0.	5.e-002	-2.2206e-022
938	9.6491	0.	0.	2.0029e-005
939	10.223	0.	5.e-002	-4.2933e-016
940	8.5011	0.	0.	2.3544e-005
941	9.0751	0.	5.e-002	-2.2623e-015
942	7.353	0.	0.	2.6753e-005
943	7.927	0.	5.e-002	-1.1343e-014
944	6.2049	0.	0.	2.9888e-005
945	6.7789	0.	5.e-002	7.9621e-014
946	5.0568	0.	0.	3.3138e-005
947	5.6309	0.	5.e-002	2.0664e-014
948	3.9088	0.	0.	2.8417e-005
949	4.4828	0.	5.e-002	-1.9148e-022
950	3.3347	0.	5.e-002	-3.4813e-023
951	0.505	-6.0659e-032	0.	1.2005e-005
952	0.	0.	5.e-002	1.1401e-013
953	1.515	-1.8198e-031	0.	2.1371e-005
954	2.02	-2.4264e-031	5.e-002	-7.2845e-022
955	1.01	0.	5.e-002	-1.0732e-021
956	0.505	6.	0.	1.3088e-005
957	5.2451e-014	6.	5.e-002	-3.8661e-021
958	1.515	6.	0.	1.4664e-005
959	2.02	6.	5.e-002	-2.4673e-021
960	1.01	6.	5.e-002	-4.5935e-022
961	2.1867	5.25	0.1	-1.5051e-005
962	2.1867	5.75	0.1	6.372e-007
963	2.1867	4.75	0.1	-2.0814e-005
964	2.1867	4.25	0.1	-4.3306e-005
965	2.1033	4.	0.1	-7.1073e-005
966	2.02	4.25	0.1	-3.6582e-007
967	2.02	4.75	0.1	-8.4911e-006
968	2.02	5.25	0.1	-8.3774e-006
969	2.02	5.75	0.1	4.6731e-006
970	2.1867	0.75	0.1	-2.0168e-005
971	2.1867	0.25	0.1	-6.2466e-006
972	2.1867	1.25	0.1	-2.817e-005
973	2.1867	1.75	0.1	-5.9738e-005
974	2.1033	2.	0.1	-6.398e-005
975	2.02	1.75	0.1	-2.4604e-005
976	1.01	2.8	0.1	-2.542e-005
977	2.02	1.25	0.1	-3.3535e-005
978	1.01	1.95	0.1	1.1912e-005
979	2.02	0.75	0.1	-3.5732e-005
980	2.02	0.25	0.1	-1.5323e-005
981	2.7607	6.	0.1	-1.3885e-005
982	3.9088	6.	0.1	-2.7162e-005
983	5.0568	6.	0.1	-3.0669e-005
984	6.2049	6.	0.1	-2.9476e-005
985	7.353	6.	0.1	-2.6367e-005
986	8.5011	6.	0.1	-2.321e-005
987	9.6491	6.	0.1	-1.9794e-005
988	10.797	6.	0.1	-1.6825e-005
989	11.945	6.	0.1	-1.3959e-005
990	13.093	6.	0.1	-1.1335e-005
991	14.241	6.	0.1	-9.006e-006
992	15.389	6.	0.1	-6.9525e-006
993	16.538	6.	0.1	-5.1583e-006
994	17.686	6.	0.1	-3.6251e-006
995	18.834	6.	0.1	-2.3604e-006
996	19.982	6.	0.1	-1.3516e-006
997	21.13	6.	0.1	-5.9101e-007
998	22.278	6.	0.1	-9.6077e-008
999	23.426	6.	0.1	1.1962e-007
1000	24.	5.4	0.1	1.8286e-007
1001	24.	4.2	0.1	2.8559e-007
1002	24.	3.	0.1	3.6145e-007
1003	24.	1.8	0.1	2.8799e-007
1004	24.	0.6	0.1	1.821e-007
1005	1.5735e-014	1.8	0.1	4.1345e-006
1006	5.2451e-015	0.6	0.1	2.7618e-006
1007	2.6226e-014	3.	0.1	-7.2925e-007
1008	3.6716e-014	4.2	0.1	5.0272e-006
1009	4.7206e-014	5.4	0.1	1.3133e-006
1010	23.426	0.	0.1	1.1728e-007
1011	22.278	0.	0.1	-9.577e-008
1012	21.13	0.	0.1	-5.9025e-007
1013	19.982	0.	0.1	-1.3537e-006
1014	18.834	0.	0.1	-2.3702e-006
1015	17.686	0.	0.1	-3.647e-006
1016	16.538	0.	0.1	-5.1819e-006
1017	15.389	0.	0.1	-6.9766e-006
1018	14.241	0.	0.1	-9.0309e-006
1019	13.093	0.	0.1	-1.1353e-005
1020	11.945	0.	0.1	-1.3945e-005
1021	10.797	0.	0.1	-1.6842e-005
1022	9.6491	0.	0.1	-2.0029e-005
1023	8.5011	0.	0.1	-2.3544e-005
1024	7.353	0.	0.1	-2.6753e-005
1025	6.2049	0.	0.1	-2.9888e-005
1026	5.0568	0.	0.1	-3.3138e-005
1027	3.9088	0.	0.1	-2.8417e-005
1028	2.7607	0.	0.1	-1.7004e-005
1029	1.515	-1.8198e-031	0.1	-2.1371e-005
1030	0.505	-6.0659e-032	0.1	-1.2005e-005
1031	0.505	6.	0.1	-1.3088e-005
1032	1.515	6.	0.1	-1.4664e-005
