Node Number	X Location (in)	Y Location (in)	Z Location (in)	Maximum Principal Elastic Strain (in/in)
1	5.1895	2.9096	0.	1.0179e-004
2	4.4921	2.9447	0.	7.7031e-005
3	6.1504	4.6678	0.	4.4776e-005
4	3.7369	0.60146	0.	4.7881e-005
5	6.0789	0.55877	0.	2.9715e-005
6	4.0826	3.9156	0.	5.3162e-005
7	5.9658	5.4775	0.	3.0479e-005
8	6.4349	4.0153	0.	3.7038e-005
9	6.9072	3.2361	0.	3.8842e-005
10	3.5828	5.1666	0.	4.2564e-005
11	3.6152	2.3008	0.	4.569e-005
12	3.7421	1.5832	0.	5.3973e-005
13	2.4054	4.9118	0.	4.5163e-005
14	6.9732	0.99653	0.	2.5951e-005
15	7.1617	2.1946	0.	3.2671e-005
16	8.1957	2.2327	0.	2.4554e-005
17	8.2798	1.123	0.	2.4701e-005
18	2.6543	3.709	0.	5.1901e-005
19	1.2928	2.4077	0.	8.7276e-005
20	1.2532	4.8074	0.	7.801e-005
21	2.7121	1.141	0.	4.4832e-005
22	9.4412	1.1702	0.	2.0816e-005
23	10.582	1.1989	0.	1.7579e-005
24	11.721	1.212	0.	1.4799e-005
25	12.864	1.2646	0.	1.253e-005
26	13.984	1.2857	0.	1.0454e-005
27	15.103	1.2957	0.	8.5419e-006
28	16.205	1.2348	0.	6.8215e-006
29	17.306	1.2189	0.	5.3071e-006
30	18.419	1.2056	0.	4.0117e-006
31	19.527	1.202	0.	2.9413e-006
32	20.635	1.2087	0.	2.0926e-006
33	22.875	1.1982	0.	9.9672e-007
34	1.2779	3.6187	0.	8.5156e-005
35	22.864	2.4054	0.	1.3405e-006
36	22.866	3.6059	0.	1.3419e-006
37	22.876	4.8012	0.	9.9715e-007
38	21.755	4.808	0.	1.4397e-006
39	20.632	4.8309	0.	2.0817e-006
40	19.528	4.8205	0.	2.9372e-006
41	18.42	4.8201	0.	4.0081e-006
42	17.313	4.819	0.	5.2949e-006
43	16.2	4.8255	0.	6.8181e-006
44	15.084	4.8217	0.	8.5393e-006
45	13.96	4.8176	0.	1.046e-005
46	12.825	4.8106	0.	1.2546e-005
47	11.671	4.7994	0.	1.4828e-005
48	10.499	4.7798	0.	1.7679e-005
49	9.2766	4.7471	0.	2.268e-005
50	7.8446	4.6604	0.	2.6235e-005
51	6.9709	5.2143	0.	2.8078e-005
52	9.3559	2.35	0.	2.1519e-005
53	21.729	2.4127	0.	1.7285e-006
54	21.736	3.6179	0.	1.7213e-006
55	9.269	3.5506	0.	2.2308e-005
56	10.522	2.3841	0.	1.7968e-005
57	11.682	2.4157	0.	1.4704e-005
58	12.828	2.4369	0.	1.2498e-005
59	13.961	2.4555	0.	1.0493e-005
60	15.086	2.4689	0.	8.6379e-006
61	16.211	2.4466	0.	6.9479e-006
62	17.316	2.4282	0.	5.4775e-006
63	18.414	2.4193	0.	4.2006e-006
64	19.502	2.4259	0.	3.1641e-006
65	20.621	2.419	0.	2.3208e-006
66	20.618	3.6279	0.	2.333e-006
67	19.521	3.6232	0.	3.1555e-006
68	18.419	3.6293	0.	4.2024e-006
69	17.312	3.6269	0.	5.4665e-006
70	16.202	3.6455	0.	6.9426e-006
71	15.075	3.6398	0.	8.645e-006
72	13.948	3.6314	0.	1.0495e-005
73	12.809	3.6215	0.	1.2476e-005
74	11.653	3.6084	0.	1.4872e-005
75	10.477	3.5874	0.	1.7867e-005
76	8.091	3.4413	0.	2.4939e-005
77	5.773	5.0507	0.	3.1475e-005
78	21.748	1.2099	0.	1.4447e-006
79	4.065	1.0597	0.	3.5707e-005
80	1.3039	1.2072	0.	7.6459e-005
81	3.7319	4.4623	0.	4.6446e-005
82	4.5078	3.537	0.	8.4781e-005
83	5.7878	1.0101	0.	2.8969e-005
84	6.0692	1.4913	0.	4.1919e-005
85	6.1395	2.1711	0.	3.8097e-005
86	3.6487	3.1233	0.	6.0728e-005
87	2.4474	2.4107	0.	4.8522e-005
88	5.8058	3.0779	0.	5.2725e-005
89	5.8058	3.0779	0.1	1.3308e-004
90	2.4474	2.4107	0.1	1.2852e-004
91	3.6487	3.1233	0.1	1.471e-004
92	6.1395	2.1711	0.1	1.137e-004
93	6.0692	1.4913	0.1	9.0047e-005
94	5.7878	1.0101	0.1	5.7157e-005
95	4.5078	3.537	0.1	1.7218e-004
96	3.7319	4.4623	0.1	1.163e-004
97	1.3039	1.2072	0.1	1.3323e-004
98	4.065	1.0597	0.1	8.0488e-005
99	21.748	1.2099	0.1	2.0652e-006
100	5.773	5.0507	0.1	6.7667e-005
101	8.091	3.4413	0.1	7.2914e-005
102	10.477	3.5874	0.1	5.332e-005
103	11.653	3.6084	0.1	4.4763e-005
104	12.809	3.6215	0.1	3.7011e-005
105	13.948	3.6314	0.1	3.0065e-005
106	15.075	3.6398	0.1	2.388e-005
107	16.202	3.6455	0.1	1.8438e-005
108	17.312	3.6269	0.1	1.3757e-005
109	18.419	3.6293	0.1	9.7943e-006
110	19.521	3.6232	0.1	6.5539e-006
111	20.618	3.6279	0.1	4.0372e-006
112	20.621	2.419	0.1	4.0339e-006
113	19.502	2.4259	0.1	6.6018e-006
114	18.414	2.4193	0.1	9.8215e-006
115	17.316	2.4282	0.1	1.373e-005
116	16.211	2.4466	0.1	1.841e-005
117	15.086	2.4689	0.1	2.3834e-005
118	13.961	2.4555	0.1	2.9979e-005
119	12.828	2.4369	0.1	3.6877e-005
120	11.682	2.4157	0.1	4.452e-005
121	10.522	2.3841	0.1	5.3053e-005
122	9.269	3.5506	0.1	6.2943e-005
123	21.736	3.6179	0.1	2.175e-006
124	21.729	2.4127	0.1	2.1848e-006
125	9.3559	2.35	0.1	6.2048e-005
126	6.9709	5.2143	0.1	7.8492e-005
127	7.8446	4.6604	0.1	7.3761e-005
128	9.2766	4.7471	0.1	6.3715e-005
129	10.499	4.7798	0.1	5.3442e-005
130	11.671	4.7994	0.1	4.4843e-005
131	12.825	4.8106	0.1	3.7069e-005
132	13.96	4.8176	0.1	3.0085e-005
133	15.084	4.8217	0.1	2.3881e-005
134	16.2	4.8255	0.1	1.8455e-005
135	17.313	4.819	0.1	1.3744e-005
136	18.42	4.8201	0.1	9.7737e-006
137	19.528	4.8205	0.1	6.5078e-006
138	20.632	4.8309	0.1	3.937e-006
139	21.755	4.808	0.1	2.0591e-006
140	22.876	4.8012	0.1	8.744e-007
141	22.866	3.6059	0.1	1.0149e-006
142	22.864	2.4054	0.1	1.0193e-006
143	1.2779	3.6187	0.1	1.3851e-004
144	22.875	1.1982	0.1	8.8001e-007
145	20.635	1.2087	0.1	3.9455e-006
146	19.527	1.202	0.1	6.4967e-006
147	18.419	1.2056	0.1	9.7845e-006
148	17.306	1.2189	0.1	1.3777e-005
149	16.205	1.2348	0.1	1.8439e-005
150	15.103	1.2957	0.1	2.3798e-005
151	13.984	1.2857	0.1	2.9929e-005
152	12.864	1.2646	0.1	3.6793e-005
153	11.721	1.212	0.1	4.446e-005
154	10.582	1.1989	0.1	5.277e-005
155	9.4412	1.1702	0.1	6.1637e-005
156	2.7121	1.141	0.1	1.1813e-004
157	1.2532	4.8074	0.1	1.3391e-004
158	1.2928	2.4077	0.1	1.3943e-004
159	2.6543	3.709	0.1	1.2176e-004
160	8.2798	1.123	0.1	7.0774e-005
161	8.1957	2.2327	0.1	7.1374e-005
162	7.1617	2.1946	0.1	8.6954e-005
163	6.9732	0.99653	0.1	7.4485e-005
164	2.4054	4.9118	0.1	1.2675e-004
165	3.7421	1.5832	0.1	1.1781e-004
166	3.6152	2.3008	0.1	1.3025e-004
167	3.5828	5.1666	0.1	1.0087e-004
168	6.9072	3.2361	0.1	1.0018e-004
169	6.4349	4.0153	0.1	1.0433e-004
170	5.9658	5.4775	0.1	6.3894e-005
171	4.0826	3.9156	0.1	1.3889e-004
172	6.0789	0.55877	0.1	6.4279e-005
173	3.7369	0.60146	0.1	9.7441e-005
174	6.1504	4.6678	0.1	9.5679e-005
175	4.4921	2.9447	0.1	1.734e-004
176	5.1895	2.9096	0.1	1.6996e-004
177	5.0667	5.5	0.1	4.1261e-005
178	5.0667	5.	0.1	1.1653e-004
179	5.0667	4.5	0.1	1.3047e-004
180	5.0667	4.	0.1	2.5795e-004
181	4.9	4.	0.1	3.8563e-004
182	4.9	4.5	0.1	1.9592e-004
183	4.9	5.	0.1	1.2159e-004
184	4.9	5.5	0.1	7.7304e-005
185	5.0667	0.5	0.1	4.2105e-005
186	5.0667	1.	0.1	1.0127e-004
187	5.0667	1.5	0.1	1.4441e-004
188	5.0667	2.	0.1	3.1034e-004
189	4.9	2.	0.1	3.2076e-004
190	4.9	1.5	0.1	1.7186e-004
191	4.9	1.	0.1	1.3643e-004
192	4.9	0.5	0.1	6.4374e-005
193	5.0667	6.	0.1	3.8163e-005
194	6.1804	6.	0.1	5.7588e-005
195	7.2941	6.	0.1	7.2817e-005
196	8.4078	6.	0.1	7.0905e-005
197	9.5216	6.	0.1	6.2293e-005
198	10.635	6.	0.1	5.3343e-005
199	11.749	6.	0.1	4.4709e-005
200	12.863	6.	0.1	3.7053e-005
201	13.976	6.	0.1	3.0112e-005
202	15.09	6.	0.1	2.3917e-005
203	16.204	6.	0.1	1.8447e-005
204	17.318	6.	0.1	1.3707e-005
205	18.431	6.	0.1	9.7025e-006
206	19.545	6.	0.1	6.397e-006
207	20.659	6.	0.1	3.8214e-006
208	21.773	6.	0.1	1.8825e-006
209	22.886	6.	0.1	6.5438e-007
210	24.	6.	0.1	1.6286e-007
211	24.	4.8	0.1	4.1998e-007
212	24.	3.6	0.1	5.9731e-007
213	24.	2.4	0.1	5.9892e-007
214	24.	1.2	0.1	4.212e-007
215	1.049e-014	1.2	0.1	1.3279e-004
216	2.0981e-014	2.4	0.1	1.3823e-004
217	3.1471e-014	3.6	0.1	1.3751e-004
218	4.1961e-014	4.8	0.1	1.3252e-004
219	24.	0.	0.1	1.6333e-007
220	22.886	0.	0.1	6.6248e-007
221	21.773	0.	0.1	1.8929e-006
222	20.659	0.	0.1	3.7979e-006
223	19.545	0.	0.1	6.4034e-006
224	18.431	0.	0.1	9.7021e-006
225	17.318	0.	0.1	1.372e-005
226	16.204	0.	0.1	1.8513e-005
227	15.09	0.	0.1	2.3914e-005
228	13.976	0.	0.1	3.0086e-005
229	12.863	0.	0.1	3.7023e-005
230	11.749	0.	0.1	4.4672e-005
231	10.635	0.	0.1	5.2942e-005
232	9.5216	0.	0.1	6.1551e-005
233	8.4078	0.	0.1	6.9649e-005
234	7.2941	0.	0.1	7.1173e-005
235	6.1804	0.	0.1	5.3116e-005
236	5.0667	0.	0.1	3.5585e-005
237	4.9	0.	0.1	5.716e-005
238	3.675	-1.7288e-030	0.1	8.5235e-005
239	2.45	-1.1525e-030	0.1	1.3177e-004
240	1.225	-5.7626e-031	0.1	1.3707e-004
241	0.	0.	0.1	1.0208e-004
242	3.937e-014	6.	0.1	1.023e-004
243	1.225	6.	0.1	1.3659e-004
244	2.45	6.	0.1	1.3077e-004
245	3.675	6.	0.1	9.1282e-005
246	4.9	6.	0.1	6.43e-005
247	3.675	6.	0.	3.6971e-005
248	2.45	6.	0.	4.4133e-005
249	1.225	6.	0.	6.5902e-005
250	4.9	6.	0.	2.3302e-005
251	3.937e-014	6.	0.	8.3069e-006
252	1.225	-5.7626e-031	0.	6.5951e-005
253	2.45	-1.1525e-030	0.	4.5349e-005
254	3.675	-1.7288e-030	0.	3.4476e-005
255	4.9	0.	0.	2.2915e-005
256	0.	0.	0.	7.3878e-006
257	6.1804	0.	0.	2.011e-005
258	7.2941	0.	0.	2.7873e-005
259	8.4078	0.	0.	2.4243e-005
260	9.5216	0.	0.	2.0555e-005
261	10.635	0.	0.	1.7932e-005
262	11.749	0.	0.	1.526e-005
263	12.863	0.	0.	1.2778e-005
264	13.976	0.	0.	1.0649e-005
265	15.09	0.	0.	8.7188e-006
266	16.204	0.	0.	7.0385e-006
267	17.318	0.	0.	5.4632e-006
268	18.431	0.	0.	4.1322e-006
269	19.545	0.	0.	3.036e-006
270	20.659	0.	0.	2.1562e-006
271	21.773	0.	0.	1.4541e-006
272	22.886	0.	0.	8.8413e-007
273	5.0667	0.	0.	1.4796e-005
274	24.	0.	0.	4.7739e-007
275	4.1961e-014	4.8	0.	6.6761e-007
276	3.1471e-014	3.6	0.	1.3307e-007
277	2.0981e-014	2.4	0.	2.2341e-007
278	1.049e-014	1.2	0.	7.3526e-007
279	24.	1.2	0.	7.7218e-007
280	24.	2.4	0.	1.153e-006
281	24.	3.6	0.	1.153e-006
282	24.	4.8	0.	7.7161e-007
283	24.	6.	0.	4.7979e-007
284	22.886	6.	0.	8.8072e-007
285	21.773	6.	0.	1.4277e-006
286	20.659	6.	0.	2.1616e-006
287	19.545	6.	0.	3.0346e-006
288	18.431	6.	0.	4.1294e-006
289	17.318	6.	0.	5.4263e-006
290	16.204	6.	0.	6.9698e-006
291	15.09	6.	0.	8.7168e-006
292	13.976	6.	0.	1.0702e-005
293	12.863	6.	0.	1.2938e-005
294	11.749	6.	0.	1.5397e-005
295	10.635	6.	0.	1.7921e-005
296	9.5216	6.	0.	2.1252e-005
297	8.4078	6.	0.	2.7526e-005
298	7.2941	6.	0.	2.8477e-005
299	6.1804	6.	0.	1.9463e-005
300	5.0667	6.	0.	1.4382e-005
301	4.9	1.5	0.	9.2962e-005
302	4.9	1.	0.	7.3489e-005
303	4.9	0.5	0.	2.074e-005
304	4.9	2.	0.	9.7966e-005
305	5.0667	0.5	0.	1.3735e-005
306	5.0667	1.	0.	5.5818e-005
307	5.0667	1.5	0.	7.5029e-005
308	5.0667	2.	0.	9.7583e-005
309	4.9	4.5	0.	7.9624e-005
310	4.9	5.	0.	3.6735e-005
311	4.9	5.5	0.	2.6301e-005
312	4.9	4.	0.	1.4522e-004
313	5.0667	5.5	0.	1.3916e-005
314	5.0667	5.	0.	7.5692e-005
315	5.0667	4.5	0.	8.5544e-005
316	5.0667	4.	0.	7.4222e-005
317	4.8408	2.9271	0.	8.8329e-005
318	5.4977	2.9938	0.	7.7076e-005
319	5.1895	2.9096	5.e-002	2.2971e-006
320	5.1281	2.4548	0.	9.5785e-005
321	5.0447	3.4548	0.	1.0624e-004
322	4.4999	3.2408	0.	7.4727e-005
323	4.0704	3.034	0.	5.8823e-005
324	4.4921	2.9447	5.e-002	3.3791e-006
325	4.696	2.4723	0.	8.5448e-005
326	6.2927	4.3415	0.	3.9795e-005
327	6.5606	4.941	0.	3.4308e-005
328	5.9617	4.8593	0.	3.4709e-005
329	6.1504	4.6678	5.e-002	1.1334e-005
330	5.6086	4.5839	0.	5.3901e-005
331	3.2245	0.87121	0.	3.6672e-005
332	3.901	0.83059	0.	4.1264e-005
333	3.7369	0.60146	5.e-002	6.4337e-006
334	3.706	0.30073	0.	4.0865e-005
335	4.3185	0.55073	0.	2.5898e-005
336	6.526	0.77765	0.	2.562e-005
337	5.9334	0.78442	0.	2.9078e-005
338	6.0789	0.55877	5.e-002	4.1097e-006
339	6.1296	0.27939	0.	2.461e-005
340	5.5728	0.52939	0.	1.6081e-005
341	3.9073	4.1889	0.	4.6799e-005
342	4.2952	3.7263	0.	6.4921e-005
343	3.8656	3.5194	0.	5.643e-005
344	4.0826	3.9156	5.e-002	5.0045e-006
345	4.4913	4.2078	0.	5.6786e-005
346	6.4683	5.3459	0.	2.7451e-005
347	5.8694	5.2641	0.	3.092e-005
348	5.9658	5.4775	5.e-002	4.4112e-006
349	6.0731	5.7388	0.	2.3519e-005
350	5.5162	5.4888	0.	1.5762e-005
351	6.671	3.6257	0.	3.7783e-005
352	7.1397	4.3378	0.	3.1628e-005
353	6.4349	4.0153	5.e-002	3.6842e-006
354	5.7508	4.0076	0.	5.3812e-005
355	7.0345	2.7153	0.	3.5676e-005
356	7.4991	3.3387	0.	3.169e-005
357	6.3565	3.157	0.	4.19e-005
358	6.9072	3.2361	5.e-002	4.4512e-006
359	2.9941	5.0392	0.	3.7062e-005
360	3.6574	4.8144	0.	4.4504e-005
361	3.5828	5.1666	5.e-002	2.6918e-006
362	3.6289	5.5833	0.	3.9706e-005
363	4.2414	5.3333	0.	2.756e-005
364	3.6786	1.942	0.	4.663e-005
365	3.632	2.712	0.	5.2756e-005
366	3.0313	2.3557	0.	4.7095e-005
367	3.6152	2.3008	5.e-002	2.0769e-006
368	4.2576	2.1504	0.	6.3438e-005
369	3.2271	1.3621	0.	4.5872e-005
370	3.9036	1.3215	0.	4.2315e-005
371	3.7421	1.5832	5.e-002	1.1325e-005
372	4.321	1.5416	0.	6.302e-005
373	2.5298	4.3104	0.	4.8532e-005
374	1.8293	4.8596	0.	6.1584e-005
375	2.4054	4.9118	5.e-002	2.2137e-006
376	2.4277	5.4559	0.	4.4377e-005
377	7.0675	1.5955	0.	2.9228e-005
378	7.6265	1.0598	0.	2.5294e-005
379	6.5212	1.2439	0.	3.2943e-005
380	6.9732	0.99653	5.e-002	1.8518e-006
381	7.1337	0.49827	0.	2.5426e-005
382	7.6787	2.2137	0.	2.8543e-005
383	6.6506	2.1828	0.	3.5256e-005
384	7.1617	2.1946	5.e-002	2.9118e-006
385	8.2378	1.6779	0.	2.4605e-005
386	8.7758	2.2914	0.	2.303e-005
387	8.1433	2.837	0.	2.4652e-005
388	8.1957	2.2327	5.e-002	3.7571e-007
389	8.8605	1.1466	0.	2.2755e-005
390	8.2798	1.123	5.e-002	5.219e-007
391	8.3438	0.56151	0.	2.4471e-005
392	1.9661	3.6639	0.	6.8514e-005
393	3.1931	4.0857	0.	4.3565e-005
394	3.1515	3.4161	0.	5.6035e-005
395	2.5508	3.0599	0.	5.0152e-005
396	2.6543	3.709	5.e-002	2.8677e-006
397	1.2853	3.0132	0.	8.6216e-005
398	1.2983	1.8075	0.	8.1851e-005
399	1.8701	2.4092	0.	6.7874e-005
400	1.2928	2.4077	5.e-002	1.5123e-006
401	0.64639	2.4038	0.	4.3636e-005
402	1.2655	4.213	0.	8.1572e-005
403	1.2532	4.8074	5.e-002	2.3363e-006
404	1.2391	5.4037	0.	7.1912e-005
405	0.6266	4.8037	0.	3.9064e-005
406	2.008	1.1741	0.	6.0628e-005
407	2.5797	1.7758	0.	4.665e-005
408	2.7121	1.141	5.e-002	3.7315e-006
409	2.581	0.57048	0.	4.2769e-005
410	10.012	1.1845	0.	1.9197e-005
411	9.3986	1.7601	0.	2.1167e-005
412	9.4412	1.1702	5.e-002	6.1706e-007
413	9.4814	0.58508	0.	2.0325e-005
414	11.151	1.2054	0.	1.6064e-005
415	10.552	1.7915	0.	1.7773e-005
416	10.582	1.1989	5.e-002	5.0249e-007
417	10.609	0.59943	0.	1.7502e-005
418	12.292	1.2383	0.	1.3662e-005
419	11.701	1.8138	0.	1.4661e-005
420	11.721	1.212	5.e-002	4.4798e-007
421	11.735	0.60599	0.	1.4998e-005
422	13.424	1.2752	0.	1.1491e-005
423	12.846	1.8507	0.	1.2488e-005
424	12.864	1.2646	5.e-002	4.2577e-007
425	12.863	0.63232	0.	1.2623e-005
426	14.543	1.2907	0.	9.4969e-006
427	13.972	1.8706	0.	1.0446e-005
428	13.984	1.2857	5.e-002	3.881e-007
429	13.98	0.64287	0.	1.0517e-005
430	15.654	1.2653	0.	7.6801e-006
431	15.094	1.8823	0.	8.5604e-006
432	15.103	1.2957	5.e-002	3.4374e-007
433	15.096	0.64784	0.	8.5984e-006
434	16.755	1.2268	0.	6.0624e-006
435	16.208	1.8407	0.	6.8543e-006
436	16.205	1.2348	5.e-002	2.9981e-007
437	16.205	0.61741	0.	6.8937e-006
438	17.862	1.2123	0.	4.6575e-006
439	17.311	1.8235	0.	5.3602e-006
440	17.306	1.2189	5.e-002	2.6207e-007
441	17.312	0.60944	0.	5.3524e-006
442	18.973	1.2038	0.	3.4747e-006
443	18.416	1.8125	0.	4.0733e-006
444	18.419	1.2056	5.e-002	2.1707e-007
445	18.425	0.60281	0.	4.0397e-006
446	20.081	1.2053	0.	2.5151e-006
447	19.514	1.8139	0.	3.0213e-006
448	19.527	1.202	5.e-002	1.7378e-007
449	19.536	0.60098	0.	2.956e-006
450	20.628	1.8138	0.	2.1769e-006
451	21.192	1.2093	0.	1.7674e-006
452	20.635	1.2087	5.e-002	1.3301e-007
453	20.647	0.60434	0.	2.0915e-006
454	22.869	1.8018	0.	1.1534e-006
455	22.311	1.2041	0.	1.2207e-006
456	22.875	1.1982	5.e-002	5.972e-008
457	22.88	0.59912	0.	9.1037e-007
458	23.437	1.1991	0.	8.7974e-007
459	1.2779	3.6187	5.e-002	1.3999e-006
460	0.63894	3.6093	0.	4.2576e-005
461	22.865	3.0056	0.	1.3318e-006
462	22.297	2.409	0.	1.5345e-006
463	22.864	2.4054	5.e-002	5.702e-008
464	23.432	2.4027	0.	1.2464e-006
465	22.871	4.2036	0.	1.1543e-006
466	22.301	3.6119	0.	1.5316e-006
467	22.866	3.6059	5.e-002	5.762e-008
468	23.433	3.6029	0.	1.247e-006
469	22.316	4.8046	0.	1.2184e-006
470	22.876	4.8012	5.e-002	5.9436e-008
471	23.438	4.8006	0.	8.7941e-007
472	22.881	5.4006	0.	9.0959e-007
473	21.194	4.8194	0.	1.7595e-006
474	21.745	4.2129	0.	1.5553e-006
475	21.755	4.808	5.e-002	9.0662e-008
476	21.764	5.404	0.	1.4019e-006
477	20.08	4.8257	0.	2.5075e-006
478	20.625	4.2294	0.	2.1782e-006
479	20.632	4.8309	5.e-002	1.3234e-007
480	20.646	5.4155	0.	2.089e-006
481	18.974	4.8203	0.	3.4708e-006
482	19.524	4.2219	0.	3.0159e-006
483	19.528	4.8205	5.e-002	1.754e-007
484	19.536	5.4103	0.	2.9554e-006
485	17.866	4.8196	0.	4.6497e-006
486	18.419	4.2247	0.	4.0736e-006
487	18.42	4.8201	5.e-002	2.1447e-007
488	18.426	5.41	0.	4.0381e-006
489	16.756	4.8223	0.	6.0552e-006
490	17.313	4.223	0.	5.3501e-006
491	17.313	4.819	5.e-002	2.5718e-007
492	17.315	5.4095	0.	5.3303e-006
493	15.642	4.8236	0.	7.6772e-006
494	16.201	4.2355	0.	6.8498e-006
495	16.2	4.8255	5.e-002	3.0112e-007
496	16.202	5.4127	0.	6.8637e-006
497	14.522	4.8196	0.	9.4981e-006
498	15.079	4.2308	0.	8.5637e-006
499	15.084	4.8217	5.e-002	3.4715e-007
500	15.087	5.4108	0.	8.5988e-006
501	13.392	4.8141	0.	1.1501e-005
502	13.954	4.2245	0.	1.045e-005
503	13.96	4.8176	5.e-002	3.8655e-007
504	13.968	5.4088	0.	1.0552e-005
505	12.248	4.805	0.	1.367e-005
506	12.817	4.2161	0.	1.2486e-005
507	12.825	4.8106	5.e-002	4.2454e-007
508	12.844	5.4053	0.	1.2714e-005
509	11.085	4.7896	0.	1.6233e-005
510	11.662	4.2039	0.	1.4834e-005
511	11.671	4.7994	5.e-002	4.7063e-007
512	11.71	5.3997	0.	1.5071e-005
513	9.888	4.7635	0.	2.0179e-005
514	10.488	4.1836	0.	1.7773e-005
515	10.499	4.7798	5.e-002	4.259e-007
516	10.567	5.3899	0.	1.7466e-005
517	8.5606	4.7037	0.	2.4417e-005
518	9.2728	4.1489	0.	2.2493e-005
519	9.2766	4.7471	5.e-002	3.2546e-007
520	9.3991	5.3736	0.	2.1963e-005
521	7.4077	4.9373	0.	2.6248e-005
522	7.9678	4.0508	0.	2.553e-005
523	7.8446	4.6604	5.e-002	1.1798e-006
524	8.1262	5.3302	0.	2.3868e-005
525	6.9709	5.2143	5.e-002	2.6771e-006
526	7.1325	5.6071	0.	2.795e-005
527	9.3124	2.9503	0.	2.1911e-005
528	9.9391	2.367	0.	1.9743e-005
529	9.3559	2.35	5.e-002	5.774e-007
530	21.732	3.0153	0.	1.7074e-006
531	21.175	2.4158	0.	2.0246e-006
532	21.739	1.8113	0.	1.5615e-006
533	21.729	2.4127	5.e-002	9.417e-008
534	21.177	3.6229	0.	2.0271e-006
535	21.736	3.6179	5.e-002	9.1046e-008
536	9.873	3.569	0.	2.0084e-005
537	8.68	3.496	0.	2.3441e-005
538	9.269	3.5506	5.e-002	2.1245e-007
539	11.102	2.3999	0.	1.6336e-005
540	10.5	2.9857	0.	1.7917e-005
541	10.522	2.3841	5.e-002	5.9862e-007
542	12.255	2.4263	0.	1.3523e-005
543	11.667	3.012	0.	1.4788e-005
544	11.682	2.4157	5.e-002	4.5808e-007
545	13.395	2.4462	0.	1.1495e-005
546	12.819	3.0292	0.	1.2466e-005
547	12.828	2.4369	5.e-002	4.3174e-007
548	14.524	2.4622	0.	9.5654e-006
549	13.955	3.0435	0.	1.0469e-005
550	13.961	2.4555	5.e-002	4.0406e-007
551	15.648	2.4578	0.	7.7927e-006
552	15.081	3.0544	0.	8.6147e-006
553	15.086	2.4689	5.e-002	3.5407e-007
554	16.763	2.4374	0.	6.2125e-006
555	16.207	3.0461	0.	6.9163e-006
556	16.211	2.4466	5.e-002	2.9477e-007
557	17.865	2.4237	0.	4.8389e-006
558	17.314	3.0275	0.	5.4422e-006
559	17.316	2.4282	5.e-002	2.5269e-007
560	18.958	2.4226	0.	3.6822e-006
561	18.416	3.0243	0.	4.1729e-006
562	18.414	2.4193	5.e-002	2.184e-007
563	20.061	2.4224	0.	2.7424e-006
564	19.511	3.0245	0.	3.1318e-006
565	19.502	2.4259	5.e-002	1.737e-007
566	20.619	3.0234	0.	2.303e-006
567	20.621	2.419	5.e-002	1.3175e-007
568	20.069	3.6255	0.	2.7441e-006
569	20.618	3.6279	5.e-002	1.3233e-007
570	18.97	3.6262	0.	3.6787e-006
571	19.521	3.6232	5.e-002	1.7474e-007
572	17.866	3.6281	0.	4.8343e-006
573	18.419	3.6293	5.e-002	2.1726e-007
574	16.757	3.6362	0.	6.2044e-006
575	17.312	3.6269	5.e-002	2.6007e-007
576	15.639	3.6427	0.	7.7937e-006
577	16.202	3.6455	5.e-002	3.0129e-007
578	14.512	3.6356	0.	9.5696e-006
579	15.075	3.6398	5.e-002	3.5124e-007
580	13.379	3.6265	0.	1.1485e-005
581	13.948	3.6314	5.e-002	3.8988e-007
582	12.231	3.615	0.	1.3507e-005
583	12.809	3.6215	5.e-002	4.313e-007
584	11.065	3.5979	0.	1.6368e-005
585	11.653	3.6084	5.e-002	4.9454e-007
586	10.477	3.5874	5.e-002	5.3774e-007
587	8.091	3.4413	5.e-002	1.8792e-006
588	5.773	5.0507	5.e-002	5.3826e-007
589	5.4198	5.0254	0.	4.7264e-005
590	21.748	1.2099	5.e-002	9.2664e-008
591	21.76	0.60495	0.	1.4165e-006
592	4.065	1.0597	5.e-002	1.1204e-006
593	4.4825	1.0299	0.	5.1488e-005
594	1.3039	1.2072	5.e-002	2.4878e-006
595	1.2645	0.60361	0.	7.1161e-005
596	0.65195	1.2036	0.	3.8277e-005
597	3.7319	4.4623	5.e-002	4.6954e-006
598	4.316	4.7311	0.	3.6833e-005
599	4.5078	3.537	5.e-002	6.7586e-006
600	4.7039	3.7685	0.	9.7873e-005
601	5.9285	1.2507	0.	3.3804e-005
602	5.7878	1.0101	5.e-002	2.6486e-007
603	5.4272	1.005	0.	3.9233e-005
604	6.1043	1.8312	0.	3.8816e-005
605	6.0692	1.4913	5.e-002	7.2167e-006
606	5.5679	1.4957	0.	4.9689e-005
607	5.9727	2.6245	0.	4.151e-005
608	6.1395	2.1711	5.e-002	1.2641e-006
609	5.6031	2.0856	0.	6.5456e-005
610	3.6487	3.1233	5.e-002	6.1282e-006
611	2.4474	2.4107	5.e-002	1.4562e-006
612	5.8058	3.0779	5.e-002	2.9695e-006
613	5.4363	3.539	0.	5.897e-005
614	5.9727	2.6245	0.1	1.2179e-004
615	6.3565	3.157	0.1	1.1661e-004
616	5.4977	2.9938	0.1	1.5135e-004
617	5.4363	3.539	0.1	1.8932e-004
618	2.5797	1.7758	0.1	1.229e-004
619	1.8701	2.4092	0.1	1.3398e-004
620	2.5508	3.0599	0.1	1.2492e-004
621	3.0313	2.3557	0.1	1.2915e-004
622	3.1515	3.4161	0.1	1.3439e-004
623	3.632	2.712	0.1	1.378e-004
624	3.8656	3.5194	0.1	1.4185e-004
625	4.0704	3.034	0.1	1.5957e-004
626	6.1043	1.8312	0.1	1.0186e-004
627	6.6506	2.1828	0.1	9.8949e-005
628	5.6031	2.0856	0.1	2.1194e-004
629	5.9285	1.2507	0.1	7.2691e-005
630	6.5212	1.2439	0.1	8.2026e-005
631	5.5679	1.4957	0.1	1.0877e-004
632	5.9334	0.78442	0.1	6.0438e-005
633	5.4272	1.005	0.1	7.6011e-005
634	4.2952	3.7263	0.1	1.5539e-004
635	4.4999	3.2408	0.1	1.6654e-004
636	4.7039	3.7685	0.1	2.7628e-004
637	3.1931	4.0857	0.1	1.1824e-004
638	3.6574	4.8144	0.1	1.0858e-004
639	3.9073	4.1889	0.1	1.2756e-004
640	4.316	4.7311	0.1	1.1426e-004
641	2.008	1.1741	0.1	1.2566e-004
642	1.2983	1.8075	0.1	1.3606e-004
643	0.65195	1.2036	0.1	1.325e-004
644	1.2645	0.60361	0.1	1.3463e-004
645	3.9036	1.3215	0.1	9.7689e-005
646	3.901	0.83059	0.1	8.8531e-005
647	4.4825	1.0299	0.1	1.0532e-004
648	21.739	1.8113	0.1	2.1003e-006
649	22.311	1.2041	0.1	1.4724e-006
650	21.192	1.2093	0.1	3.0041e-006
651	21.76	0.60495	0.1	1.9464e-006
652	5.8694	5.2641	0.1	6.5713e-005
653	5.9617	4.8593	0.1	8.1164e-005
654	5.4198	5.0254	0.1	8.4949e-005
655	8.68	3.496	0.1	6.7922e-005
656	7.9678	4.0508	0.1	7.3321e-005
657	8.1433	2.837	0.1	7.2143e-005
658	7.4991	3.3387	0.1	8.6518e-005
659	11.065	3.5979	0.1	4.9041e-005
660	10.5	2.9857	0.1	5.3171e-005
661	9.873	3.569	0.1	5.813e-005
662	10.488	4.1836	0.1	5.3366e-005
663	12.231	3.615	0.1	4.0887e-005
664	11.667	3.012	0.1	4.4623e-005
665	11.662	4.2039	0.1	4.4782e-005
666	13.379	3.6265	0.1	3.3538e-005
667	12.819	3.0292	0.1	3.6923e-005
668	12.817	4.2161	0.1	3.7016e-005
669	14.512	3.6356	0.1	2.6972e-005
670	13.955	3.0435	0.1	2.9998e-005
671	13.954	4.2245	0.1	3.0048e-005
672	15.639	3.6427	0.1	2.1159e-005
673	15.081	3.0544	0.1	2.3831e-005
674	15.079	4.2308	0.1	2.3852e-005
675	16.757	3.6362	0.1	1.6098e-005
676	16.207	3.0461	0.1	1.8396e-005
677	16.201	4.2355	0.1	1.8416e-005
678	17.866	3.6281	0.1	1.1775e-005
679	17.314	3.0275	0.1	1.3714e-005
680	17.313	4.223	0.1	1.372e-005
681	18.97	3.6262	0.1	8.1738e-006
682	18.416	3.0243	0.1	9.7798e-006
683	18.419	4.2247	0.1	9.7527e-006
684	20.069	3.6255	0.1	5.2954e-006
685	19.511	3.0245	0.1	6.5502e-006
686	19.524	4.2219	0.1	6.5009e-006
687	20.619	3.0234	0.1	4.012e-006
688	21.177	3.6229	0.1	3.106e-006
689	20.625	4.2294	0.1	3.9583e-006
690	20.061	2.4224	0.1	5.3177e-006
691	21.175	2.4158	0.1	3.1092e-006
692	20.628	1.8138	0.1	3.9603e-006
693	18.958	2.4226	0.1	8.2114e-006
694	19.514	1.8139	0.1	6.5182e-006
695	17.865	2.4237	0.1	1.1776e-005
696	18.416	1.8125	0.1	9.7706e-006
697	16.763	2.4374	0.1	1.607e-005
698	17.311	1.8235	0.1	1.3722e-005
699	15.648	2.4578	0.1	2.1122e-005
700	16.208	1.8407	0.1	1.8395e-005
701	14.524	2.4622	0.1	2.6906e-005
702	15.094	1.8823	0.1	2.3786e-005
703	13.395	2.4462	0.1	3.3428e-005
704	13.972	1.8706	0.1	2.9927e-005
705	12.255	2.4263	0.1	4.0698e-005
706	12.846	1.8507	0.1	3.6809e-005
707	11.102	2.3999	0.1	4.8786e-005
708	11.701	1.8138	0.1	4.447e-005
709	9.9391	2.367	0.1	5.755e-005
710	10.552	1.7915	0.1	5.2897e-005
711	9.3124	2.9503	0.1	6.2479e-005
712	9.2728	4.1489	0.1	6.3326e-005
713	21.732	3.0153	0.1	2.1628e-006
714	21.745	4.2129	0.1	2.0921e-006
715	22.301	3.6119	0.1	1.5946e-006
716	22.297	2.409	0.1	1.6018e-006
717	9.3986	1.7601	0.1	6.1829e-005
718	8.7758	2.2914	0.1	6.6709e-005
719	7.4077	4.9373	0.1	7.6072e-005
720	6.4683	5.3459	0.1	7.0111e-005
721	6.5606	4.941	0.1	8.6914e-005
722	7.1325	5.6071	0.1	7.5644e-005
723	8.5606	4.7037	0.1	6.8738e-005
724	7.1397	4.3378	0.1	8.8936e-005
725	8.1262	5.3302	0.1	7.2271e-005
726	9.888	4.7635	0.1	5.8573e-005
727	9.3991	5.3736	0.1	6.2994e-005
728	11.085	4.7896	0.1	4.914e-005
729	10.567	5.3899	0.1	5.3373e-005
730	12.248	4.805	0.1	4.0954e-005
731	11.71	5.3997	0.1	4.4749e-005
732	13.392	4.8141	0.1	3.3575e-005
733	12.844	5.4053	0.1	3.7033e-005
734	14.522	4.8196	0.1	2.6982e-005
735	13.968	5.4088	0.1	3.007e-005
736	15.642	4.8236	0.1	2.1166e-005
737	15.087	5.4108	0.1	2.387e-005
738	16.756	4.8223	0.1	1.6098e-005
739	16.202	5.4127	0.1	1.8421e-005
740	17.866	4.8196	0.1	1.1757e-005
741	17.315	5.4095	0.1	1.3696e-005
742	18.974	4.8203	0.1	8.1388e-006
743	18.426	5.41	0.1	9.7076e-006
744	20.08	4.8257	0.1	5.2203e-006
745	19.536	5.4103	0.1	6.422e-006
746	21.194	4.8194	0.1	2.9968e-006
747	20.646	5.4155	0.1	3.8468e-006
748	22.316	4.8046	0.1	1.4666e-006
749	21.764	5.404	0.1	1.9393e-006
750	22.871	4.2036	0.1	9.2985e-007
751	22.881	5.4006	0.1	7.3538e-007
752	23.438	4.8006	0.1	6.4147e-007
753	22.865	3.0056	0.1	1.0081e-006
754	23.433	3.6029	0.1	8.047e-007
755	22.869	1.8018	0.1	9.3484e-007
756	23.432	2.4027	0.1	8.0763e-007
757	1.2655	4.213	0.1	1.3597e-004
758	1.2853	3.0132	0.1	1.3884e-004
759	1.9661	3.6639	0.1	1.3011e-004
760	0.63894	3.6093	0.1	1.3794e-004
761	23.437	1.1991	0.1	6.4496e-007
762	22.88	0.59912	0.1	7.4155e-007
763	20.081	1.2053	0.1	5.2193e-006
764	20.647	0.60434	0.1	3.8391e-006
765	18.973	1.2038	0.1	8.1388e-006
766	19.536	0.60098	0.1	6.418e-006
767	17.862	1.2123	0.1	1.1779e-005
768	18.425	0.60281	0.1	9.7114e-006
769	16.755	1.2268	0.1	1.6106e-005
770	17.312	0.60944	0.1	1.3715e-005
771	15.654	1.2653	0.1	2.1117e-005
772	16.205	0.61741	0.1	1.844e-005
773	14.543	1.2907	0.1	2.6862e-005
774	15.096	0.64784	0.1	2.3824e-005
775	13.424	1.2752	0.1	3.336e-005
776	13.98	0.64287	0.1	2.9974e-005
777	12.292	1.2383	0.1	4.0625e-005
778	12.863	0.63232	0.1	3.6877e-005
779	11.151	1.2054	0.1	4.8613e-005
780	11.735	0.60599	0.1	4.4534e-005
781	10.012	1.1845	0.1	5.7203e-005
782	10.609	0.59943	0.1	5.283e-005
783	8.8605	1.1466	0.1	6.6205e-005
784	9.4814	0.58508	0.1	6.1578e-005
785	3.2271	1.3621	0.1	1.1795e-004
786	3.2245	0.87121	0.1	1.0744e-004
787	2.581	0.57048	0.1	1.2491e-004
788	1.8293	4.8596	0.1	1.3033e-004
789	0.6266	4.8037	0.1	1.3269e-004
790	1.2391	5.4037	0.1	1.3476e-004
791	0.64639	2.4038	0.1	1.3877e-004
792	2.5298	4.3104	0.1	1.2412e-004
793	8.2378	1.6779	0.1	7.1052e-005
794	7.6265	1.0598	0.1	7.2563e-005
795	8.3438	0.56151	0.1	7.0209e-005
796	7.6787	2.2137	0.1	7.9143e-005
797	7.0675	1.5955	0.1	8.0434e-005
798	7.0345	2.7153	0.1	9.3562e-005
799	6.526	0.77765	0.1	6.8585e-005
800	7.1337	0.49827	0.1	7.2808e-005
801	2.9941	5.0392	0.1	1.1353e-004
802	2.4277	5.4559	0.1	1.287e-004
803	3.6786	1.942	0.1	1.2402e-004
804	4.321	1.5416	0.1	1.3658e-004
805	4.2576	2.1504	0.1	2.2444e-004
806	4.2414	5.3333	0.1	8.7586e-005
807	3.6289	5.5833	0.1	9.5987e-005
808	6.671	3.6257	0.1	1.0208e-004
809	6.2927	4.3415	0.1	9.9906e-005
810	5.7508	4.0076	0.1	1.7861e-004
811	5.5162	5.4888	0.1	5.0751e-005
812	6.0731	5.7388	0.1	6.0236e-005
813	4.4913	4.2078	0.1	1.6146e-004
814	5.5728	0.52939	0.1	5.101e-005
815	6.1296	0.27939	0.1	5.8372e-005
816	4.3185	0.55073	0.1	7.8065e-005
817	3.706	0.30073	0.1	9.1142e-005
818	5.6086	4.5839	0.1	1.0615e-004
819	4.8408	2.9271	0.1	1.7059e-004
820	4.696	2.4723	0.1	2.4486e-004
821	5.0447	3.4548	0.1	2.777e-004
822	5.1281	2.4548	0.1	2.3756e-004
823	5.0667	5.25	0.1	7.8642e-005
824	5.0667	5.75	0.1	3.7826e-005
825	5.0667	5.5	5.e-002	4.3774e-006
826	5.0667	4.75	0.1	1.2163e-004
827	5.0667	5.	5.e-002	2.1482e-005
828	5.0667	4.25	0.1	1.904e-004
829	5.0667	4.5	5.e-002	9.267e-006
830	4.9833	4.	0.1	3.0653e-004
831	5.0667	4.	5.e-002	1.0757e-005
832	4.9	4.25	0.1	2.7406e-004
833	4.9	4.	5.e-002	4.0266e-005
834	4.9	4.75	0.1	1.5869e-004
835	4.9	4.5	5.e-002	2.1054e-005
836	4.9	5.25	0.1	9.9095e-005
837	4.9	5.	5.e-002	1.1118e-005
838	4.9	5.75	0.1	6.7964e-005
839	4.9	5.5	5.e-002	6.2841e-006
840	5.0667	0.75	0.1	7.1629e-005
841	5.0667	0.25	0.1	3.6507e-005
842	5.0667	0.5	5.e-002	4.2065e-006
843	5.0667	1.25	0.1	1.2261e-004
844	5.0667	1.	5.e-002	1.5232e-005
845	5.0667	1.75	0.1	2.1599e-004
846	5.0667	1.5	5.e-002	1.0783e-005
847	4.9833	2.	0.1	2.9307e-004
848	5.0667	2.	5.e-002	1.0481e-005
849	4.9	1.75	0.1	2.3961e-004
850	4.9	2.	5.e-002	9.8644e-006
851	4.9	1.25	0.1	1.5367e-004
852	4.9	1.5	5.e-002	1.1169e-005
853	4.9	0.75	0.1	1.0036e-004
854	4.9	1.	5.e-002	1.9005e-005
855	4.9	0.25	0.1	5.6895e-005
856	4.9	0.5	5.e-002	5.8133e-006
857	5.6235	6.	0.1	4.7772e-005
858	5.0667	6.	5.e-002	3.5413e-006
859	6.7373	6.	0.1	6.5111e-005
860	6.1804	6.	5.e-002	1.5537e-006
861	7.851	6.	0.1	7.1853e-005
862	7.2941	6.	5.e-002	2.2786e-006
863	8.9647	6.	0.1	6.6584e-005
864	8.4078	6.	5.e-002	2.2034e-006
865	10.078	6.	0.1	5.7804e-005
866	9.5216	6.	5.e-002	8.9239e-007
867	11.192	6.	0.1	4.9019e-005
868	10.635	6.	5.e-002	8.9054e-007
869	12.306	6.	0.1	4.0877e-005
870	11.749	6.	5.e-002	9.3897e-007
871	13.42	6.	0.1	3.3579e-005
872	12.863	6.	5.e-002	9.0282e-007
873	14.533	6.	0.1	2.7011e-005
874	13.976	6.	5.e-002	8.362e-007
875	15.647	6.	0.1	2.1178e-005
876	15.09	6.	5.e-002	7.5369e-007
877	16.761	6.	0.1	1.6074e-005
878	16.204	6.	5.e-002	6.7018e-007
879	17.875	6.	0.1	1.17e-005
880	17.318	6.	5.e-002	5.6717e-007
881	18.988	6.	0.1	8.0439e-006
882	18.431	6.	5.e-002	4.7977e-007
883	20.102	6.	0.1	5.1011e-006
884	19.545	6.	5.e-002	3.8316e-007
885	21.216	6.	0.1	2.8452e-006
886	20.659	6.	5.e-002	2.9587e-007
887	22.329	6.	0.1	1.2653e-006
888	21.773	6.	5.e-002	1.882e-007
889	23.443	6.	0.1	3.7943e-007
890	22.886	6.	5.e-002	1.0059e-007
891	24.	5.4	0.1	2.5518e-007
892	24.	6.	5.e-002	1.9496e-008
893	24.	4.2	0.1	5.0641e-007
894	24.	4.8	5.e-002	3.8365e-008
895	24.	3.	0.1	5.9627e-007
896	24.	3.6	5.e-002	4.1752e-008
897	24.	1.8	0.1	5.0773e-007
898	24.	2.4	5.e-002	4.2945e-008
899	24.	0.6	0.1	2.5613e-007
900	24.	1.2	5.e-002	4.0059e-008
901	1.5735e-014	1.8	0.1	1.3539e-004
902	5.2451e-015	0.6	0.1	1.1463e-004
903	1.0632e-014	1.2	5.e-002	5.3046e-006
904	2.6226e-014	3.	0.1	1.3787e-004
905	2.1264e-014	2.4	5.e-002	2.6472e-006
906	3.6716e-014	4.2	0.1	1.349e-004
907	3.1897e-014	3.6	5.e-002	2.1212e-006
908	4.7206e-014	5.4	0.1	1.143e-004
909	4.2529e-014	4.8	5.e-002	5.7029e-006
910	23.443	0.	0.1	3.8256e-007
911	24.	0.	5.e-002	2.1531e-008
912	22.329	0.	0.1	1.2743e-006
913	22.886	0.	5.e-002	1.0304e-007
914	21.216	0.	0.1	2.8383e-006
915	21.773	0.	5.e-002	1.8455e-007
916	20.102	0.	0.1	5.0935e-006
917	20.659	0.	5.e-002	2.8536e-007
918	18.988	0.	0.1	8.0468e-006
919	19.545	0.	5.e-002	3.8504e-007
920	17.875	0.	0.1	1.1706e-005
921	18.431	0.	5.e-002	4.7932e-007
922	16.761	0.	0.1	1.6113e-005
923	17.318	0.	5.e-002	5.8086e-007
924	15.647	0.	0.1	2.1208e-005
925	16.204	0.	5.e-002	6.6826e-007
926	14.533	0.	0.1	2.6998e-005
927	15.09	0.	5.e-002	6.7801e-007
928	13.42	0.	0.1	3.3552e-005
929	13.976	0.	5.e-002	7.7187e-007
930	12.306	0.	0.1	4.0845e-005
931	12.863	0.	5.e-002	8.7235e-007
932	11.192	0.	0.1	4.8802e-005
933	11.749	0.	5.e-002	9.8977e-007
934	10.078	0.	0.1	5.7241e-005
935	10.635	0.	5.e-002	9.3669e-007
936	8.9647	0.	0.1	6.5592e-005
937	9.5216	0.	5.e-002	7.8003e-007
938	7.851	0.	0.1	7.0353e-005
939	8.4078	0.	5.e-002	9.5108e-007
940	6.7373	0.	0.1	6.2089e-005
941	7.2941	0.	5.e-002	1.6075e-006
942	5.6235	0.	0.1	4.4294e-005
943	6.1804	0.	5.e-002	1.327e-006
944	5.0667	0.	5.e-002	4.9831e-006
945	4.2875	-2.0169e-030	0.1	7.099e-005
946	4.9	-2.3051e-030	5.e-002	8.2069e-006
947	3.0625	-1.4407e-030	0.1	1.0849e-004
948	3.675	0.	5.e-002	4.0353e-006
949	1.8375	-8.6439e-031	0.1	1.3412e-004
950	2.45	0.	5.e-002	3.152e-006
951	0.6125	-2.8813e-031	0.1	1.1662e-004
952	1.225	0.	5.e-002	3.5179e-006
953	0.	0.	5.e-002	2.702e-005
954	0.6125	6.	0.1	1.1629e-004
955	5.2451e-014	6.	5.e-002	2.8391e-005
956	1.8375	6.	0.1	1.3341e-004
957	1.225	6.	5.e-002	3.3858e-006
958	3.0625	6.	0.1	1.1102e-004
959	2.45	6.	5.e-002	2.4164e-006
960	4.2875	6.	0.1	7.7379e-005
961	3.675	6.	5.e-002	1.4467e-006
962	4.9	6.	5.e-002	9.2724e-006
963	3.0625	6.	0.	3.8405e-005
964	4.2875	6.	0.	2.6235e-005
965	1.8375	6.	0.	5.4642e-005
966	0.6125	6.	0.	3.4228e-005
967	4.9	5.75	0.	2.4063e-005
968	4.7206e-014	5.4	0.	1.325e-006
969	1.8375	-8.6439e-031	0.	5.3146e-005
970	0.6125	-2.8813e-031	0.	3.4161e-005
971	3.0625	-1.4407e-030	0.	3.9809e-005
972	4.2875	-2.0169e-030	0.	2.2713e-005
973	4.9	0.25	0.	2.0861e-005
974	5.2451e-015	0.6	0.	1.1505e-006
975	6.7373	0.	0.	2.3945e-005
976	5.6235	0.	0.	1.4659e-005
977	7.851	0.	0.	2.4945e-005
978	8.9647	0.	0.	2.2033e-005
979	10.078	0.	0.	1.9236e-005
980	11.192	0.	0.	1.6591e-005
981	12.306	0.	0.	1.4017e-005
982	13.42	0.	0.	1.171e-005
983	14.533	0.	0.	9.6813e-006
984	15.647	0.	0.	7.8731e-006
985	16.761	0.	0.	6.2473e-006
986	17.875	0.	0.	4.7929e-006
987	18.988	0.	0.	3.5782e-006
988	20.102	0.	0.	2.589e-006
989	21.216	0.	0.	1.7981e-006
990	22.329	0.	0.	1.1662e-006
991	23.443	0.	0.	6.7687e-007
992	5.0667	0.25	0.	1.382e-005
993	24.	0.6	0.	6.1255e-007
994	3.6716e-014	4.2	0.	9.2707e-008
995	2.6226e-014	3.	0.	4.4547e-008
996	1.5735e-014	1.8	0.	8.7685e-008
997	24.	1.8	0.	9.6002e-007
998	24.	3.	0.	1.151e-006
999	24.	4.2	0.	9.5984e-007
1000	24.	5.4	0.	6.1305e-007
1001	23.443	6.	0.	6.7649e-007
1002	22.329	6.	0.	1.1516e-006
1003	21.216	6.	0.	1.788e-006
1004	20.102	6.	0.	2.59e-006
1005	18.988	6.	0.	3.5762e-006
1006	17.875	6.	0.	4.7727e-006
1007	16.761	6.	0.	6.1943e-006
1008	15.647	6.	0.	7.8394e-006
1009	14.533	6.	0.	9.7062e-006
1010	13.42	6.	0.	1.1816e-005
1011	12.306	6.	0.	1.4163e-005
1012	11.192	6.	0.	1.6651e-005
1013	10.078	6.	0.	1.9253e-005
1014	8.9647	6.	0.	2.3583e-005
1015	7.851	6.	0.	2.7958e-005
1016	6.7373	6.	0.	2.2957e-005
1017	5.6235	6.	0.	1.6897e-005
1018	5.0667	5.75	0.	1.382e-005
1019	4.9	1.25	0.	8.0292e-005
1020	4.9	1.75	0.	8.8593e-005
1021	4.9	0.75	0.	4.0957e-005
1022	4.9833	2.	0.	8.4356e-005
1023	5.0667	0.75	0.	3.0085e-005
1024	5.0667	1.25	0.	6.2788e-005
1025	5.0667	1.75	0.	7.2486e-005
1026	4.9	4.75	0.	5.5042e-005
1027	4.9	4.25	0.	9.6299e-005
1028	4.9	5.25	0.	2.9873e-005
1029	4.9833	4.	0.	9.9727e-005
1030	5.0667	5.25	0.	3.8885e-005
1031	5.0667	4.75	0.	7.652e-005
1032	5.0667	4.25	0.	7.3693e-005
