Node Number	X Location (in)	Y Location (in)	Z Location (in)	Maximum Principal Stress (psi)
1	5.1895	2.9096	0.	546.74
2	4.4921	2.9447	0.	258.38
3	6.1504	4.6678	0.	123.06
4	3.7369	0.60146	0.	180.73
5	6.0789	0.55877	0.	99.612
6	4.0826	3.9156	0.	75.648
7	5.9658	5.4775	0.	105.46
8	6.4349	4.0153	0.	-65.983
9	6.9072	3.2361	0.	-5.4898
10	3.5828	5.1666	0.	105.54
11	3.6152	2.3008	0.	-70.207
12	3.7421	1.5832	0.	164.39
13	2.4054	4.9118	0.	-32.609
14	6.9732	0.99653	0.	8.6229
15	7.1617	2.1946	0.	14.021
16	8.1957	2.2327	0.	-13.115
17	8.2798	1.123	0.	7.7671
18	2.6543	3.709	0.	-25.836
19	1.2928	2.4077	0.	311.68
20	1.2532	4.8074	0.	275.13
21	2.7121	1.141	0.	-13.653
22	9.4412	1.1702	0.	-0.6058
23	10.582	1.1989	0.	-4.9773e-002
24	11.721	1.212	0.	0.89059
25	12.864	1.2646	0.	4.0851
26	13.984	1.2857	0.	6.1864
27	15.103	1.2957	0.	7.5035
28	16.205	1.2348	0.	7.968
29	17.306	1.2189	0.	8.2224
30	18.419	1.2056	0.	8.5104
31	19.527	1.202	0.	8.66
32	20.635	1.2087	0.	8.5867
33	22.875	1.1982	0.	7.6267
34	1.2779	3.6187	0.	284.93
35	22.864	2.4054	0.	10.655
36	22.866	3.6059	0.	10.688
37	22.876	4.8012	0.	7.6574
38	21.755	4.808	0.	8.264
39	20.632	4.8309	0.	8.4661
40	19.528	4.8205	0.	8.6044
41	18.42	4.8201	0.	8.4922
42	17.313	4.819	0.	8.241
43	16.2	4.8255	0.	7.8451
44	15.084	4.8217	0.	7.0718
45	13.96	4.8176	0.	5.6445
46	12.825	4.8106	0.	3.0845
47	11.671	4.7994	0.	7.0667e-002
48	10.499	4.7798	0.	-4.1287
49	9.2766	4.7471	0.	7.0402
50	7.8446	4.6604	0.	-10.928
51	6.9709	5.2143	0.	16.091
52	9.3559	2.35	0.	3.12
53	21.729	2.4127	0.	10.7
54	21.736	3.6179	0.	10.664
55	9.269	3.5506	0.	5.0075
56	10.522	2.3841	0.	-0.24085
57	11.682	2.4157	0.	-0.8505
58	12.828	2.4369	0.	3.1456
59	13.961	2.4555	0.	6.1966
60	15.086	2.4689	0.	8.1327
61	16.211	2.4466	0.	9.2849
62	17.316	2.4282	0.	10.002
63	18.414	2.4193	0.	10.196
64	19.502	2.4259	0.	10.396
65	20.621	2.419	0.	10.532
66	20.618	3.6279	0.	10.626
67	19.521	3.6232	0.	10.572
68	18.419	3.6293	0.	10.304
69	17.312	3.6269	0.	9.8197
70	16.202	3.6455	0.	9.0549
71	15.075	3.6398	0.	7.96
72	13.948	3.6314	0.	5.892
73	12.809	3.6215	0.	2.4048
74	11.653	3.6084	0.	-0.27699
75	10.477	3.5874	0.	-2.9437
76	8.091	3.4413	0.	-20.267
77	5.773	5.0507	0.	96.414
78	21.748	1.2099	0.	8.2878
79	4.065	1.0597	0.	111.36
80	1.3039	1.2072	0.	260.47
81	3.7319	4.4623	0.	96.609
82	4.5078	3.537	0.	265.54
83	5.7878	1.0101	0.	122.22
84	6.0692	1.4913	0.	139.74
85	6.1395	2.1711	0.	-23.38
86	3.6487	3.1233	0.	57.541
87	2.4474	2.4107	0.	-76.176
88	5.8058	3.0779	0.	135.79
89	5.8058	3.0779	0.1	1260.3
90	2.4474	2.4107	0.1	1406.4
91	3.6487	3.1233	0.1	1504.
92	6.1395	2.1711	0.1	1163.9
93	6.0692	1.4913	0.1	851.8
94	5.7878	1.0101	0.1	524.9
95	4.5078	3.537	0.1	1665.1
96	3.7319	4.4623	0.1	1126.2
97	1.3039	1.2072	0.1	1315.1
98	4.065	1.0597	0.1	761.68
99	21.748	1.2099	0.1	18.084
100	5.773	5.0507	0.1	648.5
101	8.091	3.4413	0.1	755.5
102	10.477	3.5874	0.1	537.81
103	11.653	3.6084	0.1	448.35
104	12.809	3.6215	0.1	369.42
105	13.948	3.6314	0.1	298.86
106	15.075	3.6398	0.1	236.42
107	16.202	3.6455	0.1	181.65
108	17.312	3.6269	0.1	134.62
109	18.419	3.6293	0.1	94.862
110	19.521	3.6232	0.1	62.38
111	20.618	3.6279	0.1	37.237
112	20.621	2.419	0.1	37.215
113	19.502	2.4259	0.1	62.981
114	18.414	2.4193	0.1	95.16
115	17.316	2.4282	0.1	134.32
116	16.211	2.4466	0.1	181.25
117	15.086	2.4689	0.1	235.85
118	13.961	2.4555	0.1	297.9
119	12.828	2.4369	0.1	367.84
120	11.682	2.4157	0.1	445.84
121	10.522	2.3841	0.1	533.86
122	9.269	3.5506	0.1	635.53
123	21.736	3.6179	0.1	18.611
124	21.729	2.4127	0.1	18.703
125	9.3559	2.35	0.1	624.77
126	6.9709	5.2143	0.1	784.63
127	7.8446	4.6604	0.1	762.25
128	9.2766	4.7471	0.1	642.1
129	10.499	4.7798	0.1	538.51
130	11.671	4.7994	0.1	448.27
131	12.825	4.8106	0.1	369.7
132	13.96	4.8176	0.1	298.99
133	15.084	4.8217	0.1	236.52
134	16.2	4.8255	0.1	182.05
135	17.313	4.819	0.1	134.81
136	18.42	4.8201	0.1	95.058
137	19.528	4.8205	0.1	62.361
138	20.632	4.8309	0.1	36.756
139	21.755	4.808	0.1	18.025
140	22.876	4.8012	0.1	6.4047
141	22.866	3.6059	0.1	7.0196
142	22.864	2.4054	0.1	7.0756
143	1.2779	3.6187	0.1	1395.6
144	22.875	1.1982	0.1	6.4743
145	20.635	1.2087	0.1	36.781
146	19.527	1.202	0.1	62.254
147	18.419	1.2056	0.1	95.149
148	17.306	1.2189	0.1	135.16
149	16.205	1.2348	0.1	181.83
150	15.103	1.2957	0.1	235.48
151	13.984	1.2857	0.1	297.24
152	12.864	1.2646	0.1	366.5
153	11.721	1.212	0.1	444.36
154	10.582	1.1989	0.1	528.63
155	9.4412	1.1702	0.1	620.12
156	2.7121	1.141	0.1	1238.1
157	1.2532	4.8074	0.1	1317.2
158	1.2928	2.4077	0.1	1391.7
159	2.6543	3.709	0.1	1330.6
160	8.2798	1.123	0.1	709.59
161	8.1957	2.2327	0.1	733.88
162	7.1617	2.1946	0.1	884.8
163	6.9732	0.99653	0.1	746.01
164	2.4054	4.9118	0.1	1324.3
165	3.7421	1.5832	0.1	1126.3
166	3.6152	2.3008	0.1	1392.2
167	3.5828	5.1666	0.1	972.16
168	6.9072	3.2361	0.1	1050.
169	6.4349	4.0153	0.1	1128.2
170	5.9658	5.4775	0.1	603.62
171	4.0826	3.9156	0.1	1367.4
172	6.0789	0.55877	0.1	606.62
173	3.7369	0.60146	0.1	911.17
174	6.1504	4.6678	0.1	932.26
175	4.4921	2.9447	0.1	1623.3
176	5.1895	2.9096	0.1	1495.1
177	5.0667	5.5	0.1	500.64
178	5.0667	5.	0.1	1046.3
179	5.0667	4.5	0.1	1139.9
180	5.0667	4.	0.1	2848.6
181	4.9	4.	0.1	4176.8
182	4.9	4.5	0.1	1980.2
183	4.9	5.	0.1	1335.1
184	4.9	5.5	0.1	885.62
185	5.0667	0.5	0.1	503.55
186	5.0667	1.	0.1	970.83
187	5.0667	1.5	0.1	1345.5
188	5.0667	2.	0.1	3328.4
189	4.9	2.	0.1	3442.5
190	4.9	1.5	0.1	1614.6
191	4.9	1.	0.1	1318.
192	4.9	0.5	0.1	766.05
193	5.0667	6.	0.1	441.01
194	6.1804	6.	0.1	583.47
195	7.2941	6.	0.1	710.15
196	8.4078	6.	0.1	693.3
197	9.5216	6.	0.1	624.44
198	10.635	6.	0.1	533.3
199	11.749	6.	0.1	444.62
200	12.863	6.	0.1	367.76
201	13.976	6.	0.1	298.09
202	15.09	6.	0.1	235.89
203	16.204	6.	0.1	180.99
204	17.318	6.	0.1	133.51
205	18.431	6.	0.1	93.361
206	19.545	6.	0.1	60.345
207	20.659	6.	0.1	34.65
208	21.773	6.	0.1	15.663
209	22.886	6.	0.1	3.9344
210	24.	6.	0.1	-0.32627
211	24.	4.8	0.1	2.1471
212	24.	3.6	0.1	3.0707
213	24.	2.4	0.1	3.0955
214	24.	1.2	0.1	2.1666
215	1.049e-014	1.2	0.1	1969.2
216	2.0981e-014	2.4	0.1	2051.1
217	3.1471e-014	3.6	0.1	2040.5
218	4.1961e-014	4.8	0.1	1964.4
219	24.	0.	0.1	-0.32239
220	22.886	0.	0.1	4.0032
221	21.773	0.	0.1	15.687
222	20.659	0.	0.1	34.397
223	19.545	0.	0.1	60.375
224	18.431	0.	0.1	93.337
225	17.318	0.	0.1	133.45
226	16.204	0.	0.1	181.53
227	15.09	0.	0.1	235.97
228	13.976	0.	0.1	298.05
229	12.863	0.	0.1	367.91
230	11.749	0.	0.1	444.71
231	10.635	0.	0.1	527.8
232	9.5216	0.	0.1	616.89
233	8.4078	0.	0.1	693.91
234	7.2941	0.	0.1	686.65
235	6.1804	0.	0.1	533.17
236	5.0667	0.	0.1	418.1
237	4.9	0.	0.1	670.7
238	3.675	-1.7288e-030	0.1	846.38
239	2.45	-1.1525e-030	0.1	1339.
240	1.225	-5.7626e-031	0.1	1318.7
241	0.	0.	0.1	1459.8
242	3.937e-014	6.	0.1	1455.9
243	1.225	6.	0.1	1324.5
244	2.45	6.	0.1	1333.5
245	3.675	6.	0.1	887.21
246	4.9	6.	0.1	744.91
247	3.675	6.	0.	76.428
248	2.45	6.	0.	-19.277
249	1.225	6.	0.	196.89
250	4.9	6.	0.	-86.707
251	3.937e-014	6.	0.	-624.83
252	1.225	-5.7626e-031	0.	206.74
253	2.45	-1.1525e-030	0.	-8.2174
254	3.675	-1.7288e-030	0.	53.075
255	4.9	0.	0.	-69.046
256	0.	0.	0.	-637.25
257	6.1804	0.	0.	17.024
258	7.2941	0.	0.	57.543
259	8.4078	0.	0.	11.56
260	9.5216	0.	0.	2.6732e-002
261	10.635	0.	0.	4.7192
262	11.749	0.	0.	5.5983
263	12.863	0.	0.	6.2846
264	13.976	0.	0.	8.0182
265	15.09	0.	0.	9.2244
266	16.204	0.	0.	10.458
267	17.318	0.	0.	10.683
268	18.431	0.	0.	10.608
269	19.545	0.	0.	10.55
270	20.659	0.	0.	10.34
271	21.773	0.	0.	9.4613
272	22.886	0.	0.	7.6174
273	5.0667	0.	0.	-39.555
274	24.	0.	0.	5.1365
275	4.1961e-014	4.8	0.	-963.73
276	3.1471e-014	3.6	0.	-1006.3
277	2.0981e-014	2.4	0.	-1010.8
278	1.049e-014	1.2	0.	-965.97
279	24.	1.2	0.	6.8
280	24.	2.4	0.	10.068
281	24.	3.6	0.	10.08
282	24.	4.8	0.	6.8061
283	24.	6.	0.	5.1549
284	22.886	6.	0.	7.5998
285	21.773	6.	0.	9.2096
286	20.659	6.	0.	10.304
287	19.545	6.	0.	10.52
288	18.431	6.	0.	10.566
289	17.318	6.	0.	10.257
290	16.204	6.	0.	9.9802
291	15.09	6.	0.	9.3074
292	13.976	6.	0.	8.5677
293	12.863	6.	0.	7.8529
294	11.749	6.	0.	6.989
295	10.635	6.	0.	2.1553
296	9.5216	6.	0.	3.2841
297	8.4078	6.	0.	46.279
298	7.2941	6.	0.	50.935
299	6.1804	6.	0.	-4.5501
300	5.0667	6.	0.	-46.206
301	4.9	1.5	0.	375.13
302	4.9	1.	0.	259.23
303	4.9	0.5	0.	-126.54
304	4.9	2.	0.	-296.31
305	5.0667	0.5	0.	-83.992
306	5.0667	1.	0.	209.43
307	5.0667	1.5	0.	303.27
308	5.0667	2.	0.	-263.42
309	4.9	4.5	0.	90.117
310	4.9	5.	0.	-145.54
311	4.9	5.5	0.	-107.17
312	4.9	4.	0.	-188.25
313	5.0667	5.5	0.	-86.065
314	5.0667	5.	0.	397.98
315	5.0667	4.5	0.	483.16
316	5.0667	4.	0.	-352.78
317	4.8408	2.9271	0.	394.42
318	5.4977	2.9938	0.	339.89
319	5.1895	2.9096	5.e-002	17.26
320	5.1281	2.4548	0.	112.33
321	5.0447	3.4548	0.	49.482
322	4.4999	3.2408	0.	215.54
323	4.0704	3.034	0.	82.401
324	4.4921	2.9447	5.e-002	25.389
325	4.696	2.4723	0.	-34.366
326	6.2927	4.3415	0.	20.187
327	6.5606	4.941	0.	53.66
328	5.9617	4.8593	0.	84.073
329	6.1504	4.6678	5.e-002	85.162
330	5.6086	4.5839	0.	218.52
331	3.2245	0.87121	0.	10.766
332	3.901	0.83059	0.	142.06
333	3.7369	0.60146	5.e-002	48.341
334	3.706	0.30073	0.	114.55
335	4.3185	0.55073	0.	-36.115
336	6.526	0.77765	0.	37.492
337	5.9334	0.78442	0.	108.93
338	6.0789	0.55877	5.e-002	30.879
339	6.1296	0.27939	0.	56.051
340	5.5728	0.52939	0.	-34.593
341	3.9073	4.1889	0.	63.548
342	4.2952	3.7263	0.	140.16
343	3.8656	3.5194	0.	62.727
344	4.0826	3.9156	5.e-002	37.602
345	4.4913	4.2078	0.	10.703
346	6.4683	5.3459	0.	47.047
347	5.8694	5.2641	0.	100.51
348	5.9658	5.4775	5.e-002	33.144
349	6.0731	5.7388	0.	39.552
350	5.5162	5.4888	0.	-38.657
351	6.671	3.6257	0.	-36.918
352	7.1397	4.3378	0.	-38.519
353	6.4349	4.0153	5.e-002	27.682
354	5.7508	4.0076	0.	-223.04
355	7.0345	2.7153	0.	3.6614
356	7.4991	3.3387	0.	-14.386
357	6.3565	3.157	0.	35.97
358	6.9072	3.2361	5.e-002	33.445
359	2.9941	5.0392	0.	-14.642
360	3.6574	4.8144	0.	101.07
361	3.5828	5.1666	5.e-002	20.225
362	3.6289	5.5833	0.	90.519
363	4.2414	5.3333	0.	-52.457
364	3.6786	1.942	0.	23.04
365	3.632	2.712	0.	-9.7344
366	3.0313	2.3557	0.	-73.275
367	3.6152	2.3008	5.e-002	15.605
368	4.2576	2.1504	0.	-246.3
369	3.2271	1.3621	0.	48.841
370	3.9036	1.3215	0.	118.9
371	3.7421	1.5832	5.e-002	85.092
372	4.321	1.5416	0.	191.26
373	2.5298	4.3104	0.	-29.225
374	1.8293	4.8596	0.	121.24
375	2.4054	4.9118	5.e-002	16.633
376	2.4277	5.4559	0.	-27.979
377	7.0675	1.5955	0.	10.702
378	7.6265	1.0598	0.	7.9536
379	6.5212	1.2439	0.	66.729
380	6.9732	0.99653	5.e-002	13.914
381	7.1337	0.49827	0.	21.916
382	7.6787	2.2137	0.	-6.8987e-002
383	6.6506	2.1828	0.	-5.645
384	7.1617	2.1946	5.e-002	21.878
385	8.2378	1.6779	0.	-2.8396
386	8.7758	2.2914	0.	-5.0461
387	8.1433	2.837	0.	-17.4
388	8.1957	2.2327	5.e-002	2.823
389	8.8605	1.1466	0.	3.5553
390	8.2798	1.123	5.e-002	3.9214
391	8.3438	0.56151	0.	9.6598
392	1.9661	3.6639	0.	129.43
393	3.1931	4.0857	0.	-6.7561
394	3.1515	3.4161	0.	13.754
395	2.5508	3.0599	0.	-51.455
396	2.6543	3.709	5.e-002	21.547
397	1.2853	3.0132	0.	298.3
398	1.2983	1.8075	0.	285.95
399	1.8701	2.4092	0.	117.56
400	1.2928	2.4077	5.e-002	11.363
401	0.64639	2.4038	0.	-350.42
402	1.2655	4.213	0.	279.95
403	1.2532	4.8074	5.e-002	17.554
404	1.2391	5.4037	0.	235.68
405	0.6266	4.8037	0.	-346.37
406	2.008	1.1741	0.	123.27
407	2.5797	1.7758	0.	-45.117
408	2.7121	1.141	5.e-002	28.037
409	2.581	0.57048	0.	-28.383
410	10.012	1.1845	0.	-0.32858
411	9.3986	1.7601	0.	1.2569
412	9.4412	1.1702	5.e-002	4.6363
413	9.4814	0.58508	0.	-2.997
414	11.151	1.2054	0.	-0.51928
415	10.552	1.7915	0.	-0.14586
416	10.582	1.1989	5.e-002	3.7755
417	10.609	0.59943	0.	0.42716
418	12.292	1.2383	0.	2.4696
419	11.701	1.8138	0.	-0.65884
420	11.721	1.212	5.e-002	3.3659
421	11.735	0.60599	0.	3.0052
422	13.424	1.2752	0.	5.128
423	12.846	1.8507	0.	3.4217
424	12.864	1.2646	5.e-002	3.199
425	12.863	0.63232	0.	4.9502
426	14.543	1.2907	0.	6.8362
427	13.972	1.8706	0.	5.9861
428	13.984	1.2857	5.e-002	2.916
429	13.98	0.64287	0.	6.8445
430	15.654	1.2653	0.	7.724
431	15.094	1.8823	0.	7.5967
432	15.103	1.2957	5.e-002	2.5828
433	15.096	0.64784	0.	8.124
434	16.755	1.2268	0.	8.0811
435	16.208	1.8407	0.	8.3982
436	16.205	1.2348	5.e-002	2.2527
437	16.205	0.61741	0.	8.9401
438	17.862	1.2123	0.	8.3526
439	17.311	1.8235	0.	8.8714
440	17.306	1.2189	5.e-002	1.9691
441	17.312	0.60944	0.	9.2063
442	18.973	1.2038	0.	8.5715
443	18.416	1.8125	0.	9.1069
444	18.419	1.2056	5.e-002	1.631
445	18.425	0.60281	0.	9.3174
446	20.081	1.2053	0.	8.6098
447	19.514	1.8139	0.	9.2923
448	19.527	1.202	5.e-002	1.3057
449	19.536	0.60098	0.	9.3595
450	20.628	1.8138	0.	9.3359
451	21.192	1.2093	0.	8.4282
452	20.635	1.2087	5.e-002	0.99936
453	20.647	0.60434	0.	9.2163
454	22.869	1.8018	0.	9.0267
455	22.311	1.2041	0.	7.9572
456	22.875	1.1982	5.e-002	0.44871
457	22.88	0.59912	0.	7.3962
458	23.437	1.1991	0.	7.1779
459	1.2779	3.6187	5.e-002	10.518
460	0.63894	3.6093	0.	-361.21
461	22.865	3.0056	0.	10.601
462	22.297	2.409	0.	10.678
463	22.864	2.4054	5.e-002	0.42843
464	23.432	2.4027	0.	10.359
465	22.871	4.2036	0.	9.0588
466	22.301	3.6119	0.	10.676
467	22.866	3.6059	5.e-002	0.43294
468	23.433	3.6029	0.	10.381
469	22.316	4.8046	0.	7.9607
470	22.876	4.8012	5.e-002	0.44658
471	23.438	4.8006	0.	7.1944
472	22.881	5.4006	0.	7.4081
473	21.194	4.8194	0.	8.3561
474	21.745	4.2129	0.	9.2745
475	21.755	4.808	5.e-002	0.6812
476	21.764	5.404	0.	8.4976
477	20.08	4.8257	0.	8.5202
478	20.625	4.2294	0.	9.3267
479	20.632	4.8309	5.e-002	0.99434
480	20.646	5.4155	0.	9.1394
481	18.974	4.8203	0.	8.5343
482	19.524	4.2219	0.	9.3596
483	19.528	4.8205	5.e-002	1.3179
484	19.536	5.4103	0.	9.3329
485	17.866	4.8196	0.	8.3534
486	18.419	4.2247	0.	9.1604
487	18.42	4.8201	5.e-002	1.6115
488	18.426	5.41	0.	9.2989
489	16.756	4.8223	0.	8.0331
490	17.313	4.223	0.	8.8003
491	17.313	4.819	5.e-002	1.9323
492	17.315	5.4095	0.	9.021
493	15.642	4.8236	0.	7.4472
494	16.201	4.2355	0.	8.2202
495	16.2	4.8255	5.e-002	2.2625
496	16.202	5.4127	0.	8.6852
497	14.522	4.8196	0.	6.3474
498	15.079	4.2308	0.	7.3023
499	15.084	4.8217	5.e-002	2.6083
500	15.087	5.4108	0.	7.97
501	13.392	4.8141	0.	4.352
502	13.954	4.2245	0.	5.5641
503	13.96	4.8176	5.e-002	2.9044
504	13.968	5.4088	0.	6.8875
505	12.248	4.805	0.	1.4493
506	12.817	4.2161	0.	2.5595
507	12.825	4.8106	5.e-002	3.1898
508	12.844	5.4053	0.	5.2586
509	11.085	4.7896	0.	-2.1811
510	11.662	4.2039	0.	-0.22231
511	11.671	4.7994	5.e-002	3.5361
512	11.71	5.3997	0.	3.2209
513	9.888	4.7635	0.	1.4498
514	10.488	4.1836	0.	-3.537
515	10.499	4.7798	5.e-002	3.2
516	10.567	5.3899	0.	-3.4991
517	8.5606	4.7037	0.	-2.249
518	9.2728	4.1489	0.	6.0132
519	9.2766	4.7471	5.e-002	2.4454
520	9.3991	5.3736	0.	5.1391
521	7.4077	4.9373	0.	-4.2418
522	7.9678	4.0508	0.	-16.027
523	7.8446	4.6604	5.e-002	8.8643
524	8.1262	5.3302	0.	-4.9581
525	6.9709	5.2143	5.e-002	20.115
526	7.1325	5.6071	0.	31.049
527	9.3124	2.9503	0.	4.0448
528	9.9391	2.367	0.	1.4392
529	9.3559	2.35	5.e-002	4.3384
530	21.732	3.0153	0.	10.55
531	21.175	2.4158	0.	10.616
532	21.739	1.8113	0.	9.3058
533	21.729	2.4127	5.e-002	0.70756
534	21.177	3.6229	0.	10.645
535	21.736	3.6179	5.e-002	0.68409
536	9.873	3.569	0.	1.0046
537	8.68	3.496	0.	-8.9993
538	9.269	3.5506	5.e-002	1.5963
539	11.102	2.3999	0.	-0.54596
540	10.5	2.9857	0.	-1.5949
541	10.522	2.3841	5.e-002	4.4978
542	12.255	2.4263	0.	0.56359
543	11.667	3.012	0.	-0.56479
544	11.682	2.4157	5.e-002	3.4418
545	13.395	2.4462	0.	4.6702
546	12.819	3.0292	0.	2.6153
547	12.828	2.4369	5.e-002	3.2439
548	14.524	2.4622	0.	7.1639
549	13.955	3.0435	0.	5.8613
550	13.961	2.4555	5.e-002	3.036
551	15.648	2.4578	0.	8.7069
552	15.081	3.0544	0.	7.845
553	15.086	2.4689	5.e-002	2.6604
554	16.763	2.4374	0.	9.6421
555	16.207	3.0461	0.	8.952
556	16.211	2.4466	5.e-002	2.2148
557	17.865	2.4237	0.	10.098
558	17.314	3.0275	0.	9.6871
559	17.316	2.4282	5.e-002	1.8986
560	18.958	2.4226	0.	10.295
561	18.416	3.0243	0.	10.035
562	18.414	2.4193	5.e-002	1.641
563	20.061	2.4224	0.	10.464
564	19.511	3.0245	0.	10.274
565	19.502	2.4259	5.e-002	1.3051
566	20.619	3.0234	0.	10.399
567	20.621	2.419	5.e-002	0.98992
568	20.069	3.6255	0.	10.598
569	20.618	3.6279	5.e-002	0.99428
570	18.97	3.6262	0.	10.436
571	19.521	3.6232	5.e-002	1.3129
572	17.866	3.6281	0.	10.061
573	18.419	3.6293	5.e-002	1.6324
574	16.757	3.6362	0.	9.4361
575	17.312	3.6269	5.e-002	1.9541
576	15.639	3.6427	0.	8.5065
577	16.202	3.6455	5.e-002	2.2637
578	14.512	3.6356	0.	6.9242
579	15.075	3.6398	5.e-002	2.6391
580	13.379	3.6265	0.	4.1468
581	13.948	3.6314	5.e-002	2.9294
582	12.231	3.615	0.	-0.19411
583	12.809	3.6215	5.e-002	3.2406
584	11.065	3.5979	0.	-1.618
585	11.653	3.6084	5.e-002	3.7158
586	10.477	3.5874	5.e-002	4.0403
587	8.091	3.4413	5.e-002	14.12
588	5.773	5.0507	5.e-002	4.0443
589	5.4198	5.0254	0.	199.72
590	21.748	1.2099	5.e-002	0.69624
591	21.76	0.60495	0.	8.6276
592	4.065	1.0597	5.e-002	8.4179
593	4.4825	1.0299	0.	161.93
594	1.3039	1.2072	5.e-002	18.692
595	1.2645	0.60361	0.	233.27
596	0.65195	1.2036	0.	-355.16
597	3.7319	4.4623	5.e-002	35.279
598	4.316	4.7311	0.	-60.214
599	4.5078	3.537	5.e-002	50.782
600	4.7039	3.7685	0.	-90.041
601	5.9285	1.2507	0.	118.66
602	5.7878	1.0101	5.e-002	1.9901
603	5.4272	1.005	0.	142.08
604	6.1043	1.8312	0.	49.22
605	6.0692	1.4913	5.e-002	54.224
606	5.5679	1.4957	0.	155.5
607	5.9727	2.6245	0.	26.894
608	6.1395	2.1711	5.e-002	9.4979
609	5.6031	2.0856	0.	-161.32
610	3.6487	3.1233	5.e-002	46.045
611	2.4474	2.4107	5.e-002	10.941
612	5.8058	3.0779	5.e-002	22.312
613	5.4363	3.539	0.	-142.33
614	5.9727	2.6245	0.1	1200.1
615	6.3565	3.157	0.1	1155.
616	5.4977	2.9938	0.1	1376.4
617	5.4363	3.539	0.1	2007.9
618	2.5797	1.7758	0.1	1319.
619	1.8701	2.4092	0.1	1399.1
620	2.5508	3.0599	0.1	1366.9
621	3.0313	2.3557	0.1	1397.5
622	3.1515	3.4161	0.1	1417.1
623	3.632	2.712	0.1	1441.5
624	3.8656	3.5194	0.1	1427.1
625	4.0704	3.034	0.1	1558.5
626	6.1043	1.8312	0.1	1007.8
627	6.6506	2.1828	0.1	1014.
628	5.6031	2.0856	0.1	2245.5
629	5.9285	1.2507	0.1	681.5
630	6.5212	1.2439	0.1	797.11
631	5.5679	1.4957	0.1	1035.1
632	5.9334	0.78442	0.1	563.66
633	5.4272	1.005	0.1	723.82
634	4.2952	3.7263	0.1	1515.2
635	4.4999	3.2408	0.1	1597.3
636	4.7039	3.7685	0.1	2901.3
637	3.1931	4.0857	0.1	1222.5
638	3.6574	4.8144	0.1	1049.2
639	3.9073	4.1889	0.1	1246.5
640	4.316	4.7311	0.1	1195.5
641	2.008	1.1741	0.1	1276.4
642	1.2983	1.8075	0.1	1351.3
643	0.65195	1.2036	0.1	1638.3
644	1.2645	0.60361	0.1	1313.
645	3.9036	1.3215	0.1	933.03
646	3.901	0.83059	0.1	833.17
647	4.4825	1.0299	0.1	1016.3
648	21.739	1.8113	0.1	18.208
649	22.311	1.2041	0.1	12.278
650	21.192	1.2093	0.1	27.423
651	21.76	0.60495	0.1	16.64
652	5.8694	5.2641	0.1	625.55
653	5.9617	4.8593	0.1	786.56
654	5.4198	5.0254	0.1	793.68
655	8.68	3.496	0.1	695.47
656	7.9678	4.0508	0.1	758.75
657	8.1433	2.837	0.1	744.68
658	7.4991	3.3387	0.1	902.56
659	11.065	3.5979	0.1	493.08
660	10.5	2.9857	0.1	535.73
661	9.873	3.569	0.1	586.67
662	10.488	4.1836	0.1	538.05
663	12.231	3.615	0.1	408.88
664	11.667	3.012	0.1	446.96
665	11.662	4.2039	0.1	448.16
666	13.379	3.6265	0.1	334.14
667	12.819	3.0292	0.1	368.47
668	12.817	4.2161	0.1	369.38
669	14.512	3.6356	0.1	267.64
670	13.955	3.0435	0.1	298.2
671	13.954	4.2245	0.1	298.72
672	15.639	3.6427	0.1	209.03
673	15.081	3.0544	0.1	235.94
674	15.079	4.2308	0.1	236.26
675	16.757	3.6362	0.1	158.13
676	16.207	3.0461	0.1	181.23
677	16.201	4.2355	0.1	181.62
678	17.866	3.6281	0.1	114.74
679	17.314	3.0275	0.1	134.25
680	17.313	4.223	0.1	134.49
681	18.97	3.6262	0.1	78.619
682	18.416	3.0243	0.1	94.799
683	18.419	4.2247	0.1	94.725
684	20.069	3.6255	0.1	49.807
685	19.511	3.0245	0.1	62.473
686	19.524	4.2219	0.1	62.146
687	20.619	3.0234	0.1	37.049
688	21.177	3.6229	0.1	27.923
689	20.625	4.2294	0.1	36.78
690	20.061	2.4224	0.1	50.097
691	21.175	2.4158	0.1	27.958
692	20.628	1.8138	0.1	36.777
693	18.958	2.4226	0.1	79.069
694	19.514	1.8139	0.1	62.384
695	17.865	2.4237	0.1	114.74
696	18.416	1.8125	0.1	94.911
697	16.763	2.4374	0.1	157.78
698	17.311	1.8235	0.1	134.5
699	15.648	2.4578	0.1	208.54
700	16.208	1.8407	0.1	181.31
701	14.524	2.4622	0.1	266.87
702	15.094	1.8823	0.1	235.45
703	13.395	2.4462	0.1	332.87
704	13.972	1.8706	0.1	297.36
705	12.255	2.4263	0.1	406.84
706	12.846	1.8507	0.1	366.98
707	11.102	2.3999	0.1	489.85
708	11.701	1.8138	0.1	444.95
709	9.9391	2.367	0.1	579.32
710	10.552	1.7915	0.1	531.13
711	9.3124	2.9503	0.1	630.03
712	9.2728	4.1489	0.1	638.79
713	21.732	3.0153	0.1	18.528
714	21.745	4.2129	0.1	18.131
715	22.301	3.6119	0.1	12.813
716	22.297	2.409	0.1	12.887
717	9.3986	1.7601	0.1	622.35
718	8.7758	2.2914	0.1	679.31
719	7.4077	4.9373	0.1	773.04
720	6.4683	5.3459	0.1	686.
721	6.5606	4.941	0.1	857.15
722	7.1325	5.6071	0.1	747.32
723	8.5606	4.7037	0.1	702.17
724	7.1397	4.3378	0.1	944.39
725	8.1262	5.3302	0.1	727.31
726	9.888	4.7635	0.1	590.26
727	9.3991	5.3736	0.1	633.19
728	11.085	4.7896	0.1	493.37
729	10.567	5.3899	0.1	535.75
730	12.248	4.805	0.1	408.97
731	11.71	5.3997	0.1	446.25
732	13.392	4.8141	0.1	334.34
733	12.844	5.4053	0.1	368.52
734	14.522	4.8196	0.1	267.75
735	13.968	5.4088	0.1	298.33
736	15.642	4.8236	0.1	209.27
737	15.087	5.4108	0.1	235.99
738	16.756	4.8223	0.1	158.42
739	16.202	5.4127	0.1	181.3
740	17.866	4.8196	0.1	114.92
741	17.315	5.4095	0.1	133.93
742	18.974	4.8203	0.1	78.696
743	18.426	5.41	0.1	93.981
744	20.08	4.8257	0.1	49.543
745	19.536	5.4103	0.1	61.125
746	21.194	4.8194	0.1	27.381
747	20.646	5.4155	0.1	35.459
748	22.316	4.8046	0.1	12.214
749	21.764	5.404	0.1	16.607
750	22.871	4.2036	0.1	6.6009
751	22.881	5.4006	0.1	4.9516
752	23.438	4.8006	0.1	4.2329
753	22.865	3.0056	0.1	6.98
754	23.433	3.6029	0.1	5.0346
755	22.869	1.8018	0.1	6.6635
756	23.432	2.4027	0.1	5.0743
757	1.2655	4.213	0.1	1354.6
758	1.2853	3.0132	0.1	1392.7
759	1.9661	3.6639	0.1	1363.
760	0.63894	3.6093	0.1	1717.5
761	23.437	1.1991	0.1	4.2781
762	22.88	0.59912	0.1	5.0157
763	20.081	1.2053	0.1	49.504
764	20.647	0.60434	0.1	35.344
765	18.973	1.2038	0.1	78.688
766	19.536	0.60098	0.1	61.073
767	17.862	1.2123	0.1	115.14
768	18.425	0.60281	0.1	94.003
769	16.755	1.2268	0.1	158.48
770	17.312	0.60944	0.1	134.06
771	15.654	1.2653	0.1	208.65
772	16.205	0.61741	0.1	181.41
773	14.543	1.2907	0.1	266.35
774	15.096	0.64784	0.1	235.49
775	13.424	1.2752	0.1	331.86
776	13.98	0.64287	0.1	297.39
777	12.292	1.2383	0.1	405.42
778	12.863	0.63232	0.1	366.98
779	11.151	1.2054	0.1	486.48
780	11.735	0.60599	0.1	444.29
781	10.012	1.1845	0.1	574.37
782	10.609	0.59943	0.1	528.02
783	8.8605	1.1466	0.1	664.86
784	9.4814	0.58508	0.1	618.39
785	3.2271	1.3621	0.1	1182.1
786	3.2245	0.87121	0.1	1072.
787	2.581	0.57048	0.1	1288.3
788	1.8293	4.8596	0.1	1320.7
789	0.6266	4.8037	0.1	1636.8
790	1.2391	5.4037	0.1	1317.2
791	0.64639	2.4038	0.1	1720.9
792	2.5298	4.3104	0.1	1326.5
793	8.2378	1.6779	0.1	721.57
794	7.6265	1.0598	0.1	727.3
795	8.3438	0.56151	0.1	701.73
796	7.6787	2.2137	0.1	809.18
797	7.0675	1.5955	0.1	813.26
798	7.0345	2.7153	0.1	967.38
799	6.526	0.77765	0.1	670.33
800	7.1337	0.49827	0.1	716.17
801	2.9941	5.0392	0.1	1146.1
802	2.4277	5.4559	0.1	1328.4
803	3.6786	1.942	0.1	1259.1
804	4.321	1.5416	0.1	1308.5
805	4.2576	2.1504	0.1	2409.3
806	4.2414	5.3333	0.1	917.62
807	3.6289	5.5833	0.1	929.03
808	6.671	3.6257	0.1	1087.8
809	6.2927	4.3415	0.1	1029.5
810	5.7508	4.0076	0.1	1969.3
811	5.5162	5.4888	0.1	538.41
812	6.0731	5.7388	0.1	589.75
813	4.4913	4.2078	0.1	1629.1
814	5.5728	0.52939	0.1	538.69
815	6.1296	0.27939	0.1	567.45
816	4.3185	0.55073	0.1	817.25
817	3.706	0.30073	0.1	877.3
818	5.6086	4.5839	0.1	984.02
819	4.8408	2.9271	0.1	1551.
820	4.696	2.4723	0.1	2516.2
821	5.0447	3.4548	0.1	2835.2
822	5.1281	2.4548	0.1	2392.3
823	5.0667	5.25	0.1	771.57
824	5.0667	5.75	0.1	456.66
825	5.0667	5.5	5.e-002	32.89
826	5.0667	4.75	0.1	1079.1
827	5.0667	5.	5.e-002	161.41
828	5.0667	4.25	0.1	1965.6
829	5.0667	4.5	5.e-002	69.629
830	4.9833	4.	0.1	3398.1
831	5.0667	4.	5.e-002	80.827
832	4.9	4.25	0.1	2953.
833	4.9	4.	5.e-002	302.54
834	4.9	4.75	0.1	1657.2
835	4.9	4.5	5.e-002	158.19
836	4.9	5.25	0.1	1107.7
837	4.9	5.	5.e-002	83.537
838	4.9	5.75	0.1	793.94
839	4.9	5.5	5.e-002	47.217
840	5.0667	0.75	0.1	736.77
841	5.0667	0.25	0.1	443.26
842	5.0667	0.5	5.e-002	31.606
843	5.0667	1.25	0.1	1156.5
844	5.0667	1.	5.e-002	114.45
845	5.0667	1.75	0.1	2251.4
846	5.0667	1.5	5.e-002	81.022
847	4.9833	2.	0.1	3216.5
848	5.0667	2.	5.e-002	78.752
849	4.9	1.75	0.1	2478.2
850	4.9	2.	5.e-002	74.117
851	4.9	1.25	0.1	1462.8
852	4.9	1.5	5.e-002	83.919
853	4.9	0.75	0.1	1041.7
854	4.9	1.	5.e-002	142.79
855	4.9	0.25	0.1	689.28
856	4.9	0.5	5.e-002	43.679
857	5.6235	6.	0.1	511.47
858	5.0667	6.	5.e-002	26.608
859	6.7373	6.	0.1	646.13
860	6.1804	6.	5.e-002	11.674
861	7.851	6.	0.1	701.66
862	7.2941	6.	5.e-002	17.121
863	8.9647	6.	0.1	658.76
864	8.4078	6.	5.e-002	16.555
865	10.078	6.	0.1	578.76
866	9.5216	6.	5.e-002	6.7051
867	11.192	6.	0.1	488.91
868	10.635	6.	5.e-002	6.6912
869	12.306	6.	0.1	406.16
870	11.749	6.	5.e-002	7.055
871	13.42	6.	0.1	332.9
872	12.863	6.	5.e-002	6.7835
873	14.533	6.	0.1	266.97
874	13.976	6.	5.e-002	6.2829
875	15.647	6.	0.1	208.41
876	15.09	6.	5.e-002	5.6629
877	16.761	6.	0.1	157.22
878	16.204	6.	5.e-002	5.0355
879	17.875	6.	0.1	113.39
880	17.318	6.	5.e-002	4.2615
881	18.988	6.	0.1	76.81
882	18.431	6.	5.e-002	3.6048
883	20.102	6.	0.1	47.436
884	19.545	6.	5.e-002	2.8789
885	21.216	6.	0.1	25.106
886	20.659	6.	5.e-002	2.223
887	22.329	6.	0.1	9.7751
888	21.773	6.	5.e-002	1.4141
889	23.443	6.	0.1	1.5847
890	22.886	6.	5.e-002	0.75578
891	24.	5.4	0.1	0.63812
892	24.	6.	5.e-002	0.14649
893	24.	4.2	0.1	2.5921
894	24.	4.8	5.e-002	0.28826
895	24.	3.	0.1	3.0692
896	24.	3.6	5.e-002	0.31371
897	24.	1.8	0.1	2.6135
898	24.	2.4	5.e-002	0.32268
899	24.	0.6	0.1	0.65057
900	24.	1.2	5.e-002	0.30099
901	1.5735e-014	1.8	0.1	2009.3
902	5.2451e-015	0.6	0.1	1693.4
903	1.0632e-014	1.2	5.e-002	39.857
904	2.6226e-014	3.	0.1	2045.8
905	2.1264e-014	2.4	5.e-002	19.89
906	3.6716e-014	4.2	0.1	2001.6
907	3.1897e-014	3.6	5.e-002	15.938
908	4.7206e-014	5.4	0.1	1686.8
909	4.2529e-014	4.8	5.e-002	42.849
910	23.443	0.	0.1	1.6124
911	24.	0.	5.e-002	0.16177
912	22.329	0.	0.1	9.8192
913	22.886	0.	5.e-002	0.77421
914	21.216	0.	0.1	24.988
915	21.773	0.	5.e-002	1.3866
916	20.102	0.	0.1	47.333
917	20.659	0.	5.e-002	2.1441
918	18.988	0.	0.1	76.811
919	19.545	0.	5.e-002	2.8931
920	17.875	0.	0.1	113.36
921	18.431	0.	5.e-002	3.6014
922	16.761	0.	0.1	157.46
923	17.318	0.	5.e-002	4.3644
924	15.647	0.	0.1	208.7
925	16.204	0.	5.e-002	5.0211
926	14.533	0.	0.1	266.99
927	15.09	0.	5.e-002	5.0943
928	13.42	0.	0.1	332.96
929	13.976	0.	5.e-002	5.7995
930	12.306	0.	0.1	406.29
931	12.863	0.	5.e-002	6.5545
932	11.192	0.	0.1	486.22
933	11.749	0.	5.e-002	7.4367
934	10.078	0.	0.1	572.3
935	10.635	0.	5.e-002	7.0379
936	8.9647	0.	0.1	655.33
937	9.5216	0.	5.e-002	5.8609
938	7.851	0.	0.1	689.84
939	8.4078	0.	5.e-002	7.146
940	6.7373	0.	0.1	609.49
941	7.2941	0.	5.e-002	12.078
942	5.6235	0.	0.1	475.21
943	6.1804	0.	5.e-002	9.9705
944	5.0667	0.	5.e-002	37.441
945	4.2875	-2.0169e-030	0.1	756.98
946	4.9	-2.3051e-030	5.e-002	61.664
947	3.0625	-1.4407e-030	0.1	1092.6
948	3.675	0.	5.e-002	30.32
949	1.8375	-8.6439e-031	0.1	1326.6
950	2.45	0.	5.e-002	23.683
951	0.6125	-2.8813e-031	0.1	1367.
952	1.225	0.	5.e-002	26.432
953	0.	0.	5.e-002	203.02
954	0.6125	6.	0.1	1366.5
955	5.2451e-014	6.	5.e-002	213.32
956	1.8375	6.	0.1	1327.
957	1.225	6.	5.e-002	25.44
958	3.0625	6.	0.1	1110.3
959	2.45	6.	5.e-002	18.156
960	4.2875	6.	0.1	812.97
961	3.675	6.	5.e-002	10.87
962	4.9	6.	5.e-002	69.67
963	3.0625	6.	0.	12.444
964	4.2875	6.	0.	-34.456
965	1.8375	6.	0.	85.983
966	0.6125	6.	0.	-235.58
967	4.9	5.75	0.	-102.49
968	4.7206e-014	5.4	0.	-818.04
969	1.8375	-8.6439e-031	0.	80.448
970	0.6125	-2.8813e-031	0.	-234.11
971	3.0625	-1.4407e-030	0.	21.654
972	4.2875	-2.0169e-030	0.	-52.933
973	4.9	0.25	0.	-105.05
974	5.2451e-015	0.6	0.	-823.48
975	6.7373	0.	0.	36.935
976	5.6235	0.	0.	-32.26
977	7.851	0.	0.	26.191
978	8.9647	0.	0.	3.0385
979	10.078	0.	0.	2.3156
980	11.192	0.	0.	5.1188
981	12.306	0.	0.	5.9213
982	13.42	0.	0.	7.1262
983	14.533	0.	0.	8.6012
984	15.647	0.	0.	9.7989
985	16.761	0.	0.	10.543
986	17.875	0.	0.	10.609
987	18.988	0.	0.	10.534
988	20.102	0.	0.	10.391
989	21.216	0.	0.	9.8474
990	22.329	0.	0.	8.5177
991	23.443	0.	0.	6.3478
992	5.0667	0.25	0.	-65.123
993	24.	0.6	0.	5.8764
994	3.6716e-014	4.2	0.	-987.33
995	2.6226e-014	3.	0.	-1009.6
996	1.5735e-014	1.8	0.	-991.33
997	24.	1.8	0.	8.4146
998	24.	3.	0.	10.059
999	24.	4.2	0.	8.4247
1000	24.	5.4	0.	5.8854
1001	23.443	6.	0.	6.3491
1002	22.329	6.	0.	8.3849
1003	21.216	6.	0.	9.7069
1004	20.102	6.	0.	10.351
1005	18.988	6.	0.	10.5
1006	17.875	6.	0.	10.373
1007	16.761	6.	0.	10.09
1008	15.647	6.	0.	9.6142
1009	14.533	6.	0.	8.9131
1010	13.42	6.	0.	8.1847
1011	12.306	6.	0.	7.3915
1012	11.192	6.	0.	4.5089
1013	10.078	6.	0.	0.21058
1014	8.9647	6.	0.	18.726
1015	7.851	6.	0.	48.282
1016	6.7373	6.	0.	15.581
1017	5.6235	6.	0.	-25.571
1018	5.0667	5.75	0.	-68.611
1019	4.9	1.25	0.	295.13
1020	4.9	1.75	0.	-12.215
1021	4.9	0.75	0.	20.079
1022	4.9833	2.	0.	-380.69
1023	5.0667	0.75	0.	27.471
1024	5.0667	1.25	0.	236.56
1025	5.0667	1.75	0.	-83.914
1026	4.9	4.75	0.	-51.284
1027	4.9	4.25	0.	-170.21
1028	4.9	5.25	0.	-138.72
1029	4.9833	4.	0.	-345.61
1030	5.0667	5.25	0.	111.48
1031	5.0667	4.75	0.	409.78
1032	5.0667	4.25	0.	18.681
