Node Number	X Location (in)	Y Location (in)	Z Location (in)	Equivalent (von-Mises) Stress (psi)
1	4.9704	3.0245	0.	1147.9
2	5.6809	4.1706	0.	1015.9
3	2.3874	0.66723	0.	1091.9
4	2.44	1.7323	0.	1261.1
5	4.6725	0.59982	0.	594.1
6	2.2465	4.3652	0.	1126.8
7	4.5644	5.4753	0.	757.7
8	2.2152	5.1795	0.	1111.4
9	1.0806	4.9463	0.	1398.
10	1.1052	3.8708	0.	1539.
11	1.4379	1.2847	0.	1346.2
12	5.6402	0.79497	0.	856.31
13	6.6995	0.96607	0.	883.44
14	7.7053	1.2222	0.	719.47
15	9.0086	1.2401	0.	658.16
16	10.269	1.2296	0.	564.6
17	11.495	1.2019	0.	464.6
18	12.673	1.1872	0.	383.07
19	13.824	1.1797	0.	310.65
20	14.964	1.1745	0.	246.78
21	16.091	1.1739	0.	191.08
22	17.215	1.1762	0.	142.92
23	18.342	1.18	0.	102.04
24	19.467	1.1858	0.	68.518
25	20.596	1.1896	0.	42.359
26	21.728	1.1896	0.	23.568
27	22.866	1.1954	0.	12.36
28	22.857	2.3937	0.	15.735
29	22.858	3.6011	0.	15.752
30	22.863	4.7973	0.	12.398
31	21.727	4.7935	0.	23.625
32	20.591	4.7925	0.	42.476
33	19.46	4.7484	0.	68.752
34	18.333	4.7118	0.	102.4
35	17.208	4.6925	0.	143.25
36	16.084	4.6848	0.	191.38
37	14.959	4.6834	0.	246.92
38	13.835	4.6835	0.	309.75
39	12.702	4.6904	0.	380.38
40	11.547	4.75	0.	460.79
41	10.265	4.7449	0.	545.51
42	8.9649	4.704	0.	657.03
43	7.7079	4.7543	0.	781.56
44	6.6025	4.9887	0.	842.88
45	5.5252	5.2518	0.	930.24
46	7.1807	2.316	0.	832.67
47	8.7259	2.4239	0.	658.7
48	10.141	2.409	0.	568.46
49	11.437	2.3796	0.	466.06
50	12.646	2.3611	0.	382.49
51	13.822	2.3507	0.	309.9
52	14.964	2.3555	0.	246.74
53	16.09	2.3564	0.	191.33
54	17.214	2.3601	0.	143.39
55	18.34	2.3658	0.	102.72
56	19.466	2.3722	0.	69.445
57	20.594	2.3795	0.	43.777
58	21.724	2.3884	0.	25.817
59	21.725	3.5915	0.	25.821
60	20.591	3.5815	0.	43.859
61	19.458	3.5545	0.	69.698
62	18.334	3.5388	0.	102.93
63	17.209	3.527	0.	143.57
64	16.085	3.5197	0.	191.55
65	14.96	3.5171	0.	246.85
66	13.819	3.516	0.	310.26
67	12.657	3.5275	0.	381.58
68	11.445	3.5545	0.	464.94
69	10.124	3.5633	0.	553.81
70	6.793	3.5138	0.	821.79
71	8.6861	3.5421	0.	691.04
72	4.3384	5.0925	0.	845.82
73	4.91	4.7008	0.	1152.1
74	2.715	1.1355	0.	911.83
75	2.5486	2.5024	0.	1318.1
76	1.4348	2.7565	0.	1517.7
77	4.1258	2.8697	0.	1595.2
78	4.4711	1.0315	0.	728.52
79	4.9845	1.5547	0.	897.66
80	5.2976	2.0959	0.	945.44
81	3.2192	3.5296	0.	2245.4
82	3.4906	3.0942	0.	2025.3
83	2.4472	3.6901	0.	1293.7
84	2.4472	3.6901	0.1	1293.7
85	3.4906	3.0942	0.1	2025.3
86	3.2192	3.5296	0.1	2245.4
87	5.2976	2.0959	0.1	945.44
88	4.9845	1.5547	0.1	897.66
89	4.4711	1.0315	0.1	728.52
90	4.1258	2.8697	0.1	1595.2
91	1.4348	2.7565	0.1	1517.7
92	2.5486	2.5024	0.1	1318.1
93	2.715	1.1355	0.1	911.83
94	4.91	4.7008	0.1	1152.1
95	4.3384	5.0925	0.1	845.82
96	8.6861	3.5421	0.1	691.04
97	6.793	3.5138	0.1	821.79
98	10.124	3.5633	0.1	553.81
99	11.445	3.5545	0.1	464.94
100	12.657	3.5275	0.1	381.58
101	13.819	3.516	0.1	310.26
102	14.96	3.5171	0.1	246.85
103	16.085	3.5197	0.1	191.55
104	17.209	3.527	0.1	143.57
105	18.334	3.5388	0.1	102.93
106	19.458	3.5545	0.1	69.698
107	20.591	3.5815	0.1	43.859
108	21.725	3.5915	0.1	25.821
109	21.724	2.3884	0.1	25.817
110	20.594	2.3795	0.1	43.777
111	19.466	2.3722	0.1	69.445
112	18.34	2.3658	0.1	102.72
113	17.214	2.3601	0.1	143.39
114	16.09	2.3564	0.1	191.33
115	14.964	2.3555	0.1	246.74
116	13.822	2.3507	0.1	309.9
117	12.646	2.3611	0.1	382.49
118	11.437	2.3796	0.1	466.06
119	10.141	2.409	0.1	568.46
120	8.7259	2.4239	0.1	658.7
121	7.1807	2.316	0.1	832.67
122	5.5252	5.2518	0.1	930.24
123	6.6025	4.9887	0.1	842.88
124	7.7079	4.7543	0.1	781.56
125	8.9649	4.704	0.1	657.03
126	10.265	4.7449	0.1	545.51
127	11.547	4.75	0.1	460.79
128	12.702	4.6904	0.1	380.38
129	13.835	4.6835	0.1	309.75
130	14.959	4.6834	0.1	246.92
131	16.084	4.6848	0.1	191.38
132	17.208	4.6925	0.1	143.25
133	18.333	4.7118	0.1	102.4
134	19.46	4.7484	0.1	68.752
135	20.591	4.7925	0.1	42.476
136	21.727	4.7935	0.1	23.625
137	22.863	4.7973	0.1	12.398
138	22.858	3.6011	0.1	15.752
139	22.857	2.3937	0.1	15.735
140	22.866	1.1954	0.1	12.36
141	21.728	1.1896	0.1	23.568
142	20.596	1.1896	0.1	42.359
143	19.467	1.1858	0.1	68.518
144	18.342	1.18	0.1	102.04
145	17.215	1.1762	0.1	142.92
146	16.091	1.1739	0.1	191.08
147	14.964	1.1745	0.1	246.78
148	13.824	1.1797	0.1	310.65
149	12.673	1.1872	0.1	383.07
150	11.495	1.2019	0.1	464.6
151	10.269	1.2296	0.1	564.6
152	9.0086	1.2401	0.1	658.16
153	7.7053	1.2222	0.1	719.47
154	6.6995	0.96607	0.1	883.44
155	5.6402	0.79497	0.1	856.31
156	1.4379	1.2847	0.1	1346.2
157	1.1052	3.8708	0.1	1539.
158	1.0806	4.9463	0.1	1398.
159	2.2152	5.1795	0.1	1111.4
160	4.5644	5.4753	0.1	757.7
161	2.2465	4.3652	0.1	1126.8
162	4.6725	0.59982	0.1	594.1
163	2.44	1.7323	0.1	1261.1
164	2.3874	0.66723	0.1	1091.9
165	5.6809	4.1706	0.1	1015.9
166	4.9704	3.0245	0.1	1147.9
167	3.6867	5.5	0.1	466.02
168	3.6867	5.	0.1	1485.6
169	3.6867	4.5	0.1	1465.8
170	3.6867	4.	0.1	1847.3
171	3.52	4.	0.1	3917.8
172	3.52	4.5	0.1	2630.
173	3.52	5.	0.1	1565.7
174	3.52	5.5	0.1	905.88
175	3.6867	0.5	0.1	466.03
176	3.6867	1.	0.1	1327.7
177	3.6867	1.5	0.1	1358.8
178	3.6867	2.	0.1	2918.9
179	3.52	2.	0.1	3979.4
180	3.52	1.5	0.1	2085.4
181	3.52	1.	0.1	1430.5
182	3.52	0.5	0.1	650.92
183	3.6867	6.	0.1	407.52
184	4.8152	6.	0.1	719.91
185	5.9437	6.	0.1	894.82
186	7.0722	6.	0.1	843.75
187	8.2007	6.	0.1	753.3
188	9.3293	6.	0.1	634.63
189	10.458	6.	0.1	552.55
190	11.586	6.	0.1	457.46
191	12.715	6.	0.1	380.31
192	13.843	6.	0.1	310.56
193	14.972	6.	0.1	247.39
194	16.1	6.	0.1	191.41
195	17.229	6.	0.1	142.91
196	18.357	6.	0.1	101.85
197	19.486	6.	0.1	68.286
198	20.614	6.	0.1	42.027
199	21.743	6.	0.1	22.39
200	22.871	6.	0.1	10.268
201	24.	6.	0.1	4.6386
202	24.	4.8	0.1	8.325
203	24.	3.6	0.1	12.416
204	24.	2.4	0.1	12.417
205	24.	1.2	0.1	8.3091
206	1.049e-014	1.2	0.1	1007.8
207	2.0981e-014	2.4	0.1	1064.9
208	3.1471e-014	3.6	0.1	1024.6
209	4.1961e-014	4.8	0.1	983.49
210	24.	0.	0.1	4.6275
211	22.871	0.	0.1	10.245
212	21.743	0.	0.1	22.477
213	20.614	0.	0.1	41.692
214	19.486	0.	0.1	68.032
215	18.357	0.	0.1	101.72
216	17.229	0.	0.1	142.78
217	16.1	0.	0.1	191.32
218	14.972	0.	0.1	247.38
219	13.843	0.	0.1	311.24
220	12.715	0.	0.1	383.8
221	11.586	0.	0.1	463.75
222	10.458	0.	0.1	545.42
223	9.3293	0.	0.1	660.88
224	8.2007	0.	0.1	753.91
225	7.0722	0.	0.1	792.06
226	5.9437	0.	0.1	801.72
227	4.8152	0.	0.1	591.36
228	3.6867	0.	0.1	311.45
229	3.52	0.	0.1	588.74
230	2.3467	1.1727e-030	0.1	987.77
231	1.1733	5.8637e-031	0.1	1325.9
232	0.	0.	0.1	762.01
233	3.937e-014	6.	0.1	770.48
234	1.1733	6.	0.1	1345.5
235	2.3467	6.	0.1	1066.1
236	3.52	6.	0.1	627.43
237	2.3467	6.	0.	1066.1
238	1.1733	6.	0.	1345.5
239	3.52	6.	0.	627.43
240	3.937e-014	6.	0.	770.48
241	1.1733	5.8637e-031	0.	1325.9
242	2.3467	1.1727e-030	0.	987.77
243	3.52	0.	0.	588.74
244	0.	0.	0.	762.01
245	4.8152	0.	0.	591.36
246	5.9437	0.	0.	801.72
247	7.0722	0.	0.	792.06
248	8.2007	0.	0.	753.91
249	9.3293	0.	0.	660.88
250	10.458	0.	0.	545.42
251	11.586	0.	0.	463.75
252	12.715	0.	0.	383.8
253	13.843	0.	0.	311.24
254	14.972	0.	0.	247.38
255	16.1	0.	0.	191.32
256	17.229	0.	0.	142.78
257	18.357	0.	0.	101.72
258	19.486	0.	0.	68.032
259	20.614	0.	0.	41.692
260	21.743	0.	0.	22.477
261	22.871	0.	0.	10.245
262	3.6867	0.	0.	311.45
263	24.	0.	0.	4.6275
264	4.1961e-014	4.8	0.	983.49
265	3.1471e-014	3.6	0.	1024.6
266	2.0981e-014	2.4	0.	1064.9
267	1.049e-014	1.2	0.	1007.8
268	24.	1.2	0.	8.3092
269	24.	2.4	0.	12.417
270	24.	3.6	0.	12.416
271	24.	4.8	0.	8.325
272	24.	6.	0.	4.6386
273	22.871	6.	0.	10.268
274	21.743	6.	0.	22.39
275	20.614	6.	0.	42.027
276	19.486	6.	0.	68.286
277	18.357	6.	0.	101.85
278	17.229	6.	0.	142.91
279	16.1	6.	0.	191.41
280	14.972	6.	0.	247.39
281	13.843	6.	0.	310.56
282	12.715	6.	0.	380.31
283	11.586	6.	0.	457.46
284	10.458	6.	0.	552.55
285	9.3293	6.	0.	634.63
286	8.2007	6.	0.	753.3
287	7.0722	6.	0.	843.75
288	5.9437	6.	0.	894.82
289	4.8152	6.	0.	719.91
290	3.6867	6.	0.	407.52
291	3.52	1.5	0.	2085.4
292	3.52	1.	0.	1430.5
293	3.52	0.5	0.	650.92
294	3.52	2.	0.	3979.4
295	3.6867	0.5	0.	466.03
296	3.6867	1.	0.	1327.7
297	3.6867	1.5	0.	1358.8
298	3.6867	2.	0.	2918.9
299	3.52	4.5	0.	2630.
300	3.52	5.	0.	1565.7
301	3.52	5.5	0.	905.88
302	3.52	4.	0.	3917.8
303	3.6867	5.5	0.	466.02
304	3.6867	5.	0.	1485.6
305	3.6867	4.5	0.	1465.8
306	3.6867	4.	0.	1847.3
307	5.8817	3.2692	0.	981.83
308	4.5481	2.9471	0.	1362.3
309	5.134	2.5602	0.	1045.6
310	4.9704	3.0245	5.e-002	54.225
311	4.3285	3.5122	0.	1442.6
312	6.1417	4.5796	0.	919.69
313	6.237	3.8422	0.	915.17
314	5.2954	4.4357	0.	1079.5
315	5.6809	4.1706	5.e-002	36.655
316	4.6838	4.0853	0.	1410.
317	1.9126	0.97596	0.	1185.3
318	2.5512	0.90134	0.	989.04
319	2.3874	0.66723	5.e-002	80.707
320	2.367	0.33362	0.	1038.2
321	2.9537	0.58362	0.	828.8
322	1.9389	1.5085	0.	1287.1
323	2.5775	1.4339	0.	1057.
324	2.4943	2.1173	0.	1285.4
325	2.44	1.7323	5.e-002	127.59
326	2.98	1.6161	0.	1571.3
327	5.1563	0.6974	0.	722.36
328	4.5718	0.81565	0.	659.96
329	4.6725	0.59982	5.e-002	46.225
330	4.7438	0.29991	0.	589.15
331	4.1796	0.54991	0.	493.5
332	2.2309	4.7724	0.	1116.1
333	1.6759	4.118	0.	1305.9
334	2.3469	4.0276	0.	1202.6
335	2.2465	4.3652	5.e-002	57.646
336	2.8833	4.6826	0.	1287.2
337	5.0448	5.3636	0.	829.85
338	4.4514	5.2839	0.	801.43
339	4.5644	5.4753	5.e-002	73.62
340	4.6898	5.7376	0.	730.21
341	4.1255	5.4876	0.	583.59
342	1.6479	5.0629	0.	1233.3
343	2.2152	5.1795	5.e-002	51.011
344	2.2809	5.5898	0.	1087.3
345	2.8676	5.3398	0.	987.87
346	1.0929	4.4086	0.	1465.9
347	1.0806	4.9463	5.e-002	37.789
348	1.127	5.4732	0.	1364.
349	0.54032	4.8732	0.	1169.4
350	1.27	3.3137	0.	1526.4
351	1.1052	3.8708	5.e-002	12.422
352	0.55259	3.7354	0.	1260.2
353	1.4364	2.0206	0.	1426.
354	1.4379	1.2847	5.e-002	79.343
355	1.3056	0.64235	0.	1324.2
356	0.71894	1.2423	0.	1157.5
357	6.1698	0.88052	0.	866.11
358	5.3124	1.1748	0.	874.14
359	5.6402	0.79497	5.e-002	73.475
360	5.7919	0.39749	0.	824.77
361	7.2024	1.0941	0.	799.44
362	5.9985	1.531	0.	912.31
363	6.6995	0.96607	5.e-002	29.302
364	6.8858	0.48304	0.	835.73
365	8.3569	1.2312	0.	686.33
366	7.443	1.7691	0.	773.87
367	7.7053	1.2222	5.e-002	43.495
368	7.953	0.61109	0.	733.24
369	9.6386	1.2349	0.	611.23
370	8.8673	1.832	0.	657.58
371	9.0086	1.2401	5.e-002	14.603
372	9.1689	0.62007	0.	658.45
373	10.882	1.2158	0.	514.58
374	10.205	1.8193	0.	566.01
375	10.269	1.2296	5.e-002	9.1535
376	10.363	0.61482	0.	554.89
377	12.084	1.1946	0.	423.81
378	11.466	1.7907	0.	465.01
379	11.495	1.2019	5.e-002	5.3535
380	11.541	0.60095	0.	463.92
381	13.248	1.1835	0.	346.84
382	12.659	1.7742	0.	382.49
383	12.673	1.1872	5.e-002	6.1076
384	12.694	0.59362	0.	383.06
385	14.394	1.1771	0.	278.7
386	13.823	1.7652	0.	309.97
387	13.824	1.1797	5.e-002	5.3219
388	13.834	0.58987	0.	310.59
389	15.527	1.1742	0.	218.91
390	14.964	1.765	0.	246.43
391	14.964	1.1745	5.e-002	4.5593
392	14.968	0.58724	0.	246.74
393	16.653	1.1751	0.	166.98
394	16.09	1.7652	0.	190.85
395	16.091	1.1739	5.e-002	3.9613
396	16.096	0.58696	0.	190.85
397	17.778	1.1781	0.	122.45
398	17.214	1.7682	0.	142.78
399	17.215	1.1762	5.e-002	3.406
400	17.222	0.5881	0.	142.5
401	18.904	1.1829	0.	85.24
402	18.341	1.7729	0.	102.01
403	18.342	1.18	5.e-002	2.8525
404	18.35	0.59	0.	101.52
405	20.032	1.1877	0.	55.382
406	19.467	1.779	0.	68.607
407	19.467	1.1858	5.e-002	2.3158
408	19.477	0.59292	0.	67.9
409	21.162	1.1896	0.	32.871
410	20.595	1.7846	0.	42.693
411	20.596	1.1896	5.e-002	1.7465
412	20.605	0.59478	0.	41.631
413	22.297	1.1925	0.	17.795
414	21.726	1.789	0.	24.357
415	21.728	1.1896	5.e-002	1.1932
416	21.735	0.59479	0.	22.602
417	22.861	1.7945	0.	13.829
418	22.866	1.1954	5.e-002	0.77671
419	22.869	0.59768	0.	10.919
420	23.433	1.1977	0.	10.18
421	22.857	2.9974	0.	15.626
422	22.29	2.391	0.	20.544
423	22.857	2.3937	5.e-002	0.74857
424	23.428	2.3968	0.	13.996
425	22.86	4.1992	0.	13.854
426	22.291	3.5963	0.	20.558
427	22.858	3.6011	5.e-002	0.76097
428	23.429	3.6006	0.	14.004
429	22.295	4.7954	0.	17.843
430	22.863	4.7973	5.e-002	0.79233
431	23.432	4.7987	0.	10.209
432	22.867	5.3987	0.	10.952
433	21.159	4.793	0.	32.953
434	21.726	4.1925	0.	24.379
435	21.727	4.7935	5.e-002	1.2288
436	21.735	5.3968	0.	22.587
437	20.025	4.7704	0.	55.553
438	20.591	4.187	0.	42.799
439	20.591	4.7925	5.e-002	1.7816
440	20.603	5.3962	0.	41.815
441	18.896	4.7301	0.	85.537
442	19.459	4.1514	0.	68.857
443	19.46	4.7484	5.e-002	2.3672
444	19.473	5.3742	0.	68.1
445	17.77	4.7021	0.	122.8
446	18.333	4.1253	0.	102.3
447	18.333	4.7118	5.e-002	2.939
448	18.345	5.3559	0.	101.71
449	16.646	4.6886	0.	167.3
450	17.208	4.1097	0.	143.05
451	17.208	4.6925	5.e-002	3.4815
452	17.218	5.3462	0.	142.65
453	15.522	4.6841	0.	219.14
454	16.084	4.1023	0.	191.13
455	16.084	4.6848	5.e-002	4.0242
456	16.092	5.3424	0.	190.95
457	14.397	4.6834	0.	278.32
458	14.959	4.1002	0.	246.56
459	14.959	4.6834	5.e-002	4.5579
460	14.965	5.3417	0.	246.7
461	13.268	4.687	0.	345.06
462	13.827	4.0997	0.	309.68
463	13.835	4.6835	5.e-002	5.2671
464	13.839	5.3417	0.	309.71
465	12.125	4.7202	0.	420.58
466	12.68	4.109	0.	380.6
467	12.702	4.6904	5.e-002	5.8617
468	12.708	5.3452	0.	379.98
469	10.906	4.7474	0.	503.08
470	11.496	4.1522	0.	462.36
471	11.547	4.75	5.e-002	5.4567
472	11.567	5.375	0.	458.83
473	9.6149	4.7244	0.	600.36
474	10.195	4.1541	0.	549.37
475	10.265	4.7449	5.e-002	2.5755
476	10.361	5.3725	0.	548.48
477	8.3364	4.7292	0.	718.87
478	8.8255	4.123	0.	673.36
479	8.9649	4.704	5.e-002	7.1318
480	9.1471	5.352	0.	644.84
481	7.1552	4.8715	0.	811.87
482	7.2505	4.1341	0.	800.02
483	7.7079	4.7543	5.e-002	16.913
484	7.9543	5.3772	0.	766.6
485	6.0639	5.1202	0.	886.12
486	6.6025	4.9887	5.e-002	27.31
487	6.8374	5.4943	0.	842.92
488	5.2176	4.9763	0.	1034.9
489	5.5252	5.2518	5.e-002	30.711
490	5.7345	5.6259	0.	912.16
491	7.9533	2.3699	0.	745.
492	6.9869	2.9149	0.	825.08
493	6.2391	2.206	0.	887.23
494	7.1807	2.316	5.e-002	27.299
495	9.4336	2.4164	0.	613.23
496	8.706	2.983	0.	674.18
497	8.7259	2.4239	5.e-002	23.253
498	10.789	2.3943	0.	517.19
499	10.133	2.9861	0.	560.97
500	10.141	2.409	5.e-002	12.85
501	12.042	2.3703	0.	424.25
502	11.441	2.967	0.	465.41
503	11.437	2.3796	5.e-002	8.2033
504	13.234	2.3559	0.	346.18
505	12.652	2.9443	0.	381.82
506	12.646	2.3611	5.e-002	5.6028
507	14.393	2.3531	0.	278.32
508	13.821	2.9333	0.	309.78
509	13.822	2.3507	5.e-002	5.0527
510	15.527	2.356	0.	219.03
511	14.962	2.9363	0.	246.47
512	14.964	2.3555	5.e-002	4.5208
513	16.652	2.3583	0.	167.35
514	16.087	2.938	0.	191.12
515	16.09	2.3564	5.e-002	4.0107
516	17.777	2.363	0.	123.04
517	17.212	2.9436	0.	143.15
518	17.214	2.3601	5.e-002	3.4509
519	18.903	2.369	0.	86.057
520	18.337	2.9523	0.	102.5
521	18.34	2.3658	5.e-002	2.902
522	20.03	2.3759	0.	56.556
523	19.462	2.9633	0.	69.248
524	19.466	2.3722	5.e-002	2.3388
525	21.159	2.384	0.	34.674
526	20.593	2.9805	0.	43.519
527	20.594	2.3795	5.e-002	1.7428
528	21.724	2.99	0.	25.585
529	21.724	2.3884	5.e-002	1.19
530	21.158	3.5865	0.	34.713
531	21.725	3.5915	5.e-002	1.1879
532	20.025	3.568	0.	56.72
533	20.591	3.5815	5.e-002	1.6891
534	18.896	3.5466	0.	86.285
535	19.458	3.5545	5.e-002	2.2934
536	17.772	3.5329	0.	123.23
537	18.334	3.5388	5.e-002	2.9334
538	16.647	3.5234	0.	167.55
539	17.209	3.527	5.e-002	3.4914
540	15.522	3.5184	0.	219.2
541	16.085	3.5197	5.e-002	4.0754
542	14.389	3.5165	0.	278.55
543	14.96	3.5171	5.e-002	4.5736
544	13.238	3.5217	0.	345.91
545	13.819	3.516	5.e-002	5.3534
546	12.051	3.541	0.	423.25
547	12.657	3.5275	5.e-002	5.4014
548	10.785	3.5589	0.	509.35
549	11.445	3.5545	5.e-002	6.5602
550	9.4052	3.5527	0.	621.97
551	10.124	3.5633	5.e-002	6.2013
552	7.7396	3.528	0.	754.77
553	6.793	3.5138	5.e-002	36.771
554	8.6861	3.5421	5.e-002	25.034
555	4.6242	4.8966	0.	985.58
556	4.3384	5.0925	5.e-002	79.179
557	4.0126	5.0463	0.	1032.7
558	4.91	4.7008	5.e-002	144.08
559	4.2983	4.6004	0.	1229.4
560	2.715	1.1355	5.e-002	18.065
561	3.1175	1.0677	0.	1151.9
562	1.9917	2.6295	0.	1401.2
563	2.8839	3.016	0.	1742.8
564	2.5486	2.5024	5.e-002	89.973
565	3.0343	2.2512	0.	2642.1
566	1.941	3.2233	0.	1389.7
567	1.4348	2.7565	5.e-002	44.693
568	0.71742	2.5783	0.	1271.4
569	3.8082	2.982	0.	1800.8
570	4.1258	2.8697	5.e-002	105.11
571	3.9063	2.4348	0.	2183.5
572	3.8229	3.4348	0.	2714.2
573	4.7278	1.2931	0.	808.38
574	4.4711	1.0315	5.e-002	22.155
575	4.0789	1.0157	0.	932.55
576	5.1411	1.8253	0.	916.36
577	4.9845	1.5547	5.e-002	53.106
578	4.3356	1.5274	0.	1070.4
579	5.2976	2.0959	5.e-002	69.759
580	4.4921	2.048	0.	1885.5
581	3.3549	3.3119	0.	2118.7
582	2.8332	3.6098	0.	1753.4
583	3.2192	3.5296	5.e-002	137.44
584	3.3696	3.7648	0.	3035.5
585	3.4906	3.0942	5.e-002	119.34
586	3.5053	2.5471	0.	2971.3
587	2.4472	3.6901	5.e-002	138.39
588	2.9836	4.095	0.	1903.7
589	2.8332	3.6098	0.1	1753.4
590	1.941	3.2233	0.1	1389.7
591	2.3469	4.0276	0.1	1202.6
592	2.9836	4.095	0.1	1903.7
593	3.3549	3.3119	0.1	2118.7
594	3.8082	2.982	0.1	1800.8
595	3.5053	2.5471	0.1	2971.3
596	2.8839	3.016	0.1	1742.8
597	3.3696	3.7648	0.1	3035.5
598	5.1411	1.8253	0.1	916.36
599	6.2391	2.206	0.1	887.23
600	5.9985	1.531	0.1	912.31
601	5.134	2.5602	0.1	1045.6
602	4.4921	2.048	0.1	1885.5
603	4.7278	1.2931	0.1	808.38
604	5.3124	1.1748	0.1	874.14
605	4.3356	1.5274	0.1	1070.4
606	4.5718	0.81565	0.1	659.96
607	4.0789	1.0157	0.1	932.55
608	4.5481	2.9471	0.1	1362.3
609	3.8229	3.4348	0.1	2714.2
610	3.9063	2.4348	0.1	2183.5
611	1.9917	2.6295	0.1	1401.2
612	1.4364	2.0206	0.1	1426.
613	1.27	3.3137	0.1	1526.4
614	0.71742	2.5783	0.1	1271.4
615	2.4943	2.1173	0.1	1285.4
616	3.0343	2.2512	0.1	2642.1
617	2.5775	1.4339	0.1	1057.
618	2.5512	0.90134	0.1	989.04
619	3.1175	1.0677	0.1	1151.9
620	4.6242	4.8966	0.1	985.58
621	5.2176	4.9763	0.1	1034.9
622	5.2954	4.4357	0.1	1079.5
623	4.2983	4.6004	0.1	1229.4
624	4.4514	5.2839	0.1	801.43
625	4.0126	5.0463	0.1	1032.7
626	7.7396	3.528	0.1	754.77
627	9.4052	3.5527	0.1	621.97
628	8.706	2.983	0.1	674.18
629	8.8255	4.123	0.1	673.36
630	6.9869	2.9149	0.1	825.08
631	7.2505	4.1341	0.1	800.02
632	6.237	3.8422	0.1	915.17
633	5.8817	3.2692	0.1	981.83
634	10.785	3.5589	0.1	509.35
635	10.133	2.9861	0.1	560.97
636	10.195	4.1541	0.1	549.37
637	12.051	3.541	0.1	423.25
638	11.441	2.967	0.1	465.41
639	11.496	4.1522	0.1	462.36
640	13.238	3.5217	0.1	345.91
641	12.652	2.9443	0.1	381.82
642	12.68	4.109	0.1	380.6
643	14.389	3.5165	0.1	278.55
644	13.821	2.9333	0.1	309.78
645	13.827	4.0997	0.1	309.68
646	15.522	3.5184	0.1	219.2
647	14.962	2.9363	0.1	246.47
648	14.959	4.1002	0.1	246.56
649	16.647	3.5234	0.1	167.55
650	16.087	2.938	0.1	191.12
651	16.084	4.1023	0.1	191.13
652	17.772	3.5329	0.1	123.23
653	17.212	2.9436	0.1	143.15
654	17.208	4.1097	0.1	143.05
655	18.896	3.5466	0.1	86.285
656	18.337	2.9523	0.1	102.5
657	18.333	4.1253	0.1	102.3
658	20.025	3.568	0.1	56.72
659	19.462	2.9633	0.1	69.248
660	19.459	4.1514	0.1	68.857
661	21.158	3.5865	0.1	34.713
662	20.593	2.9805	0.1	43.519
663	20.591	4.187	0.1	42.799
664	21.724	2.99	0.1	25.585
665	21.726	4.1925	0.1	24.379
666	22.291	3.5963	0.1	20.558
667	21.159	2.384	0.1	34.674
668	22.29	2.391	0.1	20.544
669	21.726	1.789	0.1	24.357
670	20.03	2.3759	0.1	56.556
671	20.595	1.7846	0.1	42.693
672	18.903	2.369	0.1	86.057
673	19.467	1.779	0.1	68.607
674	17.777	2.363	0.1	123.04
675	18.341	1.7729	0.1	102.01
676	16.652	2.3583	0.1	167.35
677	17.214	1.7682	0.1	142.78
678	15.527	2.356	0.1	219.03
679	16.09	1.7652	0.1	190.85
680	14.393	2.3531	0.1	278.32
681	14.964	1.765	0.1	246.43
682	13.234	2.3559	0.1	346.18
683	13.823	1.7652	0.1	309.97
684	12.042	2.3703	0.1	424.25
685	12.659	1.7742	0.1	382.49
686	10.789	2.3943	0.1	517.19
687	11.466	1.7907	0.1	465.01
688	9.4336	2.4164	0.1	613.23
689	10.205	1.8193	0.1	566.01
690	7.9533	2.3699	0.1	745.
691	8.8673	1.832	0.1	657.58
692	7.443	1.7691	0.1	773.87
693	6.0639	5.1202	0.1	886.12
694	5.0448	5.3636	0.1	829.85
695	5.7345	5.6259	0.1	912.16
696	7.1552	4.8715	0.1	811.87
697	6.1417	4.5796	0.1	919.69
698	6.8374	5.4943	0.1	842.92
699	8.3364	4.7292	0.1	718.87
700	7.9543	5.3772	0.1	766.6
701	9.6149	4.7244	0.1	600.36
702	9.1471	5.352	0.1	644.84
703	10.906	4.7474	0.1	503.08
704	10.361	5.3725	0.1	548.48
705	12.125	4.7202	0.1	420.58
706	11.567	5.375	0.1	458.83
707	13.268	4.687	0.1	345.06
708	12.708	5.3452	0.1	379.98
709	14.397	4.6834	0.1	278.32
710	13.839	5.3417	0.1	309.71
711	15.522	4.6841	0.1	219.14
712	14.965	5.3417	0.1	246.7
713	16.646	4.6886	0.1	167.3
714	16.092	5.3424	0.1	190.95
715	17.77	4.7021	0.1	122.8
716	17.218	5.3462	0.1	142.65
717	18.896	4.7301	0.1	85.537
718	18.345	5.3559	0.1	101.71
719	20.025	4.7704	0.1	55.553
720	19.473	5.3742	0.1	68.1
721	21.159	4.793	0.1	32.953
722	20.603	5.3962	0.1	41.815
723	22.295	4.7954	0.1	17.843
724	21.735	5.3968	0.1	22.587
725	22.86	4.1992	0.1	13.854
726	22.867	5.3987	0.1	10.952
727	23.432	4.7987	0.1	10.209
728	22.857	2.9974	0.1	15.626
729	23.429	3.6006	0.1	14.004
730	22.861	1.7945	0.1	13.829
731	23.428	2.3968	0.1	13.996
732	22.297	1.1925	0.1	17.795
733	23.433	1.1977	0.1	10.18
734	22.869	0.59768	0.1	10.919
735	21.162	1.1896	0.1	32.871
736	21.735	0.59479	0.1	22.602
737	20.032	1.1877	0.1	55.382
738	20.605	0.59478	0.1	41.631
739	18.904	1.1829	0.1	85.24
740	19.477	0.59292	0.1	67.9
741	17.778	1.1781	0.1	122.45
742	18.35	0.59	0.1	101.52
743	16.653	1.1751	0.1	166.98
744	17.222	0.5881	0.1	142.5
745	15.527	1.1742	0.1	218.91
746	16.096	0.58696	0.1	190.85
747	14.394	1.1771	0.1	278.7
748	14.968	0.58724	0.1	246.74
749	13.248	1.1835	0.1	346.84
750	13.834	0.58987	0.1	310.59
751	12.084	1.1946	0.1	423.81
752	12.694	0.59362	0.1	383.06
753	10.882	1.2158	0.1	514.58
754	11.541	0.60095	0.1	463.92
755	9.6386	1.2349	0.1	611.23
756	10.363	0.61482	0.1	554.89
757	8.3569	1.2312	0.1	686.33
758	9.1689	0.62007	0.1	658.45
759	7.2024	1.0941	0.1	799.44
760	7.953	0.61109	0.1	733.24
761	6.1698	0.88052	0.1	866.11
762	6.8858	0.48304	0.1	835.73
763	5.1563	0.6974	0.1	722.36
764	5.7919	0.39749	0.1	824.77
765	1.9389	1.5085	0.1	1287.1
766	1.9126	0.97596	0.1	1185.3
767	0.71894	1.2423	0.1	1157.5
768	1.3056	0.64235	0.1	1324.2
769	1.0929	4.4086	0.1	1465.9
770	1.6759	4.118	0.1	1305.9
771	0.55259	3.7354	0.1	1260.2
772	1.6479	5.0629	0.1	1233.3
773	0.54032	4.8732	0.1	1169.4
774	1.127	5.4732	0.1	1364.
775	2.2309	4.7724	0.1	1116.1
776	2.8676	5.3398	0.1	987.87
777	2.2809	5.5898	0.1	1087.3
778	4.1255	5.4876	0.1	583.59
779	4.6898	5.7376	0.1	730.21
780	2.8833	4.6826	0.1	1287.2
781	4.1796	0.54991	0.1	493.5
782	4.7438	0.29991	0.1	589.15
783	2.98	1.6161	0.1	1571.3
784	2.9537	0.58362	0.1	828.8
785	2.367	0.33362	0.1	1038.2
786	4.6838	4.0853	0.1	1410.
787	4.3285	3.5122	0.1	1442.6
788	3.6867	5.25	0.1	939.34
789	3.6867	5.75	0.1	419.09
790	3.6867	5.5	5.e-002	111.4
791	3.6867	4.75	0.1	1385.2
792	3.6867	5.	5.e-002	427.
793	3.6867	4.25	0.1	1613.5
794	3.6867	4.5	5.e-002	86.85
795	3.6033	4.	0.1	2813.
796	3.6867	4.	5.e-002	160.62
797	3.52	4.25	0.1	3074.5
798	3.52	4.	5.e-002	474.81
799	3.52	4.75	0.1	2092.5
800	3.52	4.5	5.e-002	355.78
801	3.52	5.25	0.1	1235.3
802	3.52	5.	5.e-002	163.65
803	3.52	5.75	0.1	737.04
804	3.52	5.5	5.e-002	87.039
805	3.6867	0.75	0.1	887.1
806	3.6867	0.25	0.1	371.35
807	3.6867	0.5	5.e-002	78.254
808	3.6867	1.25	0.1	1315.4
809	3.6867	1.	5.e-002	251.17
810	3.6867	1.75	0.1	2116.9
811	3.6867	1.5	5.e-002	133.58
812	3.6033	2.	0.1	3127.9
813	3.6867	2.	5.e-002	49.284
814	3.52	1.75	0.1	2839.8
815	3.52	2.	5.e-002	163.56
816	3.52	1.25	0.1	1750.4
817	3.52	1.5	5.e-002	202.77
818	3.52	0.75	0.1	1031.1
819	3.52	1.	5.e-002	215.95
820	3.52	0.25	0.1	552.95
821	3.52	0.5	5.e-002	75.262
822	4.2509	6.	0.1	558.
823	3.6867	6.	5.e-002	30.955
824	5.3794	6.	0.1	806.94
825	4.8152	6.	5.e-002	18.767
826	6.508	6.	0.1	869.19
827	5.9437	6.	5.e-002	13.469
828	7.6365	6.	0.1	797.72
829	7.0722	6.	5.e-002	3.4546
830	8.765	6.	0.1	693.82
831	8.2007	6.	5.e-002	36.268
832	9.8935	6.	0.1	593.15
833	9.3293	6.	5.e-002	25.1
834	11.022	6.	0.1	504.98
835	10.458	6.	5.e-002	20.818
836	12.151	6.	0.1	418.84
837	11.586	6.	5.e-002	13.446
838	13.279	6.	0.1	345.39
839	12.715	6.	5.e-002	10.446
840	14.408	6.	0.1	278.94
841	13.843	6.	5.e-002	9.9659
842	15.536	6.	0.1	219.36
843	14.972	6.	5.e-002	9.4245
844	16.665	6.	0.1	167.11
845	16.1	6.	5.e-002	8.3369
846	17.793	6.	0.1	122.31
847	17.229	6.	5.e-002	7.1414
848	18.922	6.	0.1	84.977
849	18.357	6.	5.e-002	5.9975
850	20.05	6.	0.1	55.018
851	19.486	6.	5.e-002	4.9715
852	21.179	6.	0.1	32.045
853	20.614	6.	5.e-002	3.9482
854	22.307	6.	0.1	16.119
855	21.743	6.	5.e-002	2.5288
856	23.436	6.	0.1	7.2458
857	22.871	6.	5.e-002	1.3446
858	24.	5.4	0.1	6.294
859	24.	6.	5.e-002	0.27171
860	24.	4.2	0.1	10.337
861	24.	4.8	5.e-002	0.52491
862	24.	3.	0.1	12.392
863	24.	3.6	5.e-002	0.55911
864	24.	1.8	0.1	10.331
865	24.	2.4	5.e-002	0.55478
866	24.	0.6	0.1	6.2808
867	24.	1.2	5.e-002	0.51905
868	1.5735e-014	1.8	0.1	1035.2
869	5.2451e-015	0.6	0.1	863.91
870	1.0632e-014	1.2	5.e-002	56.753
871	2.6226e-014	3.	0.1	1044.4
872	2.1264e-014	2.4	5.e-002	32.021
873	3.6716e-014	4.2	0.1	1002.5
874	3.1897e-014	3.6	5.e-002	15.325
875	4.7206e-014	5.4	0.1	837.71
876	4.2529e-014	4.8	5.e-002	93.827
877	23.436	0.	0.1	7.2261
878	24.	0.	5.e-002	0.2746
879	22.307	0.	0.1	16.156
880	22.871	0.	5.e-002	1.3539
881	21.179	0.	0.1	31.91
882	21.743	0.	5.e-002	2.4948
883	20.05	0.	0.1	54.734
884	20.614	0.	5.e-002	3.7809
885	18.922	0.	0.1	84.788
886	19.486	0.	5.e-002	5.0575
887	17.793	0.	0.1	122.19
888	18.357	0.	5.e-002	6.3381
889	16.665	0.	0.1	167.
890	17.229	0.	5.e-002	7.6279
891	15.536	0.	0.1	219.3
892	16.1	0.	5.e-002	8.9399
893	14.408	0.	0.1	279.27
894	14.972	0.	5.e-002	10.14
895	13.279	0.	0.1	347.48
896	13.843	0.	5.e-002	11.197
897	12.151	0.	0.1	423.69
898	12.715	0.	5.e-002	11.414
899	11.022	0.	0.1	504.45
900	11.586	0.	5.e-002	9.3362
901	9.8935	0.	0.1	603.02
902	10.458	0.	5.e-002	17.046
903	8.765	0.	0.1	706.64
904	9.3293	0.	5.e-002	40.345
905	7.6365	0.	0.1	772.16
906	8.2007	0.	5.e-002	41.884
907	6.508	0.	0.1	794.21
908	7.0722	0.	5.e-002	64.459
909	5.3794	0.	0.1	695.75
910	5.9437	0.	5.e-002	22.431
911	4.2509	0.	0.1	447.45
912	4.8152	0.	5.e-002	40.402
913	3.6867	0.	5.e-002	31.642
914	2.9333	1.4659e-030	0.1	748.3
915	3.52	1.7591e-030	5.e-002	122.
916	1.76	8.7956e-031	0.1	1147.6
917	2.3467	0.	5.e-002	79.506
918	0.58667	2.9319e-031	0.1	1014.3
919	1.1733	0.	5.e-002	21.302
920	0.	0.	5.e-002	280.1
921	0.58667	6.	0.1	1016.5
922	5.2451e-014	6.	5.e-002	366.48
923	1.76	6.	0.1	1196.4
924	1.1733	6.	5.e-002	44.857
925	2.9333	6.	0.1	836.42
926	2.3467	6.	5.e-002	49.678
927	3.52	6.	5.e-002	85.97
928	1.76	6.	0.	1196.4
929	2.9333	6.	0.	836.42
930	0.58667	6.	0.	1016.5
931	3.52	5.75	0.	737.04
932	4.7206e-014	5.4	0.	837.71
933	1.76	8.7956e-031	0.	1147.6
934	0.58667	2.9319e-031	0.	1014.3
935	2.9333	1.4659e-030	0.	748.3
936	3.52	0.25	0.	552.95
937	5.2451e-015	0.6	0.	863.91
938	5.3794	0.	0.	695.75
939	4.2509	0.	0.	447.45
940	6.508	0.	0.	794.21
941	7.6365	0.	0.	772.16
942	8.765	0.	0.	706.64
943	9.8935	0.	0.	603.02
944	11.022	0.	0.	504.45
945	12.151	0.	0.	423.69
946	13.279	0.	0.	347.48
947	14.408	0.	0.	279.27
948	15.536	0.	0.	219.3
949	16.665	0.	0.	167.
950	17.793	0.	0.	122.19
951	18.922	0.	0.	84.788
952	20.05	0.	0.	54.734
953	21.179	0.	0.	31.91
954	22.307	0.	0.	16.156
955	23.436	0.	0.	7.2261
956	3.6867	0.25	0.	371.35
957	24.	0.6	0.	6.2808
958	3.6716e-014	4.2	0.	1002.5
959	2.6226e-014	3.	0.	1044.4
960	1.5735e-014	1.8	0.	1035.2
961	24.	1.8	0.	10.331
962	24.	3.	0.	12.392
963	24.	4.2	0.	10.337
964	24.	5.4	0.	6.294
965	23.436	6.	0.	7.2458
966	22.307	6.	0.	16.119
967	21.179	6.	0.	32.045
968	20.05	6.	0.	55.018
969	18.922	6.	0.	84.977
970	17.793	6.	0.	122.31
971	16.665	6.	0.	167.11
972	15.536	6.	0.	219.36
973	14.408	6.	0.	278.94
974	13.279	6.	0.	345.39
975	12.151	6.	0.	418.84
976	11.022	6.	0.	504.98
977	9.8935	6.	0.	593.15
978	8.765	6.	0.	693.82
979	7.6365	6.	0.	797.72
980	6.508	6.	0.	869.19
981	5.3794	6.	0.	806.94
982	4.2509	6.	0.	558.
983	3.6867	5.75	0.	419.09
984	3.52	1.25	0.	1750.4
985	3.52	1.75	0.	2839.8
986	3.52	0.75	0.	1031.1
987	3.6033	2.	0.	3127.9
988	3.6867	0.75	0.	887.1
989	3.6867	1.25	0.	1315.4
990	3.6867	1.75	0.	2116.9
991	3.52	4.75	0.	2092.5
992	3.52	4.25	0.	3074.5
993	3.52	5.25	0.	1235.3
994	3.6033	4.	0.	2813.
995	3.6867	5.25	0.	939.34
996	3.6867	4.75	0.	1385.2
997	3.6867	4.25	0.	1613.5
