Node Number	X Location (in)	Y Location (in)	Z Location (in)	Minimum Principal Elastic Strain (in/in)
1	7.8118	2.6914	0.	-7.541e-004
2	8.2671	3.3885	0.	-7.9516e-004
3	7.2902	2.0757	0.	-5.9381e-004
4	8.8239	3.9208	0.	-5.8682e-004
5	6.936	0.54053	0.	-3.0361e-004
6	8.8092	1.2629	0.	-2.9716e-004
7	7.1564	4.3692	0.	-4.3612e-004
8	8.7967	4.792	0.	-2.8277e-004
9	6.4367	1.3406	0.	-4.5349e-004
10	6.4621	4.0969	0.	-4.8622e-004
11	6.5345	3.1878	0.	-5.3243e-004
12	9.7691	1.8377	0.	-3.4774e-004
13	10.676	1.8943	0.	-3.2163e-004
14	9.5272	3.4616	0.	-3.9086e-004
15	6.7415	1.6294	0.	-4.0162e-004
16	10.657	2.9102	0.	-3.3005e-004
17	4.7081	3.7352	0.	-4.6771e-004
18	2.2888	2.3561	0.	-5.2934e-004
19	3.4595	2.3596	0.	-5.0259e-004
20	4.4978	2.427	0.	-4.8527e-004
21	11.646	1.9982	0.	-2.8951e-004
22	12.716	2.0419	0.	-2.6004e-004
23	13.826	2.097	0.	-2.3202e-004
24	14.953	2.0498	0.	-2.0425e-004
25	16.085	2.0777	0.	-1.7685e-004
26	17.236	2.1679	0.	-1.4961e-004
27	18.357	2.3185	0.	-1.2309e-004
28	19.466	2.3736	0.	-9.8522e-005
29	20.603	2.3812	0.	-7.4082e-005
30	20.587	3.603	0.	-7.4446e-005
31	19.448	3.595	0.	-9.8811e-005
32	17.153	3.9836	0.	-1.5228e-004
33	16.049	4.0083	0.	-1.7762e-004
34	14.939	4.0054	0.	-2.047e-004
35	13.819	3.9842	0.	-2.3222e-004
36	12.696	3.9836	0.	-2.6039e-004
37	11.585	3.9768	0.	-2.9031e-004
38	7.7906	3.3036	0.	-7.5433e-004
39	22.868	4.8092	0.	-2.6995e-005
40	21.732	4.8137	0.	-4.97e-005
41	20.592	4.8036	0.	-7.3797e-005
42	19.46	4.7936	0.	-9.8678e-005
43	18.347	4.8432	0.	-1.235e-004
44	17.229	4.9356	0.	-1.5052e-004
45	16.074	4.9939	0.	-1.7791e-004
46	14.944	4.9828	0.	-2.057e-004
47	13.824	4.9856	0.	-2.3392e-004
48	12.696	4.9726	0.	-2.622e-004
49	11.599	4.9925	0.	-2.8849e-004
50	10.541	5.0399	0.	-2.9971e-004
51	9.4229	5.1806	0.	-2.6509e-004
52	8.8936	4.3767	0.	-3.8237e-004
53	22.89	1.2	0.	-2.667e-005
54	22.864	2.4115	0.	-2.8718e-005
55	22.865	3.6073	0.	-2.8606e-005
56	9.4391	0.88772	0.	-2.6696e-004
57	10.553	0.93649	0.	-3.0231e-004
58	11.638	0.98397	0.	-2.8799e-004
59	12.73	1.0183	0.	-2.6163e-004
60	13.834	1.0345	0.	-2.3373e-004
61	14.956	1.0341	0.	-2.0546e-004
62	16.098	1.0482	0.	-1.7734e-004
63	17.239	1.0928	0.	-1.4987e-004
64	18.361	1.146	0.	-1.2358e-004
65	19.481	1.1479	0.	-9.8183e-005
66	20.609	1.1515	0.	-7.3448e-005
67	21.744	1.1972	0.	-4.9348e-005
68	7.1328	1.024	0.	-3.0983e-004
69	7.3625	1.5	0.	-4.6216e-004
70	1.1345	1.1884	0.	-5.4183e-004
71	2.2807	1.1731	0.	-5.4638e-004
72	3.4699	1.1833	0.	-5.1688e-004
73	4.7591	1.1313	0.	-4.7095e-004
74	5.8464	0.71786	0.	-4.2653e-004
75	1.1451	4.7938	0.	-5.4106e-004
76	1.142	3.5857	0.	-5.6631e-004
77	1.1403	2.3826	0.	-5.6671e-004
78	6.8855	5.4342	0.	-3.1734e-004
79	5.6572	5.1723	0.	-4.3013e-004
80	4.5075	4.9002	0.	-4.8857e-004
81	3.4189	4.7826	0.	-5.1689e-004
82	2.2839	4.7646	0.	-5.4482e-004
83	7.0773	4.9038	0.	-3.5751e-004
84	7.3865	3.8374	0.	-6.0295e-004
85	8.9105	1.7535	0.	-3.8729e-004
86	8.9955	2.3879	0.	-5.0759e-004
87	8.6304	3.5329	0.	-7.4852e-004
88	9.6212	4.3751	0.	-3.5008e-004
89	21.728	3.6031	0.	-5.0948e-005
90	21.733	2.3951	0.	-5.0743e-005
91	2.2794	3.5403	0.	-5.2923e-004
92	7.2258	3.2109	0.	-6.5745e-004
93	8.8901	2.9888	0.	-6.2311e-004
94	10.51	3.9707	0.	-3.2911e-004
95	5.6723	3.368	0.	-4.4735e-004
96	7.1985	2.6281	0.	-6.608e-004
97	6.5894	2.0352	0.	-5.0026e-004
98	5.4643	2.5201	0.	-4.5354e-004
99	3.4484	3.596	0.	-5.0034e-004
100	6.7444	3.712	0.	-4.9871e-004
101	9.7612	2.7082	0.	-3.8071e-004
102	11.649	2.9916	0.	-2.8932e-004
103	12.719	3.0165	0.	-2.5918e-004
104	13.828	3.0212	0.	-2.3135e-004
105	14.957	3.0173	0.	-2.0383e-004
106	16.054	3.0326	0.	-1.772e-004
107	17.129	3.1435	0.	-1.5268e-004
108	18.276	3.5824	0.	-1.2666e-004
109	6.4759	2.6119	0.	-5.0109e-004
110	8.324	2.7705	0.	-7.5099e-004
111	5.7108	1.7568	0.	-4.4122e-004
112	5.8578	4.4918	0.	-4.3602e-004
113	5.8578	4.4918	0.1	-1.53e-004
114	5.7108	1.7568	0.1	-1.5611e-004
115	8.324	2.7705	0.1	-4.0519e-004
116	6.4759	2.6119	0.1	-1.6333e-004
117	18.276	3.5824	0.1	-4.2355e-005
118	17.129	3.1435	0.1	-5.0536e-005
119	16.054	3.0326	0.1	-5.8666e-005
120	14.957	3.0173	0.1	-6.845e-005
121	13.828	3.0212	0.1	-7.8558e-005
122	12.719	3.0165	0.1	-8.9972e-005
123	11.649	2.9916	0.1	-1.0305e-004
124	9.7612	2.7082	0.1	-1.4354e-004
125	6.7444	3.712	0.1	-1.888e-004
126	3.4484	3.596	0.1	-2.0673e-004
127	5.4643	2.5201	0.1	-1.4473e-004
128	6.5894	2.0352	0.1	-2.0285e-004
129	7.1985	2.6281	0.1	-2.3276e-004
130	5.6723	3.368	0.1	-1.6616e-004
131	10.51	3.9707	0.1	-1.2103e-004
132	8.8901	2.9888	0.1	-2.2421e-004
133	7.2258	3.2109	0.1	-2.3426e-004
134	2.2794	3.5403	0.1	-2.1358e-004
135	21.733	2.3951	0.1	-2.3551e-005
136	21.728	3.6031	0.1	-2.3555e-005
137	9.6212	4.3751	0.1	-1.2111e-004
138	8.6304	3.5329	0.1	-2.7644e-004
139	8.9955	2.3879	0.1	-1.8589e-004
140	8.9105	1.7535	0.1	-1.6418e-004
141	7.3865	3.8374	0.1	-2.201e-004
142	7.0773	4.9038	0.1	-1.8173e-004
143	2.2839	4.7646	0.1	-2.0072e-004
144	3.4189	4.7826	0.1	-1.9218e-004
145	4.5075	4.9002	0.1	-1.6727e-004
146	5.6572	5.1723	0.1	-1.5327e-004
147	6.8855	5.4342	0.1	-1.3266e-004
148	1.1403	2.3826	0.1	-3.4875e-004
149	1.142	3.5857	0.1	-3.49e-004
150	1.1451	4.7938	0.1	-3.0876e-004
151	5.8464	0.71786	0.1	-1.4968e-004
152	4.7591	1.1313	0.1	-1.6643e-004
153	3.4699	1.1833	0.1	-1.9485e-004
154	2.2807	1.1731	0.1	-1.9998e-004
155	1.1345	1.1884	0.1	-3.0949e-004
156	7.3625	1.5	0.1	-2.4585e-004
157	7.1328	1.024	0.1	-1.5479e-004
158	21.744	1.1972	0.1	-2.116e-005
159	20.609	1.1515	0.1	-2.752e-005
160	19.481	1.1479	0.1	-3.4798e-005
161	18.361	1.146	0.1	-4.2504e-005
162	17.239	1.0928	0.1	-5.0575e-005
163	16.098	1.0482	0.1	-5.8897e-005
164	14.956	1.0341	0.1	-6.7943e-005
165	13.834	1.0345	0.1	-7.7872e-005
166	12.73	1.0183	0.1	-8.7922e-005
167	11.638	0.98397	0.1	-9.7487e-005
168	10.553	0.93649	0.1	-1.0902e-004
169	9.4391	0.88772	0.1	-1.0761e-004
170	22.865	3.6073	0.1	-1.9941e-005
171	22.864	2.4115	0.1	-1.9966e-005
172	22.89	1.2	0.1	-1.6017e-005
173	8.8936	4.3767	0.1	-1.9073e-004
174	9.4229	5.1806	0.1	-1.0786e-004
175	10.541	5.0399	0.1	-1.0691e-004
176	11.599	4.9925	0.1	-9.7151e-005
177	12.696	4.9726	0.1	-8.7992e-005
178	13.824	4.9856	0.1	-7.8002e-005
179	14.944	4.9828	0.1	-6.8007e-005
180	16.074	4.9939	0.1	-5.9142e-005
181	17.229	4.9356	0.1	-5.0809e-005
182	18.347	4.8432	0.1	-4.2482e-005
183	19.46	4.7936	0.1	-3.51e-005
184	20.592	4.8036	0.1	-2.7691e-005
185	21.732	4.8137	0.1	-2.1115e-005
186	22.868	4.8092	0.1	-1.6038e-005
187	7.7906	3.3036	0.1	-3.7907e-004
188	11.585	3.9768	0.1	-1.0104e-004
189	12.696	3.9836	0.1	-8.9731e-005
190	13.819	3.9842	0.1	-7.8525e-005
191	14.939	4.0054	0.1	-6.8489e-005
192	16.049	4.0083	0.1	-5.8652e-005
193	17.153	3.9836	0.1	-5.0243e-005
194	19.448	3.595	0.1	-3.5224e-005
195	20.587	3.603	0.1	-2.8946e-005
196	20.603	2.3812	0.1	-2.8826e-005
197	19.466	2.3736	0.1	-3.5418e-005
198	18.357	2.3185	0.1	-4.2447e-005
199	17.236	2.1679	0.1	-5.0336e-005
200	16.085	2.0777	0.1	-5.8447e-005
201	14.953	2.0498	0.1	-6.8222e-005
202	13.826	2.097	0.1	-7.8635e-005
203	12.716	2.0419	0.1	-8.9401e-005
204	11.646	1.9982	0.1	-1.011e-004
205	4.4978	2.427	0.1	-1.8516e-004
206	3.4595	2.3596	0.1	-2.0788e-004
207	2.2888	2.3561	0.1	-2.1261e-004
208	4.7081	3.7352	0.1	-1.7485e-004
209	10.657	2.9102	0.1	-1.1993e-004
210	6.7415	1.6294	0.1	-1.539e-004
211	9.5272	3.4616	0.1	-1.4814e-004
212	10.676	1.8943	0.1	-1.1497e-004
213	9.7691	1.8377	0.1	-1.2182e-004
214	6.5345	3.1878	0.1	-1.9133e-004
215	6.4621	4.0969	0.1	-1.7341e-004
216	6.4367	1.3406	0.1	-1.8087e-004
217	8.7967	4.792	0.1	-2.1746e-004
218	7.1564	4.3692	0.1	-1.9576e-004
219	8.8092	1.2629	0.1	-2.0957e-004
220	6.936	0.54053	0.1	-1.2741e-004
221	8.8239	3.9208	0.1	-1.8265e-004
222	7.2902	2.0757	0.1	-2.0475e-004
223	8.2671	3.3885	0.1	-3.7037e-004
224	7.8118	2.6914	0.1	-3.7783e-004
225	8.1667	5.5	0.1	-8.5531e-005
226	8.1667	5.	0.1	-1.315e-004
227	8.1667	4.5	0.1	-3.2812e-004
228	8.1667	4.	0.1	-4.9593e-004
229	8.	4.	0.1	-5.234e-004
230	8.	4.5	0.1	-3.9479e-004
231	8.	5.	0.1	-1.4796e-004
232	8.	5.5	0.1	-6.9664e-005
233	8.1667	0.5	0.1	-9.0038e-005
234	8.1667	1.	0.1	-1.2504e-004
235	8.1667	1.5	0.1	-3.1795e-004
236	8.1667	2.	0.1	-4.276e-004
237	8.	2.	0.1	-5.1868e-004
238	8.	1.5	0.1	-5.1397e-004
239	8.	1.	0.1	-1.3964e-004
240	8.	0.5	0.1	-5.6715e-005
241	8.1667	6.	0.1	-4.523e-005
242	9.2976	6.	0.1	-1.0445e-004
243	10.429	6.	0.1	-9.9718e-005
244	11.56	6.	0.1	-9.7667e-005
245	12.69	6.	0.1	-8.7858e-005
246	13.821	6.	0.1	-7.7852e-005
247	14.952	6.	0.1	-6.9051e-005
248	16.083	6.	0.1	-6.0579e-005
249	17.214	6.	0.1	-5.1591e-005
250	18.345	6.	0.1	-4.3394e-005
251	19.476	6.	0.1	-3.5756e-005
252	20.607	6.	0.1	-2.8366e-005
253	21.738	6.	0.1	-2.0768e-005
254	22.869	6.	0.1	-1.4082e-005
255	24.	6.	0.1	-9.1362e-006
256	24.	4.8	0.1	-1.3305e-005
257	24.	3.6	0.1	-1.8126e-005
258	24.	2.4	0.1	-1.8069e-005
259	24.	1.2	0.1	-1.3363e-005
260	1.049e-014	1.2	0.1	-2.0789e-006
261	2.0981e-014	2.4	0.1	-1.4572e-006
262	3.1471e-014	3.6	0.1	-1.7239e-006
263	4.1961e-014	4.8	0.1	-1.8926e-006
264	24.	0.	0.1	-9.2071e-006
265	22.869	0.	0.1	-1.4027e-005
266	21.738	0.	0.1	-2.0473e-005
267	20.607	0.	0.1	-2.7933e-005
268	19.476	0.	0.1	-3.5638e-005
269	18.345	0.	0.1	-4.3425e-005
270	17.214	0.	0.1	-5.1511e-005
271	16.083	0.	0.1	-6.0105e-005
272	14.952	0.	0.1	-6.8951e-005
273	13.821	0.	0.1	-7.803e-005
274	12.69	0.	0.1	-8.854e-005
275	11.56	0.	0.1	-9.6642e-005
276	10.429	0.	0.1	-9.939e-005
277	9.2976	0.	0.1	-1.0739e-004
278	8.1667	0.	0.1	-4.5949e-005
279	8.	0.	0.1	-4.9213e-005
280	6.8571	1.0399e-030	0.1	-9.8044e-005
281	5.7143	8.6656e-031	0.1	-1.4782e-004
282	4.5714	6.9325e-031	0.1	-1.5918e-004
283	3.4286	5.1994e-031	0.1	-1.882e-004
284	2.2857	3.4662e-031	0.1	-2.052e-004
285	1.1429	1.7331e-031	0.1	-2.5916e-004
286	0.	0.	0.1	-4.0307e-005
287	3.937e-014	6.	0.1	-4.0728e-005
288	1.1429	6.	0.1	-2.5711e-004
289	2.2857	6.	0.1	-2.0411e-004
290	3.4286	6.	0.1	-1.8627e-004
291	4.5714	6.	0.1	-1.6581e-004
292	5.7143	6.	0.1	-1.5202e-004
293	6.8571	6.	0.1	-1.0904e-004
294	8.	6.	0.1	-5.5633e-005
295	6.8571	6.	0.	-2.7829e-004
296	5.7143	6.	0.	-4.2408e-004
297	4.5714	6.	0.	-4.9437e-004
298	3.4286	6.	0.	-5.4634e-004
299	2.2857	6.	0.	-5.9761e-004
300	1.1429	6.	0.	-5.5504e-004
301	8.	6.	0.	-1.7397e-004
302	3.937e-014	6.	0.	-3.8555e-004
303	1.1429	1.7331e-031	0.	-5.5646e-004
304	2.2857	3.4662e-031	0.	-6.0118e-004
305	3.4286	5.1994e-031	0.	-5.4768e-004
306	4.5714	6.9325e-031	0.	-4.9106e-004
307	5.7143	8.6656e-031	0.	-4.2361e-004
308	6.8571	1.0399e-030	0.	-2.8417e-004
309	8.	0.	0.	-1.6118e-004
310	0.	0.	0.	-3.8521e-004
311	9.2976	0.	0.	-2.1574e-004
312	10.429	0.	0.	-2.84e-004
313	11.56	0.	0.	-2.8889e-004
314	12.69	0.	0.	-2.6575e-004
315	13.821	0.	0.	-2.3652e-004
316	14.952	0.	0.	-2.0759e-004
317	16.083	0.	0.	-1.7909e-004
318	17.214	0.	0.	-1.5126e-004
319	18.345	0.	0.	-1.2459e-004
320	19.476	0.	0.	-9.8942e-005
321	20.607	0.	0.	-7.3408e-005
322	21.738	0.	0.	-4.8052e-005
323	22.869	0.	0.	-2.4227e-005
324	8.1667	0.	0.	-1.4585e-004
325	24.	0.	0.	-1.1127e-005
326	4.1961e-014	4.8	0.	-5.2492e-004
327	3.1471e-014	3.6	0.	-5.521e-004
328	2.0981e-014	2.4	0.	-5.5125e-004
329	1.049e-014	1.2	0.	-5.2356e-004
330	24.	1.2	0.	-1.4657e-005
331	24.	2.4	0.	-1.6846e-005
332	24.	3.6	0.	-1.6817e-005
333	24.	4.8	0.	-1.4783e-005
334	24.	6.	0.	-1.0941e-005
335	22.869	6.	0.	-2.4153e-005
336	21.738	6.	0.	-4.8266e-005
337	20.607	6.	0.	-7.3404e-005
338	19.476	6.	0.	-9.8823e-005
339	18.345	6.	0.	-1.2458e-004
340	17.214	6.	0.	-1.5131e-004
341	16.083	6.	0.	-1.792e-004
342	14.952	6.	0.	-2.0732e-004
343	13.821	6.	0.	-2.3631e-004
344	12.69	6.	0.	-2.6511e-004
345	11.56	6.	0.	-2.8928e-004
346	10.429	6.	0.	-2.8464e-004
347	9.2976	6.	0.	-2.1177e-004
348	8.1667	6.	0.	-1.4175e-004
349	8.	1.5	0.	-6.8145e-004
350	8.	1.	0.	-3.4839e-004
351	8.	0.5	0.	-2.0809e-004
352	8.	2.	0.	-1.3613e-003
353	8.1667	0.5	0.	-2.6503e-004
354	8.1667	1.	0.	-2.8189e-004
355	8.1667	1.5	0.	-7.025e-004
356	8.1667	2.	0.	-1.3914e-003
357	8.	4.5	0.	-6.5326e-004
358	8.	5.	0.	-3.6002e-004
359	8.	5.5	0.	-2.2856e-004
360	8.	4.	0.	-1.4456e-003
361	8.1667	5.5	0.	-2.54e-004
362	8.1667	5.	0.	-2.7913e-004
363	8.1667	4.5	0.	-6.3091e-004
364	8.1667	4.	0.	-1.3884e-003
365	7.8012	2.9975	0.	-7.4803e-004
366	7.5052	2.6598	0.	-7.0723e-004
367	8.0679	2.731	0.	-7.4637e-004
368	7.8118	2.6914	5.e-002	-2.249e-005
369	7.9059	2.3457	0.	-1.0497e-003
370	8.0288	3.346	0.	-7.6688e-004
371	8.4488	3.4607	0.	-7.7084e-004
372	8.2955	3.0795	0.	-7.6563e-004
373	8.2671	3.3885	5.e-002	-3.4503e-005
374	8.2169	3.6942	0.	-1.0773e-003
375	7.3263	1.7878	0.	-5.2741e-004
376	7.2443	2.3519	0.	-6.2232e-004
377	6.9398	2.0554	0.	-5.3924e-004
378	7.2902	2.0757	5.e-002	-2.2797e-005
379	7.6451	2.0378	0.	-9.7745e-004
380	9.1755	3.6912	0.	-4.8197e-004
381	8.8587	4.1488	0.	-4.8411e-004
382	8.7271	3.7269	0.	-6.631e-004
383	8.8239	3.9208	5.e-002	-1.9743e-005
384	8.4953	3.9604	0.	-9.8754e-004
385	7.0344	0.78226	0.	-3.06e-004
386	6.3912	0.62919	0.	-3.6277e-004
387	6.936	0.54053	5.e-002	-1.1939e-005
388	6.8965	0.27026	0.	-2.9277e-004
389	7.468	0.52026	0.	-2.4715e-004
390	9.1241	1.0753	0.	-2.7741e-004
391	8.8598	1.5082	0.	-3.3985e-004
392	8.8092	1.2629	5.e-002	-8.1268e-006
393	8.4879	1.1315	0.	-2.8234e-004
394	6.8093	4.233	0.	-4.595e-004
395	7.1169	4.6365	0.	-3.9583e-004
396	7.2715	4.1033	0.	-5.195e-004
397	7.1564	4.3692	5.e-002	-1.9971e-005
398	7.5782	4.4346	0.	-5.0921e-004
399	9.1098	4.9863	0.	-2.6972e-004
400	8.8452	4.5844	0.	-3.3061e-004
401	8.7967	4.792	5.e-002	-9.3051e-006
402	8.4817	4.896	0.	-2.7308e-004
403	6.5891	1.485	0.	-4.2683e-004
404	6.7848	1.1823	0.	-3.7794e-004
405	6.1416	1.0292	0.	-4.3959e-004
406	6.0738	1.5487	0.	-4.4686e-004
407	6.4367	1.3406	5.e-002	-2.7913e-005
408	6.0672	3.7324	0.	-4.6644e-004
409	6.6032	3.9044	0.	-4.9147e-004
410	6.16	4.2943	0.	-4.6077e-004
411	6.4621	4.0969	5.e-002	-1.7639e-005
412	6.8802	3.1994	0.	-5.9374e-004
413	6.1034	3.2779	0.	-4.8902e-004
414	6.6395	3.4499	0.	-5.1388e-004
415	6.5052	2.8999	0.	-5.1675e-004
416	6.5345	3.1878	5.e-002	-2.3874e-005
417	10.222	1.866	0.	-3.3433e-004
418	9.6041	1.3627	0.	-3.0583e-004
419	9.3398	1.7956	0.	-3.6274e-004
420	9.7652	2.273	0.	-3.6368e-004
421	9.7691	1.8377	5.e-002	-6.0519e-006
422	10.666	2.4023	0.	-3.2578e-004
423	11.161	1.9463	0.	-3.0556e-004
424	10.614	1.4154	0.	-3.1191e-004
425	10.676	1.8943	5.e-002	-4.054e-006
426	9.5742	3.9183	0.	-3.7017e-004
427	9.2087	3.2252	0.	-5.0687e-004
428	10.019	3.7162	0.	-3.5991e-004
429	9.6442	3.0849	0.	-3.8544e-004
430	9.5272	3.4616	5.e-002	-5.6415e-006
431	7.052	1.5647	0.	-4.288e-004
432	6.6655	1.8323	0.	-4.4893e-004
433	6.7415	1.6294	5.e-002	-1.4545e-005
434	10.583	3.4405	0.	-3.2956e-004
435	10.209	2.8092	0.	-3.5536e-004
436	11.153	2.9509	0.	-3.0968e-004
437	10.657	2.9102	5.e-002	-2.7602e-006
438	4.6029	3.0811	0.	-4.7629e-004
439	4.6078	4.3177	0.	-4.7802e-004
440	5.1902	3.5516	0.	-4.575e-004
441	4.0782	3.6656	0.	-4.8401e-004
442	5.283	4.1135	0.	-4.5183e-004
443	4.7081	3.7352	5.e-002	-6.0821e-006
444	2.8741	2.3578	0.	-5.1592e-004
445	2.2848	1.7646	0.	-5.3725e-004
446	1.7145	2.3693	0.	-5.4801e-004
447	2.2841	2.9482	0.	-5.2853e-004
448	2.2888	2.3561	5.e-002	-8.0305e-006
449	3.9786	2.3933	0.	-4.9389e-004
450	3.4647	1.7714	0.	-5.0962e-004
451	3.4539	2.9778	0.	-5.0118e-004
452	3.4595	2.3596	5.e-002	-1.3751e-006
453	4.6284	1.7791	0.	-4.779e-004
454	4.981	2.4735	0.	-4.6939e-004
455	4.4978	2.427	5.e-002	-3.3871e-006
456	12.181	2.0201	0.	-2.7477e-004
457	11.642	1.4911	0.	-2.8873e-004
458	11.647	2.4949	0.	-2.894e-004
459	11.646	1.9982	5.e-002	-2.5051e-006
460	13.271	2.0695	0.	-2.4603e-004
461	12.723	1.5301	0.	-2.6081e-004
462	12.717	2.5292	0.	-2.596e-004
463	12.716	2.0419	5.e-002	-1.7432e-006
464	14.39	2.0734	0.	-2.1813e-004
465	13.83	1.5658	0.	-2.3284e-004
466	13.827	2.5591	0.	-2.3166e-004
467	13.826	2.097	5.e-002	-1.7809e-006
468	15.519	2.0638	0.	-1.9055e-004
469	14.955	1.542	0.	-2.048e-004
470	14.955	2.5336	0.	-2.0401e-004
471	14.953	2.0498	5.e-002	-1.7582e-006
472	16.661	2.1228	0.	-1.6323e-004
473	16.092	1.5629	0.	-1.7704e-004
474	16.07	2.5552	0.	-1.7697e-004
475	16.085	2.0777	5.e-002	-1.7281e-006
476	17.797	2.2432	0.	-1.3635e-004
477	17.238	1.6303	0.	-1.4967e-004
478	17.183	2.6557	0.	-1.5109e-004
479	17.236	2.1679	5.e-002	-1.6079e-006
480	18.912	2.346	0.	-1.108e-004
481	18.359	1.7322	0.	-1.2322e-004
482	18.316	2.9504	0.	-1.2478e-004
483	18.357	2.3185	5.e-002	-1.3689e-006
484	20.035	2.3774	0.	-8.6301e-005
485	19.457	2.9843	0.	-9.8568e-005
486	19.473	1.7607	0.	-9.8239e-005
487	19.466	2.3736	5.e-002	-1.3569e-006
488	20.595	2.9921	0.	-7.417e-005
489	20.606	1.7664	0.	-7.3649e-005
490	21.168	2.3882	0.	-6.2411e-005
491	20.603	2.3812	5.e-002	-1.3936e-006
492	20.018	3.599	0.	-8.6628e-005
493	20.59	4.2033	0.	-7.4005e-005
494	21.157	3.6031	0.	-6.2696e-005
495	20.587	3.603	5.e-002	-1.4891e-006
496	19.454	4.1943	0.	-9.8632e-005
497	18.862	3.5887	0.	-1.1273e-004
498	19.448	3.595	5.e-002	-1.351e-006
499	16.601	3.996	0.	-1.6495e-004
500	17.191	4.4596	0.	-1.5135e-004
501	17.141	3.5636	0.	-1.5243e-004
502	17.714	3.783	0.	-1.3946e-004
503	17.153	3.9836	5.e-002	-1.6828e-006
504	15.494	4.0069	0.	-1.9115e-004
505	16.061	4.5011	0.	-1.7771e-004
506	16.051	3.5205	0.	-1.7736e-004
507	16.049	4.0083	5.e-002	-1.4739e-006
508	14.379	3.9948	0.	-2.1846e-004
509	14.942	4.4941	0.	-2.0515e-004
510	14.948	3.5114	0.	-2.0422e-004
511	14.939	4.0054	5.e-002	-1.5573e-006
512	13.257	3.9839	0.	-2.463e-004
513	13.821	4.4849	0.	-2.3304e-004
514	13.823	3.5027	0.	-2.3176e-004
515	13.819	3.9842	5.e-002	-1.7119e-006
516	12.14	3.9802	0.	-2.7535e-004
517	12.696	4.4781	0.	-2.6126e-004
518	12.707	3.5	0.	-2.5978e-004
519	12.696	3.9836	5.e-002	-1.8329e-006
520	11.592	4.4847	0.	-2.8938e-004
521	11.048	3.9738	0.	-3.0968e-004
522	11.617	3.4842	0.	-2.8981e-004
523	11.585	3.9768	5.e-002	-2.3213e-006
524	7.5082	3.2573	0.	-7.0532e-004
525	7.7906	3.3036	5.e-002	-1.9872e-005
526	7.8953	3.6518	0.	-1.0898e-003
527	22.3	4.8115	0.	-3.8343e-005
528	22.867	4.2083	0.	-2.7734e-005
529	22.868	4.8092	5.e-002	-1.4185e-006
530	23.434	4.8046	0.	-2.0837e-005
531	22.868	5.4046	0.	-2.5375e-005
532	21.162	4.8087	0.	-6.1746e-005
533	21.73	4.2084	0.	-5.0222e-005
534	21.732	4.8137	5.e-002	-1.3326e-006
535	21.735	5.4069	0.	-4.8783e-005
536	20.026	4.7986	0.	-8.6233e-005
537	20.592	4.8036	5.e-002	-1.4319e-006
538	20.6	5.4018	0.	-7.344e-005
539	18.903	4.8184	0.	-1.1108e-004
540	19.46	4.7936	5.e-002	-1.4227e-006
541	19.468	5.3968	0.	-9.8628e-005
542	17.788	4.8894	0.	-1.3701e-004
543	18.311	4.2128	0.	-1.2498e-004
544	18.347	4.8432	5.e-002	-1.4116e-006
545	18.346	5.4216	0.	-1.2393e-004
546	16.651	4.9647	0.	-1.6421e-004
547	17.229	4.9356	5.e-002	-1.6304e-006
548	17.222	5.4678	0.	-1.5084e-004
549	15.509	4.9883	0.	-1.918e-004
550	16.074	4.9939	5.e-002	-1.6648e-006
551	16.078	5.4969	0.	-1.7849e-004
552	14.384	4.9842	0.	-2.198e-004
553	14.944	4.9828	5.e-002	-1.7519e-006
554	14.948	5.4914	0.	-2.0646e-004
555	13.26	4.9791	0.	-2.4805e-004
556	13.824	4.9856	5.e-002	-1.7081e-006
557	13.822	5.4928	0.	-2.3507e-004
558	12.148	4.9826	0.	-2.7534e-004
559	12.696	4.9726	5.e-002	-1.7047e-006
560	12.693	5.4863	0.	-2.6362e-004
561	11.07	5.0162	0.	-2.941e-004
562	11.599	4.9925	5.e-002	-1.5264e-006
563	11.579	5.4963	0.	-2.8887e-004
564	9.9818	5.1103	0.	-2.7922e-004
565	10.525	4.5053	0.	-3.144e-004
566	10.541	5.0399	5.e-002	-2.0515e-006
567	10.485	5.5199	0.	-2.9216e-004
568	9.5221	4.7778	0.	-3.0613e-004
569	9.4229	5.1806	5.e-002	-1.0543e-005
570	9.3603	5.5903	0.	-2.3838e-004
571	8.7948	5.3403	0.	-2.4925e-004
572	9.2574	4.3759	0.	-3.6124e-004
573	8.8936	4.3767	5.e-002	-2.2056e-005
574	8.5301	4.4384	0.	-4.8061e-004
575	22.877	1.8058	0.	-2.7628e-005
576	22.317	1.1986	0.	-3.8004e-005
577	22.89	1.2	5.e-002	-1.3925e-006
578	22.879	0.6	0.	-2.5254e-005
579	23.445	1.2	0.	-2.0608e-005
580	22.865	3.0094	0.	-2.8625e-005
581	22.299	2.4033	0.	-3.9725e-005
582	22.864	2.4115	5.e-002	-1.4482e-006
583	23.432	2.4058	0.	-2.276e-005
584	22.296	3.6052	0.	-3.9771e-005
585	22.865	3.6073	5.e-002	-1.4344e-006
586	23.433	3.6037	0.	-2.2688e-005
587	9.9962	0.9121	0.	-2.8239e-004
588	9.4391	0.88772	5.e-002	-1.1094e-005
589	9.3683	0.44386	0.	-2.4131e-004
590	8.8029	0.69386	0.	-2.5545e-004
591	11.096	0.96023	0.	-2.9511e-004
592	10.553	0.93649	5.e-002	-2.0042e-006
593	10.491	0.46824	0.	-2.9315e-004
594	12.184	1.0011	0.	-2.748e-004
595	11.638	0.98397	5.e-002	-1.9492e-006
596	11.599	0.49198	0.	-2.8842e-004
597	13.282	1.0264	0.	-2.4768e-004
598	12.73	1.0183	5.e-002	-1.5207e-006
599	12.71	0.50916	0.	-2.6365e-004
600	14.395	1.0343	0.	-2.1959e-004
601	13.834	1.0345	5.e-002	-1.6592e-006
602	13.827	0.51725	0.	-2.3508e-004
603	15.527	1.0411	0.	-1.914e-004
604	14.956	1.0341	5.e-002	-1.6788e-006
605	14.954	0.51705	0.	-2.0647e-004
606	16.669	1.0705	0.	-1.636e-004
607	16.098	1.0482	5.e-002	-1.6992e-006
608	16.091	0.52408	0.	-1.7815e-004
609	17.8	1.1194	0.	-1.3672e-004
610	17.239	1.0928	5.e-002	-1.6374e-006
611	17.227	0.54641	0.	-1.5049e-004
612	18.921	1.1469	0.	-1.1088e-004
613	18.361	1.146	5.e-002	-1.4494e-006
614	18.353	0.57298	0.	-1.2399e-004
615	20.045	1.1497	0.	-8.5811e-005
616	19.481	1.1479	5.e-002	-1.4311e-006
617	19.478	0.57395	0.	-9.8441e-005
618	21.176	1.1744	0.	-6.1396e-005
619	20.609	1.1515	5.e-002	-1.3888e-006
620	20.608	0.57577	0.	-7.3269e-005
621	21.739	1.7962	0.	-4.9938e-005
622	21.744	1.1972	5.e-002	-1.3384e-006
623	21.741	0.59862	0.	-4.8516e-005
624	7.2477	1.262	0.	-3.8598e-004
625	7.1328	1.024	5.e-002	-1.05e-005
626	7.5664	1.012	0.	-3.0886e-004
627	7.3625	1.5	5.e-002	-2.3488e-005
628	7.6813	1.5	0.	-5.3281e-004
629	1.7076	1.1808	0.	-5.4402e-004
630	1.1374	1.7855	0.	-5.5306e-004
631	1.1345	1.1884	5.e-002	-8.0835e-006
632	1.1387	0.5942	0.	-5.4664e-004
633	0.56725	1.1942	0.	-5.3026e-004
634	2.8753	1.1782	0.	-5.3121e-004
635	2.2807	1.1731	5.e-002	-5.6348e-006
636	2.2832	0.58656	0.	-5.7343e-004
637	4.1145	1.1573	0.	-4.9389e-004
638	3.4699	1.1833	5.e-002	-1.9909e-006
639	3.4492	0.59164	0.	-5.3227e-004
640	5.3027	0.92458	0.	-4.4872e-004
641	5.2349	1.444	0.	-4.5607e-004
642	4.7591	1.1313	5.e-002	-5.3966e-006
643	4.6652	0.56565	0.	-4.8098e-004
644	5.8464	0.71786	5.e-002	-1.0658e-005
645	5.7804	0.35893	0.	-4.2487e-004
646	1.1435	4.1897	0.	-5.5248e-004
647	1.7145	4.7792	0.	-5.4286e-004
648	1.1451	4.7938	5.e-002	-8.3132e-006
649	1.144	5.3969	0.	-5.4541e-004
650	0.57256	4.7969	0.	-5.3062e-004
651	1.1411	2.9841	0.	-5.6588e-004
652	1.7107	3.563	0.	-5.4777e-004
653	1.142	3.5857	5.e-002	-3.5e-006
654	0.57098	3.5928	0.	-5.5894e-004
655	1.1403	2.3826	5.e-002	-3.5695e-006
656	0.57013	2.3913	0.	-5.5871e-004
657	6.2714	5.3033	0.	-3.7132e-004
658	6.9814	5.169	0.	-3.3647e-004
659	6.8855	5.4342	5.e-002	-1.7119e-005
660	6.8713	5.7171	0.	-2.9699e-004
661	7.4428	5.4671	0.	-2.6169e-004
662	5.0824	5.0363	0.	-4.593e-004
663	5.7575	4.8321	0.	-4.3306e-004
664	5.6572	5.1723	5.e-002	-6.3085e-006
665	5.6858	5.5862	0.	-4.2707e-004
666	3.9632	4.8414	0.	-5.0271e-004
667	4.5075	4.9002	5.e-002	-1.9128e-007
668	4.5395	5.4501	0.	-4.9144e-004
669	2.8514	4.7736	0.	-5.3059e-004
670	3.4336	4.1893	0.	-5.0837e-004
671	3.4189	4.7826	5.e-002	-2.0848e-006
672	3.4237	5.3913	0.	-5.3161e-004
673	2.2816	4.1525	0.	-5.3633e-004
674	2.2839	4.7646	5.e-002	-5.4614e-006
675	2.2848	5.3823	0.	-5.7088e-004
676	6.4676	4.6978	0.	-3.8983e-004
677	7.0773	4.9038	5.e-002	-1.4561e-005
678	7.5387	4.9519	0.	-3.4147e-004
679	7.3062	3.5242	0.	-6.2566e-004
680	7.0655	3.7747	0.	-5.4772e-004
681	7.3865	3.8374	5.e-002	-1.9609e-005
682	7.6933	3.9187	0.	-1.0234e-003
683	8.953	2.0707	0.	-4.4577e-004
684	8.9105	1.7535	5.e-002	-2.1424e-005
685	8.5386	1.6267	0.	-5.2413e-004
686	8.9428	2.6884	0.	-5.5878e-004
687	9.3784	2.5481	0.	-4.4055e-004
688	8.9955	2.3879	5.e-002	-9.4231e-006
689	8.5811	2.194	0.	-9.4694e-004
690	8.7603	3.2609	0.	-6.8391e-004
691	8.6304	3.5329	5.e-002	-2.3088e-005
692	10.066	4.1729	0.	-3.3902e-004
693	9.6212	4.3751	5.e-002	-6.7035e-006
694	21.73	2.9991	0.	-5.0776e-005
695	21.728	3.6031	5.e-002	-1.3833e-006
696	21.733	2.3951	5.e-002	-1.4269e-006
697	2.8639	3.5682	0.	-5.1475e-004
698	2.2794	3.5403	5.e-002	-7.2329e-006
699	7.2122	2.9195	0.	-6.5639e-004
700	7.2258	3.2109	5.e-002	-2.4431e-005
701	8.6071	2.8797	0.	-6.845e-004
702	8.8901	2.9888	5.e-002	-2.4749e-005
703	10.51	3.9707	5.e-002	-2.6377e-006
704	5.5683	2.944	0.	-4.5007e-004
705	5.6723	3.368	5.e-002	-1.0509e-005
706	6.8372	2.62	0.	-5.8071e-004
707	7.1985	2.6281	5.e-002	-1.517e-005
708	6.5326	2.3235	0.	-5.0063e-004
709	6.1501	1.896	0.	-4.7035e-004
710	6.5894	2.0352	5.e-002	-3.3559e-005
711	5.9701	2.566	0.	-4.7724e-004
712	5.5875	2.1384	0.	-4.4721e-004
713	5.4643	2.5201	5.e-002	-2.9183e-006
714	3.4484	3.596	5.e-002	-1.4191e-006
715	6.7444	3.712	5.e-002	-3.4635e-005
716	9.7612	2.7082	5.e-002	-7.7958e-006
717	12.184	3.004	0.	-2.7425e-004
718	11.649	2.9916	5.e-002	-2.744e-006
719	13.273	3.0189	0.	-2.4527e-004
720	12.719	3.0165	5.e-002	-1.9391e-006
721	14.392	3.0193	0.	-2.1759e-004
722	13.828	3.0212	5.e-002	-1.7232e-006
723	15.506	3.025	0.	-1.9051e-004
724	14.957	3.0173	5.e-002	-1.5549e-006
725	16.592	3.088	0.	-1.6494e-004
726	16.054	3.0326	5.e-002	-1.5489e-006
727	17.702	3.3629	0.	-1.3965e-004
728	17.129	3.1435	5.e-002	-1.6792e-006
729	18.276	3.5824	5.e-002	-8.2765e-007
730	6.4759	2.6119	5.e-002	-9.1036e-006
731	8.324	2.7705	5.e-002	-9.727e-006
732	8.2453	2.3853	0.	-1.0588e-003
733	5.7108	1.7568	5.e-002	-1.5465e-005
734	5.8578	4.4918	5.e-002	-1.247e-005
735	6.4676	4.6978	0.1	-1.5888e-004
736	5.7575	4.8321	0.1	-1.5271e-004
737	5.283	4.1135	0.1	-1.605e-004
738	6.16	4.2943	0.1	-1.617e-004
739	5.5875	2.1384	0.1	-1.4999e-004
740	6.1501	1.896	0.1	-1.7615e-004
741	5.2349	1.444	0.1	-1.6034e-004
742	6.0738	1.5487	0.1	-1.555e-004
743	8.6071	2.8797	0.1	-3.0253e-004
744	8.2955	3.0795	0.1	-3.8022e-004
745	8.0679	2.731	0.1	-3.8524e-004
746	8.2453	2.3853	0.1	-3.8774e-004
747	5.9701	2.566	0.1	-1.5392e-004
748	6.5326	2.3235	0.1	-1.7996e-004
749	6.8372	2.62	0.1	-1.9756e-004
750	6.5052	2.8999	0.1	-1.7287e-004
751	17.702	3.3629	0.1	-4.6307e-005
752	18.311	4.2128	0.1	-4.2318e-005
753	17.714	3.783	0.1	-4.6246e-005
754	18.862	3.5887	0.1	-3.8789e-005
755	18.316	2.9504	0.1	-4.2311e-005
756	16.592	3.088	0.1	-5.4507e-005
757	17.141	3.5636	0.1	-5.0263e-005
758	17.183	2.6557	0.1	-5.0268e-005
759	15.506	3.025	0.1	-6.3557e-005
760	16.051	3.5205	0.1	-5.8659e-005
761	16.07	2.5552	0.1	-5.8555e-005
762	14.392	3.0193	0.1	-7.3504e-005
763	14.948	3.5114	0.1	-6.8468e-005
764	14.955	2.5336	0.1	-6.8335e-005
765	13.273	3.0189	0.1	-8.4265e-005
766	13.823	3.5027	0.1	-7.8541e-005
767	13.827	2.5591	0.1	-7.8596e-005
768	12.184	3.004	0.1	-9.651e-005
769	12.707	3.5	0.1	-8.9851e-005
770	12.717	2.5292	0.1	-8.9683e-005
771	11.617	3.4842	0.1	-1.0202e-004
772	11.647	2.4949	0.1	-1.0206e-004
773	11.153	2.9509	0.1	-1.1148e-004
774	9.3784	2.5481	0.1	-1.4407e-004
775	10.209	2.8092	0.1	-1.3148e-004
776	9.6442	3.0849	0.1	-1.4543e-004
777	9.7652	2.273	0.1	-1.326e-004
778	7.0655	3.7747	0.1	-1.8402e-004
779	6.6395	3.4499	0.1	-1.8639e-004
780	6.6032	3.9044	0.1	-1.801e-004
781	2.8639	3.5682	0.1	-2.1014e-004
782	3.4336	4.1893	0.1	-1.9944e-004
783	3.4539	2.9778	0.1	-2.073e-004
784	4.0782	3.6656	0.1	-1.9078e-004
785	5.5683	2.944	0.1	-1.5535e-004
786	4.981	2.4735	0.1	-1.6493e-004
787	6.6655	1.8323	0.1	-1.7348e-004
788	6.9398	2.0554	0.1	-1.986e-004
789	7.2122	2.9195	0.1	-2.2678e-004
790	7.2443	2.3519	0.1	-2.0931e-004
791	7.5052	2.6598	0.1	-2.9586e-004
792	5.1902	3.5516	0.1	-1.704e-004
793	6.1034	3.2779	0.1	-1.7396e-004
794	6.0672	3.7324	0.1	-1.6971e-004
795	10.066	4.1729	0.1	-1.2098e-004
796	10.525	4.5053	0.1	-1.1388e-004
797	11.048	3.9738	0.1	-1.1103e-004
798	10.583	3.4405	0.1	-1.2043e-004
799	10.019	3.7162	0.1	-1.3448e-004
800	8.7603	3.2609	0.1	-2.4098e-004
801	8.9428	2.6884	0.1	-1.8962e-004
802	9.2087	3.2252	0.1	-1.7972e-004
803	7.3062	3.5242	0.1	-2.2278e-004
804	7.5082	3.2573	0.1	-3.0518e-004
805	6.8802	3.1994	0.1	-2.1014e-004
806	2.2816	4.1525	0.1	-2.0713e-004
807	1.7107	3.563	0.1	-2.8125e-004
808	2.2841	2.9482	0.1	-2.13e-004
809	21.73	2.9991	0.1	-2.3482e-005
810	21.739	1.7962	0.1	-2.2246e-005
811	22.299	2.4033	0.1	-2.1758e-005
812	21.168	2.3882	0.1	-2.6189e-005
813	22.296	3.6052	0.1	-2.1748e-005
814	21.73	4.2084	0.1	-2.223e-005
815	21.157	3.6031	0.1	-2.6251e-005
816	9.2574	4.3759	0.1	-1.4643e-004
817	9.5221	4.7778	0.1	-1.0892e-004
818	9.5742	3.9183	0.1	-1.3457e-004
819	8.7271	3.7269	0.1	-2.2757e-004
820	8.4488	3.4607	0.1	-2.8301e-004
821	8.953	2.0707	0.1	-1.7294e-004
822	8.5811	2.194	0.1	-2.9211e-004
823	9.3398	1.7956	0.1	-1.3595e-004
824	8.8598	1.5082	0.1	-1.8248e-004
825	8.5386	1.6267	0.1	-2.1872e-004
826	7.2715	4.1033	0.1	-2.0782e-004
827	7.6933	3.9187	0.1	-3.6493e-004
828	6.9814	5.169	0.1	-1.5624e-004
829	7.1169	4.6365	0.1	-1.8679e-004
830	7.5387	4.9519	0.1	-1.4739e-004
831	2.8514	4.7736	0.1	-1.9644e-004
832	1.7145	4.7792	0.1	-2.5473e-004
833	2.2848	5.3823	0.1	-2.0219e-004
834	3.9632	4.8414	0.1	-1.7971e-004
835	3.4237	5.3913	0.1	-1.8919e-004
836	5.0824	5.0363	0.1	-1.5511e-004
837	4.6078	4.3177	0.1	-1.7104e-004
838	4.5395	5.4501	0.1	-1.6625e-004
839	6.2714	5.3033	0.1	-1.4042e-004
840	5.6858	5.5862	0.1	-1.5114e-004
841	7.4428	5.4671	0.1	-8.1005e-005
842	6.8713	5.7171	0.1	-1.2007e-004
843	1.1411	2.9841	0.1	-3.4888e-004
844	1.1374	1.7855	0.1	-3.2907e-004
845	1.7145	2.3693	0.1	-2.8064e-004
846	0.57013	2.3913	0.1	-1.7439e-004
847	1.1435	4.1897	0.1	-3.2882e-004
848	0.57098	3.5928	0.1	-1.7452e-004
849	0.57256	4.7969	0.1	-1.5454e-004
850	1.144	5.3969	0.1	-2.8265e-004
851	5.3027	0.92458	0.1	-1.5482e-004
852	6.1416	1.0292	0.1	-1.6501e-004
853	6.3912	0.62919	0.1	-1.3574e-004
854	5.7804	0.35893	0.1	-1.486e-004
855	4.1145	1.1573	0.1	-1.8063e-004
856	4.6284	1.7791	0.1	-1.7575e-004
857	4.6652	0.56565	0.1	-1.6254e-004
858	2.8753	1.1782	0.1	-1.974e-004
859	3.4647	1.7714	0.1	-2.0136e-004
860	3.4492	0.59164	0.1	-1.9151e-004
861	1.7076	1.1808	0.1	-2.5472e-004
862	2.2848	1.7646	0.1	-2.0628e-004
863	2.2832	0.58656	0.1	-2.0234e-004
864	0.56725	1.1942	0.1	-1.5491e-004
865	1.1387	0.5942	0.1	-2.8406e-004
866	7.2477	1.262	0.1	-2.003e-004
867	7.052	1.5647	0.1	-1.9684e-004
868	7.3263	1.7878	0.1	-2.2292e-004
869	7.6813	1.5	0.1	-3.4161e-004
870	6.7848	1.1823	0.1	-1.5931e-004
871	7.0344	0.78226	0.1	-1.4043e-004
872	7.5664	1.012	0.1	-1.2449e-004
873	21.176	1.1744	0.1	-2.4338e-005
874	22.317	1.1986	0.1	-1.8588e-005
875	21.741	0.59862	0.1	-2.0627e-005
876	20.045	1.1497	0.1	-3.1154e-005
877	20.606	1.7664	0.1	-2.8055e-005
878	20.608	0.57577	0.1	-2.7562e-005
879	18.921	1.1469	0.1	-3.8642e-005
880	19.473	1.7607	0.1	-3.4993e-005
881	19.478	0.57395	0.1	-3.5091e-005
882	17.8	1.1194	0.1	-4.6533e-005
883	18.359	1.7322	0.1	-4.2348e-005
884	18.353	0.57298	0.1	-4.2869e-005
885	16.669	1.0705	0.1	-5.4732e-005
886	17.238	1.6303	0.1	-5.0368e-005
887	17.227	0.54641	0.1	-5.0965e-005
888	15.527	1.0411	0.1	-6.3192e-005
889	16.092	1.5629	0.1	-5.8487e-005
890	16.091	0.52408	0.1	-5.9438e-005
891	14.395	1.0343	0.1	-7.2906e-005
892	14.955	1.542	0.1	-6.8082e-005
893	14.954	0.51705	0.1	-6.8155e-005
894	13.282	1.0264	0.1	-8.2896e-005
895	13.83	1.5658	0.1	-7.8252e-005
896	13.827	0.51725	0.1	-7.7938e-005
897	12.184	1.0011	0.1	-9.2704e-005
898	12.723	1.5301	0.1	-8.8657e-005
899	12.71	0.50916	0.1	-8.8213e-005
900	11.096	0.96023	0.1	-1.0324e-004
901	11.642	1.4911	0.1	-9.929e-005
902	11.599	0.49198	0.1	-9.6961e-005
903	9.9962	0.9121	0.1	-1.0179e-004
904	10.614	1.4154	0.1	-1.1191e-004
905	10.491	0.46824	0.1	-1.0392e-004
906	9.6041	1.3627	0.1	-1.1039e-004
907	9.1241	1.0753	0.1	-1.5305e-004
908	8.8029	0.69386	0.1	-8.4895e-005
909	9.3683	0.44386	0.1	-1.0629e-004
910	22.865	3.0094	0.1	-1.9915e-005
911	22.867	4.2083	0.1	-1.7919e-005
912	23.433	3.6037	0.1	-1.9031e-005
913	22.877	1.8058	0.1	-1.7922e-005
914	23.432	2.4058	0.1	-1.9016e-005
915	23.445	1.2	0.1	-1.466e-005
916	22.879	0.6	0.1	-1.4821e-005
917	8.8452	4.5844	0.1	-2.0168e-004
918	8.8587	4.1488	0.1	-1.8128e-004
919	8.5301	4.4384	0.1	-2.3322e-004
920	9.9818	5.1103	0.1	-1.0095e-004
921	9.1098	4.9863	0.1	-1.578e-004
922	8.7948	5.3403	0.1	-8.2457e-005
923	9.3603	5.5903	0.1	-1.0499e-004
924	11.07	5.0162	0.1	-1.02e-004
925	10.485	5.5199	0.1	-1.0264e-004
926	12.148	4.9826	0.1	-9.257e-005
927	11.592	4.4847	0.1	-9.9095e-005
928	11.579	5.4963	0.1	-9.7375e-005
929	13.26	4.9791	0.1	-8.2997e-005
930	12.696	4.4781	0.1	-8.8859e-005
931	12.693	5.4863	0.1	-8.7922e-005
932	14.384	4.9842	0.1	-7.3002e-005
933	13.821	4.4849	0.1	-7.8262e-005
934	13.822	5.4928	0.1	-7.7916e-005
935	15.509	4.9883	0.1	-6.3308e-005
936	14.942	4.4941	0.1	-6.8247e-005
937	14.948	5.4914	0.1	-6.8237e-005
938	16.651	4.9647	0.1	-5.497e-005
939	16.061	4.5011	0.1	-5.8617e-005
940	16.078	5.4969	0.1	-5.9795e-005
941	17.788	4.8894	0.1	-4.6643e-005
942	17.191	4.4596	0.1	-5.0417e-005
943	17.222	5.4678	0.1	-5.1094e-005
944	18.903	4.8184	0.1	-3.8783e-005
945	18.346	5.4216	0.1	-4.2789e-005
946	20.026	4.7986	0.1	-3.1391e-005
947	19.454	4.1943	0.1	-3.5049e-005
948	19.468	5.3968	0.1	-3.5301e-005
949	21.162	4.8087	0.1	-2.4401e-005
950	20.59	4.2033	0.1	-2.82e-005
951	20.6	5.4018	0.1	-2.7867e-005
952	22.3	4.8115	0.1	-1.8576e-005
953	21.735	5.4069	0.1	-2.0737e-005
954	22.868	5.4046	0.1	-1.4857e-005
955	23.434	4.8046	0.1	-1.4642e-005
956	8.0288	3.346	0.1	-3.6763e-004
957	7.8012	2.9975	0.1	-3.7055e-004
958	7.8953	3.6518	0.1	-4.4046e-004
959	12.14	3.9802	0.1	-9.5376e-005
960	13.257	3.9839	0.1	-8.4127e-005
961	14.379	3.9948	0.1	-7.3507e-005
962	15.494	4.0069	0.1	-6.357e-005
963	16.601	3.996	0.1	-5.4401e-005
964	20.018	3.599	0.1	-3.2085e-005
965	19.457	2.9843	0.1	-3.5222e-005
966	20.595	2.9921	0.1	-2.879e-005
967	20.035	2.3774	0.1	-3.2122e-005
968	18.912	2.346	0.1	-3.893e-005
969	17.797	2.2432	0.1	-4.639e-005
970	16.661	2.1228	0.1	-5.4213e-005
971	15.519	2.0638	0.1	-6.3335e-005
972	14.39	2.0734	0.1	-7.3427e-005
973	13.271	2.0695	0.1	-8.4017e-005
974	12.181	2.0201	0.1	-9.5247e-005
975	11.161	1.9463	0.1	-1.0802e-004
976	3.9786	2.3933	0.1	-1.9652e-004
977	4.6029	3.0811	0.1	-1.7997e-004
978	2.8741	2.3578	0.1	-2.1023e-004
979	10.666	2.4023	0.1	-1.1744e-004
980	6.5891	1.485	0.1	-1.6413e-004
981	9.1755	3.6912	0.1	-1.6415e-004
982	10.222	1.866	0.1	-1.1834e-004
983	6.8093	4.233	0.1	-1.8193e-004
984	8.4817	4.896	0.1	-1.4124e-004
985	7.5782	4.4346	0.1	-2.5934e-004
986	8.4879	1.1315	0.1	-1.3628e-004
987	7.468	0.52026	0.1	-7.3392e-005
988	6.8965	0.27026	0.1	-1.1161e-004
989	8.4953	3.9604	0.1	-3.3162e-004
990	7.6451	2.0378	0.1	-3.5664e-004
991	8.2169	3.6942	0.1	-4.1707e-004
992	7.9059	2.3457	0.1	-4.4025e-004
993	8.1667	5.25	0.1	-1.0752e-004
994	8.1667	5.75	0.1	-6.0079e-005
995	8.1667	5.5	5.e-002	-3.117e-005
996	8.1667	4.75	0.1	-2.0099e-004
997	8.1667	5.	5.e-002	-4.9041e-005
998	8.1667	4.25	0.1	-3.6133e-004
999	8.1667	4.5	5.e-002	-6.095e-005
1000	8.0833	4.	0.1	-4.0262e-004
1001	8.1667	4.	5.e-002	-4.6328e-005
1002	8.	4.25	0.1	-4.1589e-004
1003	8.	4.	5.e-002	-3.2063e-005
1004	8.	4.75	0.1	-2.6863e-004
1005	8.	4.5	5.e-002	-6.9675e-005
1006	8.	5.25	0.1	-9.2893e-005
1007	8.	5.	5.e-002	-4.0324e-005
1008	8.	5.75	0.1	-6.0687e-005
1009	8.	5.5	5.e-002	-2.4306e-005
1010	8.1667	0.75	0.1	-1.0669e-004
1011	8.1667	0.25	0.1	-6.225e-005
1012	8.1667	0.5	5.e-002	-3.2248e-005
1013	8.1667	1.25	0.1	-1.9591e-004
1014	8.1667	1.	5.e-002	-4.6726e-005
1015	8.1667	1.75	0.1	-3.2657e-004
1016	8.1667	1.5	5.e-002	-6.7021e-005
1017	8.0833	2.	0.1	-3.8444e-004
1018	8.1667	2.	5.e-002	-3.2901e-005
1019	8.	1.75	0.1	-4.476e-004
1020	8.	2.	5.e-002	-1.611e-005
1021	8.	1.25	0.1	-3.2382e-004
1022	8.	1.5	5.e-002	-1.0033e-004
1023	8.	0.75	0.1	-8.7292e-005
1024	8.	1.	5.e-002	-4.2009e-005
1025	8.	0.25	0.1	-5.1881e-005
1026	8.	0.5	5.e-002	-1.9194e-005
1027	8.7321	6.	0.1	-5.7107e-005
1028	8.1667	6.	5.e-002	-1.6997e-005
1029	9.8631	6.	0.1	-1.0002e-004
1030	9.2976	6.	5.e-002	-3.0325e-006
1031	10.994	6.	0.1	-9.8034e-005
1032	10.429	6.	5.e-002	-8.2745e-007
1033	12.125	6.	0.1	-9.2759e-005
1034	11.56	6.	5.e-002	-2.773e-006
1035	13.256	6.	0.1	-8.2847e-005
1036	12.69	6.	5.e-002	-3.1368e-006
1037	14.387	6.	0.1	-7.3405e-005
1038	13.821	6.	5.e-002	-3.5604e-006
1039	15.518	6.	0.1	-6.48e-005
1040	14.952	6.	5.e-002	-3.7723e-006
1041	16.649	6.	0.1	-5.6065e-005
1042	16.083	6.	5.e-002	-3.9217e-006
1043	17.78	6.	0.1	-4.7481e-005
1044	17.214	6.	5.e-002	-3.7149e-006
1045	18.911	6.	0.1	-3.9541e-005
1046	18.345	6.	5.e-002	-3.163e-006
1047	20.042	6.	0.1	-3.2031e-005
1048	19.476	6.	5.e-002	-3.0684e-006
1049	21.173	6.	0.1	-2.4538e-005
1050	20.607	6.	5.e-002	-2.8895e-006
1051	22.304	6.	0.1	-1.741e-005
1052	21.738	6.	5.e-002	-2.5655e-006
1053	23.435	6.	0.1	-1.1571e-005
1054	22.869	6.	5.e-002	-2.1936e-006
1055	24.	5.4	0.1	-1.1123e-005
1056	24.	6.	5.e-002	-1.4429e-006
1057	24.	4.2	0.1	-1.5705e-005
1058	24.	4.8	5.e-002	-1.5862e-006
1059	24.	3.	0.1	-1.809e-005
1060	24.	3.6	5.e-002	-1.5496e-006
1061	24.	1.8	0.1	-1.5708e-005
1062	24.	2.4	5.e-002	-1.5398e-006
1063	24.	0.6	0.1	-1.1163e-005
1064	24.	1.2	5.e-002	-1.5953e-006
1065	1.5735e-014	1.8	0.1	-4.1126e-008
1066	5.2451e-015	0.6	0.1	-7.1328e-006
1067	1.0632e-014	1.2	5.e-002	-1.9546e-005
1068	2.6226e-014	3.	0.1	-2.1111e-007
1069	2.1264e-014	2.4	5.e-002	-1.0515e-005
1070	3.6716e-014	4.2	0.1	-3.9864e-008
1071	3.1897e-014	3.6	5.e-002	-1.1204e-005
1072	4.7206e-014	5.4	0.1	-7.1885e-006
1073	4.2529e-014	4.8	5.e-002	-1.9e-005
1074	23.435	0.	0.1	-1.1592e-005
1075	24.	0.	5.e-002	-1.5086e-006
1076	22.304	0.	0.1	-1.7235e-005
1077	22.869	0.	5.e-002	-2.112e-006
1078	21.173	0.	0.1	-2.4181e-005
1079	21.738	0.	5.e-002	-2.4716e-006
1080	20.042	0.	0.1	-3.1757e-005
1081	20.607	0.	5.e-002	-3.0857e-006
1082	18.911	0.	0.1	-3.951e-005
1083	19.476	0.	5.e-002	-3.2357e-006
1084	17.78	0.	0.1	-4.7453e-005
1085	18.345	0.	5.e-002	-3.2358e-006
1086	16.649	0.	0.1	-5.5794e-005
1087	17.214	0.	5.e-002	-3.5459e-006
1088	15.518	0.	0.1	-6.4515e-005
1089	16.083	0.	5.e-002	-3.7332e-006
1090	14.387	0.	0.1	-7.3298e-005
1091	14.952	0.	5.e-002	-3.7497e-006
1092	13.256	0.	0.1	-8.3281e-005
1093	13.821	0.	5.e-002	-3.5495e-006
1094	12.125	0.	0.1	-9.2569e-005
1095	12.69	0.	5.e-002	-3.2823e-006
1096	10.994	0.	0.1	-9.7485e-005
1097	11.56	0.	5.e-002	-2.522e-006
1098	9.8631	0.	0.1	-1.0072e-004
1099	10.429	0.	5.e-002	-1.0296e-006
1100	8.7321	0.	0.1	-5.9523e-005
1101	9.2976	0.	5.e-002	-2.015e-006
1102	8.1667	0.	5.e-002	-1.9302e-005
1103	7.4286	1.1265e-030	0.1	-7.0285e-005
1104	8.	1.2132e-030	5.e-002	-1.3577e-005
1105	6.2857	9.5322e-031	0.1	-1.2234e-004
1106	6.8571	0.	5.e-002	-1.0991e-005
1107	5.1429	7.799e-031	0.1	-1.5242e-004
1108	5.7143	0.	5.e-002	-3.9431e-006
1109	4.	6.0659e-031	0.1	-1.7349e-004
1110	4.5714	0.	5.e-002	-2.4174e-006
1111	2.8571	4.3328e-031	0.1	-1.9662e-004
1112	3.4286	0.	5.e-002	-1.4321e-006
1113	1.7143	2.5997e-031	0.1	-2.317e-004
1114	2.2857	0.	5.e-002	-1.1639e-005
1115	0.57143	8.6656e-032	0.1	-1.3603e-004
1116	1.1429	0.	5.e-002	-1.7001e-005
1117	0.	0.	5.e-002	-1.1986e-004
1118	0.57143	6.	0.1	-1.3503e-004
1119	5.2451e-014	6.	5.e-002	-1.2052e-004
1120	1.7143	6.	0.1	-2.3013e-004
1121	1.1429	6.	5.e-002	-1.6999e-005
1122	2.8571	6.	0.1	-1.9516e-004
1123	2.2857	6.	5.e-002	-9.9414e-006
1124	4.	6.	0.1	-1.7568e-004
1125	3.4286	6.	5.e-002	-2.5631e-006
1126	5.1429	6.	0.1	-1.5771e-004
1127	4.5714	6.	5.e-002	-3.301e-006
1128	6.2857	6.	0.1	-1.2903e-004
1129	5.7143	6.	5.e-002	-5.726e-006
1130	7.4286	6.	0.1	-7.1754e-005
1131	6.8571	6.	5.e-002	-5.9703e-006
1132	8.	6.	5.e-002	-1.3757e-005
1133	6.2857	6.	0.	-3.507e-004
1134	7.4286	6.	0.	-2.2438e-004
1135	5.1429	6.	0.	-4.5918e-004
1136	4.	6.	0.	-5.2029e-004
1137	2.8571	6.	0.	-5.7067e-004
1138	1.7143	6.	0.	-5.7418e-004
1139	0.57143	6.	0.	-4.5557e-004
1140	8.	5.75	0.	-1.9627e-004
1141	4.7206e-014	5.4	0.	-4.4113e-004
1142	1.7143	2.5997e-031	0.	-5.7673e-004
1143	0.57143	8.6656e-032	0.	-4.5625e-004
1144	2.8571	4.3328e-031	0.	-5.7271e-004
1145	4.	6.0659e-031	0.	-5.1937e-004
1146	5.1429	7.799e-031	0.	-4.5716e-004
1147	6.2857	9.5322e-031	0.	-3.5332e-004
1148	7.4286	1.1265e-030	0.	-2.2114e-004
1149	8.	0.25	0.	-1.805e-004
1150	5.2451e-015	0.6	0.	-4.4034e-004
1151	9.8631	0.	0.	-2.4781e-004
1152	8.7321	0.	0.	-1.8019e-004
1153	10.994	0.	0.	-2.8643e-004
1154	12.125	0.	0.	-2.7729e-004
1155	13.256	0.	0.	-2.5112e-004
1156	14.387	0.	0.	-2.2204e-004
1157	15.518	0.	0.	-1.9332e-004
1158	16.649	0.	0.	-1.6516e-004
1159	17.78	0.	0.	-1.3791e-004
1160	18.911	0.	0.	-1.1174e-004
1161	20.042	0.	0.	-8.6145e-005
1162	21.173	0.	0.	-6.0708e-005
1163	22.304	0.	0.	-3.6119e-005
1164	23.435	0.	0.	-1.764e-005
1165	8.1667	0.25	0.	-1.9607e-004
1166	24.	0.6	0.	-1.2771e-005
1167	3.6716e-014	4.2	0.	-5.3809e-004
1168	2.6226e-014	3.	0.	-5.5167e-004
1169	1.5735e-014	1.8	0.	-5.3699e-004
1170	24.	1.8	0.	-1.5746e-005
1171	24.	3.	0.	-1.6826e-005
1172	24.	4.2	0.	-1.5792e-005
1173	24.	5.4	0.	-1.2765e-005
1174	23.435	6.	0.	-1.7502e-005
1175	22.304	6.	0.	-3.6187e-005
1176	21.173	6.	0.	-6.0805e-005
1177	20.042	6.	0.	-8.6083e-005
1178	18.911	6.	0.	-1.1168e-004
1179	17.78	6.	0.	-1.3794e-004
1180	16.649	6.	0.	-1.6524e-004
1181	15.518	6.	0.	-1.9324e-004
1182	14.387	6.	0.	-2.218e-004
1183	13.256	6.	0.	-2.5069e-004
1184	12.125	6.	0.	-2.7718e-004
1185	10.994	6.	0.	-2.8695e-004
1186	9.8631	6.	0.	-2.4614e-004
1187	8.7321	6.	0.	-1.7659e-004
1188	8.1667	5.75	0.	-1.8991e-004
1189	8.	1.25	0.	-5.1459e-004
1190	8.	1.75	0.	-9.4462e-004
1191	8.	0.75	0.	-2.763e-004
1192	8.0833	2.	0.	-1.2716e-003
1193	8.1667	0.75	0.	-2.7221e-004
1194	8.1667	1.25	0.	-4.9181e-004
1195	8.1667	1.75	0.	-1.0085e-003
1196	8.	4.75	0.	-5.0652e-004
1197	8.	4.25	0.	-1.0053e-003
1198	8.	5.25	0.	-2.9367e-004
1199	8.0833	4.	0.	-1.288e-003
1200	8.1667	5.25	0.	-2.6526e-004
1201	8.1667	4.75	0.	-4.55e-004
1202	8.1667	4.25	0.	-9.5925e-004
