Node Number	X Location (in)	Y Location (in)	Z Location (in)	Middle Principal Elastic Strain (in/in)
1	2.7107	3.2986	0.	4.4678e-005
2	3.8696	3.5369	0.	4.7799e-005
3	4.7027	1.5454	0.	2.8707e-005
4	5.1436	3.5405	0.	2.0804e-005
5	2.0573	0.83237	0.	3.1738e-005
6	2.2108	2.2716	0.	2.5557e-005
7	4.4769	0.56512	0.	1.9778e-005
8	2.103	4.8156	0.	3.1876e-005
9	4.5935	4.7483	0.	2.7036e-005
10	4.1724	5.0744	0.	1.8193e-005
11	4.8426	2.7611	0.	3.34e-005
12	2.1534	3.4992	0.	4.4214e-005
13	4.4003	5.4827	0.	2.0398e-005
14	1.0052	2.1431	0.	6.174e-006
15	0.99371	1.0408	0.	1.2448e-005
16	1.1691	3.3855	0.	2.3711e-006
17	6.3632	3.4934	0.	2.3802e-005
18	5.3772	0.78939	0.	3.0602e-005
19	6.5101	1.1121	0.	2.6379e-005
20	7.7201	1.1997	0.	2.3001e-005
21	8.9791	1.1983	0.	2.1015e-005
22	10.194	1.1941	0.	1.8337e-005
23	11.381	1.191	0.	1.5376e-005
24	12.558	1.1804	0.	1.2587e-005
25	13.708	1.178	0.	1.0085e-005
26	14.853	1.1777	0.	7.91e-006
27	15.992	1.1791	0.	5.9989e-006
28	17.135	1.1813	0.	4.3539e-006
29	18.275	1.1844	0.	2.9543e-006
30	19.417	1.1853	0.	1.8152e-006
31	20.559	1.1839	0.	9.2846e-007
32	21.706	1.1961	0.	2.8521e-007
33	22.855	1.1957	0.	-9.5186e-008
34	22.849	2.3943	0.	-2.3947e-007
35	22.848	3.6016	0.	-2.3899e-007
36	22.852	4.8072	0.	-9.5115e-008
37	21.705	4.7973	0.	2.8744e-007
38	20.557	4.7998	0.	9.2882e-007
39	19.414	4.7819	0.	1.8206e-006
40	18.271	4.7467	0.	2.9649e-006
41	17.129	4.7189	0.	4.367e-006
42	15.99	4.7038	0.	6.0177e-006
43	14.85	4.6997	0.	7.9153e-006
44	13.711	4.6983	0.	1.0089e-005
45	12.563	4.7314	0.	1.2556e-005
46	11.394	4.7628	0.	1.5313e-005
47	10.217	4.7575	0.	1.8144e-005
48	8.9926	4.7488	0.	2.0561e-005
49	7.7607	4.7438	0.	2.2865e-005
50	6.4041	4.7237	0.	2.4271e-005
51	5.4514	5.2738	0.	2.7878e-005
52	5.9525	2.2696	0.	1.9617e-005
53	7.5469	2.346	0.	2.1636e-005
54	8.8762	2.3745	0.	2.0469e-005
55	10.144	2.3705	0.	1.8102e-005
56	11.358	2.3643	0.	1.537e-005
57	12.546	2.3623	0.	1.2532e-005
58	13.705	2.3613	0.	9.9983e-006
59	14.85	2.3614	0.	7.798e-006
60	15.991	2.3638	0.	5.8815e-006
61	17.133	2.3665	0.	4.2238e-006
62	18.273	2.3699	0.	2.8252e-006
63	19.414	2.3743	0.	1.6891e-006
64	20.554	2.3897	0.	7.9974e-007
65	21.696	2.4002	0.	1.5994e-007
66	21.695	3.598	0.	1.6308e-007
67	20.548	3.5897	0.	7.9573e-007
68	19.413	3.5776	0.	1.6925e-006
69	18.267	3.5542	0.	2.8332e-006
70	17.128	3.5434	0.	4.2291e-006
71	15.989	3.535	0.	5.8813e-006
72	14.847	3.5296	0.	7.7936e-006
73	13.707	3.5288	0.	1.0004e-005
74	12.538	3.545	0.	1.2511e-005
75	11.355	3.5561	0.	1.5385e-005
76	10.15	3.5534	0.	1.7871e-005
77	8.8828	3.5495	0.	2.0018e-005
78	7.5839	3.518	0.	2.1667e-005
79	5.0025	4.2147	0.	2.2139e-005
80	2.0365	1.6488	0.	2.7602e-005
81	2.4171	2.6935	0.	1.7125e-005
82	2.7517	4.2877	0.	4.8679e-005
83	4.2225	1.0211	0.	1.6955e-005
84	4.0918	2.0402	0.	4.5825e-005
85	3.9255	3.1827	0.	3.3277e-005
86	3.2549	2.9571	0.	8.5454e-005
87	3.0732	3.8633	0.	8.5992e-005
88	3.5222	3.0503	0.	7.4494e-005
89	3.1995	3.8884	0.	8.5978e-005
90	1.0744	4.7366	0.	1.3931e-005
91	1.0744	4.7366	0.1	-1.3931e-005
92	3.1995	3.8884	0.1	-8.5978e-005
93	3.5222	3.0503	0.1	-7.4494e-005
94	3.0732	3.8633	0.1	-8.5992e-005
95	3.2549	2.9571	0.1	-8.5454e-005
96	3.9255	3.1827	0.1	-3.3277e-005
97	4.0918	2.0402	0.1	-4.5825e-005
98	4.2225	1.0211	0.1	-1.6955e-005
99	2.7517	4.2877	0.1	-4.8679e-005
100	2.4171	2.6935	0.1	-1.7125e-005
101	2.0365	1.6488	0.1	-2.7602e-005
102	5.0025	4.2147	0.1	-2.2139e-005
103	7.5839	3.518	0.1	-2.1667e-005
104	8.8828	3.5495	0.1	-2.0018e-005
105	10.15	3.5534	0.1	-1.7871e-005
106	11.355	3.5561	0.1	-1.5385e-005
107	12.538	3.545	0.1	-1.2511e-005
108	13.707	3.5288	0.1	-1.0004e-005
109	14.847	3.5296	0.1	-7.7936e-006
110	15.989	3.535	0.1	-5.8813e-006
111	17.128	3.5434	0.1	-4.2291e-006
112	18.267	3.5542	0.1	-2.8332e-006
113	19.413	3.5776	0.1	-1.6925e-006
114	20.548	3.5897	0.1	-7.9573e-007
115	21.695	3.598	0.1	-1.6308e-007
116	21.696	2.4002	0.1	-1.5994e-007
117	20.554	2.3897	0.1	-7.9974e-007
118	19.414	2.3743	0.1	-1.6891e-006
119	18.273	2.3699	0.1	-2.8252e-006
120	17.133	2.3665	0.1	-4.2238e-006
121	15.991	2.3638	0.1	-5.8815e-006
122	14.85	2.3614	0.1	-7.798e-006
123	13.705	2.3613	0.1	-9.9983e-006
124	12.546	2.3623	0.1	-1.2532e-005
125	11.358	2.3643	0.1	-1.537e-005
126	10.144	2.3705	0.1	-1.8102e-005
127	8.8762	2.3745	0.1	-2.0469e-005
128	7.5469	2.346	0.1	-2.1636e-005
129	5.9525	2.2696	0.1	-1.9617e-005
130	5.4514	5.2738	0.1	-2.7878e-005
131	6.4041	4.7237	0.1	-2.4271e-005
132	7.7607	4.7438	0.1	-2.2865e-005
133	8.9926	4.7488	0.1	-2.0561e-005
134	10.217	4.7575	0.1	-1.8144e-005
135	11.394	4.7628	0.1	-1.5313e-005
136	12.563	4.7314	0.1	-1.2556e-005
137	13.711	4.6983	0.1	-1.0089e-005
138	14.85	4.6997	0.1	-7.9153e-006
139	15.99	4.7038	0.1	-6.0177e-006
140	17.129	4.7189	0.1	-4.367e-006
141	18.271	4.7467	0.1	-2.9649e-006
142	19.414	4.7819	0.1	-1.8206e-006
143	20.557	4.7998	0.1	-9.2882e-007
144	21.705	4.7973	0.1	-2.8744e-007
145	22.852	4.8072	0.1	9.5115e-008
146	22.848	3.6016	0.1	2.3899e-007
147	22.849	2.3943	0.1	2.3947e-007
148	22.855	1.1957	0.1	9.5185e-008
149	21.706	1.1961	0.1	-2.8521e-007
150	20.559	1.1839	0.1	-9.2846e-007
151	19.417	1.1853	0.1	-1.8152e-006
152	18.275	1.1844	0.1	-2.9543e-006
153	17.135	1.1813	0.1	-4.3539e-006
154	15.992	1.1791	0.1	-5.9989e-006
155	14.853	1.1777	0.1	-7.91e-006
156	13.708	1.178	0.1	-1.0085e-005
157	12.558	1.1804	0.1	-1.2587e-005
158	11.381	1.191	0.1	-1.5376e-005
159	10.194	1.1941	0.1	-1.8337e-005
160	8.9791	1.1983	0.1	-2.1015e-005
161	7.7201	1.1997	0.1	-2.3001e-005
162	6.5101	1.1121	0.1	-2.6379e-005
163	5.3772	0.78939	0.1	-3.0602e-005
164	6.3632	3.4934	0.1	-2.3802e-005
165	1.1691	3.3855	0.1	-2.3711e-006
166	0.99371	1.0408	0.1	-1.2448e-005
167	1.0052	2.1431	0.1	-6.174e-006
168	4.4003	5.4827	0.1	-2.0398e-005
169	2.1534	3.4992	0.1	-4.4214e-005
170	4.8426	2.7611	0.1	-3.34e-005
171	4.1724	5.0744	0.1	-1.8193e-005
172	4.5935	4.7483	0.1	-2.7036e-005
173	2.103	4.8156	0.1	-3.1876e-005
174	4.4769	0.56512	0.1	-1.9778e-005
175	2.2108	2.2716	0.1	-2.5557e-005
176	2.0573	0.83237	0.1	-3.1738e-005
177	5.1436	3.5405	0.1	-2.0804e-005
178	4.7027	1.5454	0.1	-2.8707e-005
179	3.8696	3.5369	0.1	-4.7799e-005
180	2.7107	3.2986	0.1	-4.4678e-005
181	3.4467	4.	0.	5.0849e-005
182	3.4467	4.5	0.	2.3735e-005
183	3.4467	5.	0.	1.5398e-005
184	3.4467	5.5	0.	2.502e-007
185	3.28	4.	0.	3.7031e-005
186	3.28	5.5	0.	2.6744e-005
187	3.28	5.	0.	1.0865e-005
188	3.28	4.5	0.	-2.5543e-005
189	3.4467	2.	0.	8.4555e-005
190	3.4467	1.5	0.	3.2067e-005
191	3.4467	1.	0.	2.7464e-005
192	3.4467	0.5	0.	6.3271e-006
193	3.28	2.	0.	7.8282e-005
194	3.28	0.5	0.	2.2439e-005
195	3.28	1.	0.	3.6264e-005
196	3.28	1.5	0.	5.7144e-005
197	3.4467	6.	0.	2.1799e-006
198	4.5885	6.	0.	2.1583e-005
199	5.7304	6.	0.	2.716e-005
200	6.8722	6.	0.	2.6526e-005
201	8.0141	6.	0.	2.4321e-005
202	9.1559	6.	0.	2.1446e-005
203	10.298	6.	0.	1.8039e-005
204	11.44	6.	0.	1.5163e-005
205	12.581	6.	0.	1.2477e-005
206	13.723	6.	0.	1.0014e-005
207	14.865	6.	0.	7.836e-006
208	16.007	6.	0.	5.93e-006
209	17.149	6.	0.	4.2792e-006
210	18.291	6.	0.	2.8964e-006
211	19.433	6.	0.	1.7729e-006
212	20.574	6.	0.	9.005e-007
213	21.716	6.	0.	2.6955e-007
214	22.858	6.	0.	-8.2287e-008
215	24.	6.	0.	-1.0613e-007
216	24.	4.8	0.	-2.1323e-007
217	24.	3.6	0.	-3.6317e-007
218	24.	2.4	0.	-3.6231e-007
219	24.	1.2	0.	-2.124e-007
220	1.049e-014	1.2	0.	-1.1594e-006
221	2.0981e-014	2.4	0.	-7.691e-007
222	3.1471e-014	3.6	0.	-1.1094e-006
223	4.1961e-014	4.8	0.	-6.3738e-007
224	24.	0.	0.	-1.0805e-007
225	3.4467	0.	0.	9.5313e-007
226	22.858	0.	0.	-8.1077e-008
227	21.716	0.	0.	2.7213e-007
228	20.574	0.	0.	8.9587e-007
229	19.433	0.	0.	1.7744e-006
230	18.291	0.	0.	2.9131e-006
231	17.149	0.	0.	4.3071e-006
232	16.007	0.	0.	5.9518e-006
233	14.865	0.	0.	7.8643e-006
234	13.723	0.	0.	1.0026e-005
235	12.581	0.	0.	1.2447e-005
236	11.44	0.	0.	1.5137e-005
237	10.298	0.	0.	1.7991e-005
238	9.1559	0.	0.	2.1876e-005
239	8.0141	0.	0.	2.401e-005
240	6.8722	0.	0.	2.604e-005
241	5.7304	0.	0.	2.8993e-005
242	4.5885	0.	0.	2.0564e-005
243	0.	0.	0.	-6.6008e-007
244	3.28	0.	0.	9.876e-006
245	2.1867	1.1727e-030	0.	2.9928e-005
246	1.0933	5.8637e-031	0.	2.7724e-005
247	3.937e-014	6.	0.	-2.6135e-007
248	3.28	6.	0.	1.1432e-006
249	1.0933	6.	0.	2.6102e-005
250	2.1867	6.	0.	2.4191e-005
251	3.4467	5.5	0.1	-2.502e-007
252	3.4467	5.	0.1	-1.5398e-005
253	3.4467	4.5	0.1	-2.3735e-005
254	3.4467	4.	0.1	-5.0849e-005
255	3.28	4.	0.1	-3.7031e-005
256	3.28	4.5	0.1	2.5543e-005
257	3.28	5.	0.1	-1.0865e-005
258	3.28	5.5	0.1	-2.6744e-005
259	3.4467	0.5	0.1	-6.3271e-006
260	3.4467	1.	0.1	-2.7464e-005
261	3.4467	1.5	0.1	-3.2067e-005
262	3.4467	2.	0.1	-8.4555e-005
263	3.28	2.	0.1	-7.8282e-005
264	3.28	1.5	0.1	-5.7144e-005
265	3.28	1.	0.1	-3.6264e-005
266	3.28	0.5	0.1	-2.2439e-005
267	3.4467	6.	0.1	-2.1799e-006
268	4.5885	6.	0.1	-2.1583e-005
269	5.7304	6.	0.1	-2.716e-005
270	6.8722	6.	0.1	-2.6526e-005
271	8.0141	6.	0.1	-2.4321e-005
272	9.1559	6.	0.1	-2.1446e-005
273	10.298	6.	0.1	-1.8039e-005
274	11.44	6.	0.1	-1.5163e-005
275	12.581	6.	0.1	-1.2477e-005
276	13.723	6.	0.1	-1.0014e-005
277	14.865	6.	0.1	-7.836e-006
278	16.007	6.	0.1	-5.93e-006
279	17.149	6.	0.1	-4.2792e-006
280	18.291	6.	0.1	-2.8964e-006
281	19.433	6.	0.1	-1.7729e-006
282	20.574	6.	0.1	-9.005e-007
283	21.716	6.	0.1	-2.6955e-007
284	22.858	6.	0.1	8.2287e-008
285	24.	6.	0.1	1.0613e-007
286	24.	4.8	0.1	2.1323e-007
287	24.	3.6	0.1	3.6317e-007
288	24.	2.4	0.1	3.6231e-007
289	24.	1.2	0.1	2.124e-007
290	1.049e-014	1.2	0.1	1.1594e-006
291	2.0981e-014	2.4	0.1	7.691e-007
292	3.1471e-014	3.6	0.1	1.1094e-006
293	4.1961e-014	4.8	0.1	6.3738e-007
294	24.	0.	0.1	1.0805e-007
295	22.858	0.	0.1	8.1077e-008
296	21.716	0.	0.1	-2.7213e-007
297	20.574	0.	0.1	-8.9587e-007
298	19.433	0.	0.1	-1.7744e-006
299	18.291	0.	0.1	-2.9131e-006
300	17.149	0.	0.1	-4.3071e-006
301	16.007	0.	0.1	-5.9518e-006
302	14.865	0.	0.1	-7.8643e-006
303	13.723	0.	0.1	-1.0026e-005
304	12.581	0.	0.1	-1.2447e-005
305	11.44	0.	0.1	-1.5137e-005
306	10.298	0.	0.1	-1.7991e-005
307	9.1559	0.	0.1	-2.1876e-005
308	8.0141	0.	0.1	-2.401e-005
309	6.8722	0.	0.1	-2.604e-005
310	5.7304	0.	0.1	-2.8993e-005
311	4.5885	0.	0.1	-2.0564e-005
312	3.4467	0.	0.1	-9.5313e-007
313	3.28	0.	0.1	-9.876e-006
314	2.1867	1.1727e-030	0.1	-2.9928e-005
315	1.0933	5.8637e-031	0.1	-2.7724e-005
316	0.	0.	0.1	6.6008e-007
317	3.937e-014	6.	0.1	2.6135e-007
318	1.0933	6.	0.1	-2.6102e-005
319	2.1867	6.	0.1	-2.4191e-005
320	3.28	6.	0.1	-1.1432e-006
321	2.4321	3.3989	0.	5.3127e-005
322	2.7312	3.7932	0.	4.6413e-005
323	2.9828	3.1279	0.	6.5335e-005
324	2.7107	3.2986	5.e-002	3.6814e-013
325	2.9953	2.6493	0.	6.8534e-005
326	4.5066	3.5387	0.	4.5932e-005
327	3.8975	3.3598	0.	4.9715e-005
328	3.8696	3.5369	5.e-002	-2.4648e-021
329	3.6581	3.7685	0.	5.016e-005
330	5.04	1.1674	0.	3.0593e-005
331	5.3276	1.9075	0.	2.5525e-005
332	4.4626	1.2832	0.	2.636e-005
333	4.3973	1.7928	0.	3.7215e-005
334	4.7027	1.5454	5.e-002	2.0519e-013
335	4.0747	1.5227	0.	3.1643e-005
336	4.9931	3.1508	0.	2.7174e-005
337	5.7534	3.5169	0.	2.23e-005
338	5.073	3.8776	0.	2.193e-005
339	5.1436	3.5405	5.e-002	4.5738e-013
340	1.5255	0.9366	0.	2.2718e-005
341	2.0469	1.2406	0.	3.0144e-005
342	2.0573	0.83237	5.e-002	-6.5282e-022
343	2.6687	0.66619	0.	2.6347e-005
344	2.122	0.41619	0.	3.2205e-005
345	1.6899	2.8286	0.	1.3495e-005
346	2.1237	1.9602	0.	2.6606e-005
347	2.3139	2.4825	0.	2.1195e-005
348	2.2108	2.2716	5.e-002	1.1477e-012
349	2.7454	1.8858	0.	3.7496e-005
350	4.927	0.67725	0.	2.5181e-005
351	4.3497	0.79309	0.	1.8391e-005
352	4.4769	0.56512	5.e-002	-4.3279e-015
353	3.9618	0.53256	0.	1.4532e-005
354	4.5327	0.28256	0.	2.0158e-005
355	2.1282	4.1574	0.	3.8383e-005
356	2.4274	4.5517	0.	4.142e-005
357	1.5887	4.7761	0.	2.2985e-005
358	2.103	4.8156	5.e-002	-6.9785e-022
359	2.6915	5.1578	0.	2.8064e-005
360	2.1448	5.4078	0.	2.9394e-005
361	4.383	4.9113	0.	2.4531e-005
362	5.0224	5.0111	0.	2.9406e-005
363	4.798	4.4815	0.	2.6583e-005
364	4.5935	4.7483	5.e-002	7.6814e-014
365	4.0201	4.6241	0.	2.9303e-005
366	4.2863	5.2786	0.	1.9319e-005
367	4.1724	5.0744	5.e-002	-1.8022e-022
368	3.8095	5.0372	0.	1.6136e-005
369	5.3976	2.5154	0.	2.6558e-005
370	4.4672	2.4007	0.	3.8326e-005
371	4.3841	2.9719	0.	3.7092e-005
372	4.8426	2.7611	5.e-002	9.9245e-013
373	1.6613	3.4424	0.	2.3657e-005
374	2.2853	3.0963	0.	2.5596e-005
375	2.1534	3.4992	5.e-002	-4.3521e-013
376	4.9258	5.3783	0.	2.5443e-005
377	4.4003	5.4827	5.e-002	-1.1296e-021
378	3.9235	5.4914	0.	1.5072e-005
379	4.4944	5.7414	0.	2.0937e-005
380	0.99947	1.592	0.	9.0381e-006
381	1.0872	2.7643	0.	4.1502e-006
382	1.5209	1.8959	0.	1.6472e-005
383	1.0052	2.1431	5.e-002	-1.0348e-013
384	0.50262	2.2715	0.	2.5321e-006
385	0.99371	1.0408	5.e-002	3.6536e-013
386	0.49686	1.1204	0.	5.117e-006
387	1.0435	0.52041	0.	1.9647e-005
388	1.1218	4.0611	0.	7.2135e-006
389	1.1691	3.3855	5.e-002	-2.6471e-013
390	0.58457	3.4928	0.	8.2676e-007
391	6.3836	4.1086	0.	2.407e-005
392	6.1578	2.8815	0.	2.1682e-005
393	6.9736	3.5057	0.	2.273e-005
394	6.3632	3.4934	5.e-002	-1.8785e-013
395	5.9437	0.95076	0.	2.9806e-005
396	5.3772	0.78939	5.e-002	-1.7312e-013
397	5.5538	0.39469	0.	3.1147e-005
398	7.1151	1.1559	0.	2.4678e-005
399	6.2313	1.6909	0.	2.3026e-005
400	6.5101	1.1121	5.e-002	2.0838e-013
401	6.6912	0.55606	0.	2.7241e-005
402	8.3496	1.199	0.	2.1995e-005
403	7.6335	1.7729	0.	2.234e-005
404	7.7201	1.1997	5.e-002	5.6828e-014
405	7.8671	0.59984	0.	2.3883e-005
406	9.5863	1.1962	0.	1.9694e-005
407	8.9276	1.7864	0.	2.0726e-005
408	8.9791	1.1983	5.e-002	-2.2936e-013
409	9.0675	0.59917	0.	2.1519e-005
410	10.787	1.1926	0.	1.6934e-005
411	10.169	1.7823	0.	1.821e-005
412	10.194	1.1941	5.e-002	5.8054e-015
413	10.246	0.59707	0.	1.825e-005
414	11.969	1.1857	0.	1.3982e-005
415	11.369	1.7776	0.	1.5373e-005
416	11.381	1.191	5.e-002	6.2318e-016
417	11.41	0.59552	0.	1.5257e-005
418	13.133	1.1792	0.	1.1336e-005
419	12.552	1.7714	0.	1.256e-005
420	12.558	1.1804	5.e-002	1.1987e-013
421	12.57	0.59022	0.	1.2517e-005
422	14.28	1.1778	0.	8.9976e-006
423	13.707	1.7696	0.	1.0042e-005
424	13.708	1.178	5.e-002	-6.9985e-015
425	13.716	0.58898	0.	1.0056e-005
426	15.423	1.1784	0.	6.9545e-006
427	14.851	1.7696	0.	7.8544e-006
428	14.853	1.1777	5.e-002	1.1451e-013
429	14.859	0.58885	0.	7.8872e-006
430	16.564	1.1802	0.	5.1764e-006
431	15.992	1.7714	0.	5.9405e-006
432	15.992	1.1791	5.e-002	1.1692e-013
433	16.	0.58954	0.	5.9755e-006
434	17.705	1.1828	0.	3.6541e-006
435	17.134	1.7739	0.	4.2891e-006
436	17.135	1.1813	5.e-002	1.1828e-013
437	17.142	0.59063	0.	4.3306e-006
438	18.846	1.1849	0.	2.3847e-006
439	18.274	1.7772	0.	2.8901e-006
440	18.275	1.1844	5.e-002	4.9955e-014
441	18.283	0.59222	0.	2.9338e-006
442	19.988	1.1846	0.	1.3718e-006
443	19.415	1.7798	0.	1.7525e-006
444	19.417	1.1853	5.e-002	1.464e-013
445	19.425	0.59267	0.	1.795e-006
446	21.133	1.19	0.	6.068e-007
447	20.557	1.7868	0.	8.6448e-007
448	20.559	1.1839	5.e-002	1.7813e-013
449	20.567	0.59196	0.	9.1246e-007
450	22.281	1.1959	0.	9.4876e-008
451	21.701	1.7982	0.	2.2291e-007
452	21.706	1.1961	5.e-002	2.0611e-013
453	21.711	0.59805	0.	2.789e-007
454	22.852	1.795	0.	-1.6696e-007
455	22.855	1.1957	5.e-002	2.1459e-013
456	23.428	1.1978	0.	-1.5475e-007
457	22.857	0.59784	0.	-8.7843e-008
458	22.849	2.9979	0.	-2.3884e-007
459	22.272	2.3973	0.	-4.0054e-008
460	22.849	2.3943	5.e-002	1.6825e-013
461	23.425	2.3971	0.	-3.0199e-007
462	22.85	4.2044	0.	-1.6665e-007
463	22.272	3.5998	0.	-3.8254e-008
464	22.848	3.6016	5.e-002	1.6173e-013
465	23.424	3.6008	0.	-3.0216e-007
466	22.279	4.8023	0.	9.6031e-008
467	22.852	4.8072	5.e-002	2.0182e-013
468	22.855	5.4036	0.	-8.8413e-008
469	23.426	4.8036	0.	-1.5509e-007
470	21.131	4.7986	0.	6.0809e-007
471	21.7	4.1976	0.	2.2561e-007
472	21.705	4.7973	5.e-002	2.031e-013
473	21.711	5.3987	0.	2.7874e-007
474	19.985	4.7908	0.	1.3747e-006
475	20.553	4.1948	0.	8.6265e-007
476	20.557	4.7998	5.e-002	1.5364e-013
477	20.566	5.3999	0.	9.1489e-007
478	18.842	4.7643	0.	2.3927e-006
479	19.413	4.1797	0.	1.7569e-006
480	19.414	4.7819	5.e-002	1.7368e-013
481	19.423	5.3909	0.	1.7968e-006
482	17.7	4.7328	0.	3.666e-006
483	18.269	4.1504	0.	2.8994e-006
484	18.271	4.7467	5.e-002	9.2141e-014
485	18.281	5.3733	0.	2.9306e-006
486	16.559	4.7114	0.	5.1923e-006
487	17.128	4.1312	0.	4.2984e-006
488	17.129	4.7189	5.e-002	1.1162e-013
489	17.139	5.3595	0.	4.3231e-006
490	15.42	4.7018	0.	6.9665e-006
491	15.989	4.1194	0.	5.9498e-006
492	15.99	4.7038	5.e-002	-3.2104e-015
493	15.998	5.3519	0.	5.9739e-006
494	14.281	4.699	0.	9.0023e-006
495	14.849	4.1147	0.	7.8547e-006
496	14.85	4.6997	5.e-002	-1.7135e-015
497	14.858	5.3499	0.	7.8758e-006
498	13.137	4.7149	0.	1.1323e-005
499	13.709	4.1135	0.	1.0047e-005
500	13.711	4.6983	5.e-002	2.9052e-015
501	13.717	5.3492	0.	1.0052e-005
502	11.978	4.7471	0.	1.3934e-005
503	12.551	4.1382	0.	1.2534e-005
504	12.563	4.7314	5.e-002	-9.3795e-023
505	12.572	5.3657	0.	1.2517e-005
506	10.806	4.7601	0.	1.6879e-005
507	11.375	4.1594	0.	1.5349e-005
508	11.394	4.7628	5.e-002	1.4323e-015
509	11.417	5.3814	0.	1.5238e-005
510	9.6049	4.7531	0.	1.9359e-005
511	10.184	4.1554	0.	1.7994e-005
512	10.217	4.7575	5.e-002	4.7408e-015
513	10.258	5.3787	0.	1.8255e-005
514	8.3766	4.7463	0.	2.1717e-005
515	8.9377	4.1492	0.	2.0278e-005
516	8.9926	4.7488	5.e-002	-1.456e-022
517	9.0743	5.3744	0.	2.1137e-005
518	7.0824	4.7338	0.	2.3605e-005
519	7.6723	4.1309	0.	2.2246e-005
520	7.7607	4.7438	5.e-002	3.3053e-014
521	7.8874	5.3719	0.	2.3577e-005
522	5.9277	4.9988	0.	2.6402e-005
523	5.7033	4.4692	0.	2.3218e-005
524	6.4041	4.7237	5.e-002	-1.6091e-013
525	6.6381	5.3619	0.	2.7656e-005
526	5.4514	5.2738	5.e-002	-1.1315e-013
527	5.5909	5.6369	0.	2.8133e-005
528	6.7497	2.3078	0.	2.0621e-005
529	5.9525	2.2696	5.e-002	2.3439e-013
530	8.2115	2.3603	0.	2.1053e-005
531	7.5654	2.932	0.	2.1651e-005
532	7.5469	2.346	5.e-002	7.1992e-013
533	9.5102	2.3725	0.	1.9287e-005
534	8.8795	2.962	0.	2.0239e-005
535	8.8762	2.3745	5.e-002	-2.8615e-015
536	10.751	2.3674	0.	1.6875e-005
537	10.147	2.9619	0.	1.7972e-005
538	10.144	2.3705	5.e-002	2.8657e-016
539	11.952	2.3633	0.	1.3951e-005
540	11.356	2.9602	0.	1.5378e-005
541	11.358	2.3643	5.e-002	3.5798e-016
542	13.126	2.3618	0.	1.1265e-005
543	12.542	2.9537	0.	1.2522e-005
544	12.546	2.3623	5.e-002	-2.305e-022
545	14.277	2.3613	0.	8.8982e-006
546	13.706	2.945	0.	1.0001e-005
547	13.705	2.3613	5.e-002	-5.7404e-016
548	15.42	2.3626	0.	6.8398e-006
549	14.849	2.9455	0.	7.7964e-006
550	14.85	2.3614	5.e-002	-8.5439e-016
551	16.562	2.3651	0.	5.0526e-006
552	15.99	2.9494	0.	5.882e-006
553	15.991	2.3638	5.e-002	1.1482e-013
554	17.703	2.3682	0.	3.5245e-006
555	17.13	2.955	0.	4.2271e-006
556	17.133	2.3665	5.e-002	5.6777e-014
557	18.843	2.3721	0.	2.2571e-006
558	18.27	2.962	0.	2.8299e-006
559	18.273	2.3699	5.e-002	5.6984e-014
560	19.984	2.382	0.	1.2444e-006
561	19.413	2.9759	0.	1.6914e-006
562	19.414	2.3743	5.e-002	1.1731e-013
563	21.125	2.395	0.	4.7973e-007
564	20.551	2.9897	0.	7.9812e-007
565	20.554	2.3897	5.e-002	1.1549e-013
566	21.695	2.9991	0.	1.6188e-007
567	21.696	2.4002	5.e-002	1.5622e-013
568	21.122	3.5938	0.	4.793e-007
569	21.695	3.598	5.e-002	1.5792e-013
570	19.98	3.5837	0.	1.2441e-006
571	20.548	3.5897	5.e-002	1.4236e-013
572	18.84	3.5659	0.	2.2629e-006
573	19.413	3.5776	5.e-002	1.1476e-013
574	17.697	3.5488	0.	3.5312e-006
575	18.267	3.5542	5.e-002	5.9365e-014
576	16.558	3.5392	0.	5.0552e-006
577	17.128	3.5434	5.e-002	5.9564e-014
578	15.418	3.5323	0.	6.8375e-006
579	15.989	3.535	5.e-002	1.7235e-013
580	14.277	3.5292	0.	8.8986e-006
581	14.847	3.5296	5.e-002	1.141e-013
582	13.123	3.5369	0.	1.1257e-005
583	13.707	3.5288	5.e-002	6.9977e-016
584	11.947	3.5505	0.	1.3948e-005
585	12.538	3.545	5.e-002	1.1428e-013
586	10.752	3.5547	0.	1.6736e-005
587	11.355	3.5561	5.e-002	1.9078e-016
588	9.5163	3.5515	0.	1.8947e-005
589	10.15	3.5534	5.e-002	-1.3029e-022
590	8.2334	3.5338	0.	2.0848e-005
591	8.8828	3.5495	5.e-002	-2.2666e-013
592	7.5839	3.518	5.e-002	3.3917e-014
593	5.0025	4.2147	5.e-002	2.6833e-014
594	4.2246	4.1073	0.	4.5698e-005
595	2.0365	1.6488	5.e-002	-2.3688e-013
596	2.6583	1.3244	0.	2.7738e-005
597	2.4171	2.6935	5.e-002	-1.3284e-013
598	2.8485	2.3467	0.	4.7792e-005
599	2.9125	4.0755	0.	6.7731e-005
600	2.7517	4.2877	5.e-002	-9.5093e-022
601	3.0159	4.6439	0.	3.1143e-005
602	4.2225	1.0211	5.e-002	-4.6498e-022
603	3.8346	1.0105	0.	2.1783e-005
604	3.807	2.5453	0.	5.8191e-005
605	4.0918	2.0402	5.e-002	-3.4642e-013
606	3.7692	2.0201	0.	6.8773e-005
607	3.7239	3.1165	0.	5.5115e-005
608	3.9255	3.1827	5.e-002	-4.0601e-021
609	3.6028	3.5914	0.	5.2382e-005
610	3.164	3.4102	0.	8.62e-005
611	3.3885	3.0037	0.	8.0485e-005
612	3.2549	2.9571	5.e-002	-1.0478e-013
613	3.3508	2.4786	0.	8.4751e-005
614	3.1364	3.8759	0.	8.6139e-005
615	3.0732	3.8633	5.e-002	-1.3676e-021
616	3.1766	4.1817	0.	2.2186e-005
617	3.3609	3.4694	0.	8.6069e-005
618	3.5222	3.0503	5.e-002	-2.3263e-013
619	3.1995	3.8884	5.e-002	-9.5858e-021
620	3.2398	3.9442	0.	9.63e-005
621	1.0744	4.7366	5.e-002	-2.2706e-013
622	0.5372	4.7683	0.	5.8375e-006
623	1.0839	5.3683	0.	1.9688e-005
624	1.1218	4.0611	0.1	-7.2135e-006
625	1.5887	4.7761	0.1	-2.2985e-005
626	0.5372	4.7683	0.1	-5.8375e-006
627	1.0839	5.3683	0.1	-1.9688e-005
628	3.3609	3.4694	0.1	-8.6069e-005
629	3.1364	3.8759	0.1	-8.6139e-005
630	3.2398	3.9442	0.1	-9.63e-005
631	3.3885	3.0037	0.1	-8.0485e-005
632	3.7239	3.1165	0.1	-5.5115e-005
633	3.807	2.5453	0.1	-5.8191e-005
634	3.164	3.4102	0.1	-8.62e-005
635	2.9125	4.0755	0.1	-6.7731e-005
636	3.1766	4.1817	0.1	-2.2186e-005
637	2.9828	3.1279	0.1	-6.5335e-005
638	3.3508	2.4786	0.1	-8.4751e-005
639	4.3841	2.9719	0.1	-3.7092e-005
640	3.8975	3.3598	0.1	-4.9715e-005
641	3.6028	3.5914	0.1	-5.2382e-005
642	4.4672	2.4007	0.1	-3.8326e-005
643	4.3973	1.7928	0.1	-3.7215e-005
644	3.7692	2.0201	0.1	-6.8773e-005
645	4.3497	0.79309	0.1	-1.8391e-005
646	4.4626	1.2832	0.1	-2.636e-005
647	3.8346	1.0105	0.1	-2.1783e-005
648	2.4274	4.5517	0.1	-4.142e-005
649	2.7312	3.7932	0.1	-4.6413e-005
650	3.0159	4.6439	0.1	-3.1143e-005
651	2.2853	3.0963	0.1	-2.5596e-005
652	2.3139	2.4825	0.1	-2.1195e-005
653	2.8485	2.3467	0.1	-4.7792e-005
654	1.5209	1.8959	0.1	-1.6472e-005
655	2.1237	1.9602	0.1	-2.6606e-005
656	2.0469	1.2406	0.1	-3.0144e-005
657	2.6583	1.3244	0.1	-2.7738e-005
658	5.7033	4.4692	0.1	-2.3218e-005
659	4.798	4.4815	0.1	-2.6583e-005
660	5.073	3.8776	0.1	-2.193e-005
661	4.2246	4.1073	0.1	-4.5698e-005
662	8.2334	3.5338	0.1	-2.0848e-005
663	7.5654	2.932	0.1	-2.1651e-005
664	7.6723	4.1309	0.1	-2.2246e-005
665	6.9736	3.5057	0.1	-2.273e-005
666	9.5163	3.5515	0.1	-1.8947e-005
667	8.8795	2.962	0.1	-2.0239e-005
668	8.9377	4.1492	0.1	-2.0278e-005
669	10.752	3.5547	0.1	-1.6736e-005
670	10.147	2.9619	0.1	-1.7972e-005
671	10.184	4.1554	0.1	-1.7994e-005
672	11.947	3.5505	0.1	-1.3948e-005
673	11.356	2.9602	0.1	-1.5378e-005
674	11.375	4.1594	0.1	-1.5349e-005
675	13.123	3.5369	0.1	-1.1257e-005
676	12.542	2.9537	0.1	-1.2522e-005
677	12.551	4.1382	0.1	-1.2534e-005
678	14.277	3.5292	0.1	-8.8986e-006
679	13.706	2.945	0.1	-1.0001e-005
680	13.709	4.1135	0.1	-1.0047e-005
681	15.418	3.5323	0.1	-6.8375e-006
682	14.849	2.9455	0.1	-7.7964e-006
683	14.849	4.1147	0.1	-7.8547e-006
684	16.558	3.5392	0.1	-5.0552e-006
685	15.99	2.9494	0.1	-5.882e-006
686	15.989	4.1194	0.1	-5.9498e-006
687	17.697	3.5488	0.1	-3.5312e-006
688	17.13	2.955	0.1	-4.2271e-006
689	17.128	4.1312	0.1	-4.2984e-006
690	18.84	3.5659	0.1	-2.2629e-006
691	18.27	2.962	0.1	-2.8299e-006
692	18.269	4.1504	0.1	-2.8994e-006
693	19.98	3.5837	0.1	-1.2441e-006
694	19.413	2.9759	0.1	-1.6914e-006
695	19.413	4.1797	0.1	-1.7569e-006
696	21.122	3.5938	0.1	-4.793e-007
697	20.551	2.9897	0.1	-7.9812e-007
698	20.553	4.1948	0.1	-8.6266e-007
699	21.695	2.9991	0.1	-1.6188e-007
700	21.7	4.1976	0.1	-2.2561e-007
701	22.272	3.5998	0.1	3.8253e-008
702	21.125	2.395	0.1	-4.7973e-007
703	22.272	2.3973	0.1	4.0054e-008
704	21.701	1.7982	0.1	-2.2291e-007
705	19.984	2.382	0.1	-1.2444e-006
706	20.557	1.7868	0.1	-8.6448e-007
707	18.843	2.3721	0.1	-2.2571e-006
708	19.415	1.7798	0.1	-1.7525e-006
709	17.703	2.3682	0.1	-3.5245e-006
710	18.274	1.7772	0.1	-2.8901e-006
711	16.562	2.3651	0.1	-5.0527e-006
712	17.134	1.7739	0.1	-4.2891e-006
713	15.42	2.3626	0.1	-6.8398e-006
714	15.992	1.7714	0.1	-5.9405e-006
715	14.277	2.3613	0.1	-8.8982e-006
716	14.851	1.7696	0.1	-7.8544e-006
717	13.126	2.3618	0.1	-1.1265e-005
718	13.707	1.7696	0.1	-1.0042e-005
719	11.952	2.3633	0.1	-1.3951e-005
720	12.552	1.7714	0.1	-1.256e-005
721	10.751	2.3674	0.1	-1.6875e-005
722	11.369	1.7776	0.1	-1.5373e-005
723	9.5102	2.3725	0.1	-1.9287e-005
724	10.169	1.7823	0.1	-1.821e-005
725	8.2115	2.3603	0.1	-2.1053e-005
726	8.9276	1.7864	0.1	-2.0726e-005
727	6.7497	2.3078	0.1	-2.0621e-005
728	7.6335	1.7729	0.1	-2.234e-005
729	6.2313	1.6909	0.1	-2.3026e-005
730	6.1578	2.8815	0.1	-2.1682e-005
731	5.3976	2.5154	0.1	-2.6558e-005
732	5.3276	1.9075	0.1	-2.5525e-005
733	5.9277	4.9988	0.1	-2.6402e-005
734	4.9258	5.3783	0.1	-2.5443e-005
735	5.0224	5.0111	0.1	-2.9406e-005
736	5.5909	5.6369	0.1	-2.8133e-005
737	7.0824	4.7338	0.1	-2.3605e-005
738	6.3836	4.1086	0.1	-2.407e-005
739	6.6381	5.3619	0.1	-2.7656e-005
740	8.3766	4.7463	0.1	-2.1717e-005
741	7.8874	5.3719	0.1	-2.3577e-005
742	9.6049	4.7531	0.1	-1.9359e-005
743	9.0743	5.3744	0.1	-2.1137e-005
744	10.806	4.7601	0.1	-1.6879e-005
745	10.258	5.3787	0.1	-1.8255e-005
746	11.978	4.7471	0.1	-1.3934e-005
747	11.417	5.3814	0.1	-1.5238e-005
748	13.137	4.7149	0.1	-1.1323e-005
749	12.572	5.3657	0.1	-1.2517e-005
750	14.281	4.699	0.1	-9.0023e-006
751	13.717	5.3492	0.1	-1.0052e-005
752	15.42	4.7018	0.1	-6.9665e-006
753	14.858	5.3499	0.1	-7.8758e-006
754	16.559	4.7114	0.1	-5.1923e-006
755	15.998	5.3519	0.1	-5.9739e-006
756	17.7	4.7328	0.1	-3.666e-006
757	17.139	5.3595	0.1	-4.3231e-006
758	18.842	4.7643	0.1	-2.3927e-006
759	18.281	5.3733	0.1	-2.9306e-006
760	19.985	4.7908	0.1	-1.3747e-006
761	19.423	5.3909	0.1	-1.7968e-006
762	21.131	4.7986	0.1	-6.0809e-007
763	20.566	5.3999	0.1	-9.1489e-007
764	22.279	4.8023	0.1	-9.6031e-008
765	21.711	5.3987	0.1	-2.7874e-007
766	22.85	4.2044	0.1	1.6665e-007
767	22.855	5.4036	0.1	8.8413e-008
768	23.426	4.8036	0.1	1.5509e-007
769	22.849	2.9979	0.1	2.3884e-007
770	23.424	3.6008	0.1	3.0216e-007
771	22.852	1.795	0.1	1.6696e-007
772	23.425	2.3971	0.1	3.0199e-007
773	22.281	1.1959	0.1	-9.4876e-008
774	23.428	1.1978	0.1	1.5475e-007
775	22.857	0.59784	0.1	8.7842e-008
776	21.133	1.19	0.1	-6.068e-007
777	21.711	0.59805	0.1	-2.789e-007
778	19.988	1.1846	0.1	-1.3718e-006
779	20.567	0.59196	0.1	-9.1246e-007
780	18.846	1.1849	0.1	-2.3847e-006
781	19.425	0.59267	0.1	-1.795e-006
782	17.705	1.1828	0.1	-3.6541e-006
783	18.283	0.59222	0.1	-2.9338e-006
784	16.564	1.1802	0.1	-5.1764e-006
785	17.142	0.59063	0.1	-4.3306e-006
786	15.423	1.1784	0.1	-6.9545e-006
787	16.	0.58954	0.1	-5.9755e-006
788	14.28	1.1778	0.1	-8.9976e-006
789	14.859	0.58885	0.1	-7.8872e-006
790	13.133	1.1792	0.1	-1.1336e-005
791	13.716	0.58898	0.1	-1.0056e-005
792	11.969	1.1857	0.1	-1.3982e-005
793	12.57	0.59022	0.1	-1.2517e-005
794	10.787	1.1926	0.1	-1.6934e-005
795	11.41	0.59552	0.1	-1.5257e-005
796	9.5863	1.1962	0.1	-1.9694e-005
797	10.246	0.59707	0.1	-1.825e-005
798	8.3496	1.199	0.1	-2.1995e-005
799	9.0675	0.59917	0.1	-2.1519e-005
800	7.1151	1.1559	0.1	-2.4678e-005
801	7.8671	0.59984	0.1	-2.3883e-005
802	5.9437	0.95076	0.1	-2.9806e-005
803	6.6912	0.55606	0.1	-2.7241e-005
804	4.927	0.67725	0.1	-2.5181e-005
805	5.04	1.1674	0.1	-3.0593e-005
806	5.5538	0.39469	0.1	-3.1147e-005
807	5.7534	3.5169	0.1	-2.23e-005
808	1.0872	2.7643	0.1	-4.1502e-006
809	1.6613	3.4424	0.1	-2.3657e-005
810	1.6899	2.8286	0.1	-1.3495e-005
811	0.58457	3.4928	0.1	-8.2676e-007
812	0.99947	1.592	0.1	-9.0381e-006
813	1.5255	0.9366	0.1	-2.2718e-005
814	0.49686	1.1204	0.1	-5.117e-006
815	1.0435	0.52041	0.1	-1.9647e-005
816	0.50262	2.2715	0.1	-2.5321e-006
817	4.2863	5.2786	0.1	-1.9319e-005
818	3.9235	5.4914	0.1	-1.5072e-005
819	4.4944	5.7414	0.1	-2.0937e-005
820	2.1282	4.1574	0.1	-3.8383e-005
821	2.4321	3.3989	0.1	-5.3127e-005
822	4.9931	3.1508	0.1	-2.7174e-005
823	4.383	4.9113	0.1	-2.4531e-005
824	3.8095	5.0372	0.1	-1.6136e-005
825	4.0201	4.6241	0.1	-2.9303e-005
826	2.6915	5.1578	0.1	-2.8064e-005
827	2.1448	5.4078	0.1	-2.9394e-005
828	3.9618	0.53256	0.1	-1.4532e-005
829	4.5327	0.28256	0.1	-2.0158e-005
830	2.7454	1.8858	0.1	-3.7496e-005
831	2.6687	0.66619	0.1	-2.6347e-005
832	2.122	0.41619	0.1	-3.2205e-005
833	4.5066	3.5387	0.1	-4.5932e-005
834	4.0747	1.5227	0.1	-3.1643e-005
835	3.6581	3.7685	0.1	-5.016e-005
836	2.9953	2.6493	0.1	-6.8534e-005
837	3.4467	4.25	0.	3.7406e-005
838	3.3633	4.	0.	4.4072e-005
839	3.4467	4.	5.e-002	-2.2309e-021
840	3.4467	4.75	0.	2.1201e-005
841	3.4467	4.5	5.e-002	-1.5349e-021
842	3.4467	5.25	0.	1.4545e-005
843	3.4467	5.	5.e-002	-5.4627e-021
844	3.4467	5.75	0.	-6.1732e-007
845	3.4467	5.5	5.e-002	-1.0667e-021
846	3.28	4.25	0.	5.2808e-006
847	3.28	4.	5.e-002	-3.2156e-020
848	3.28	5.25	0.	2.2714e-005
849	3.28	5.75	0.	5.3038e-006
850	3.28	5.5	5.e-002	-2.8685e-021
851	3.28	4.75	0.	-8.4582e-006
852	3.28	5.	5.e-002	-3.5222e-021
853	3.28	4.5	5.e-002	-1.1611e-020
854	3.4467	1.75	0.	6.153e-005
855	3.3633	2.	0.	7.8298e-005
856	3.4467	2.	5.e-002	6.7208e-012
857	3.4467	1.25	0.	3.3534e-005
858	3.4467	1.5	5.e-002	9.5931e-014
859	3.4467	0.75	0.	2.1663e-005
860	3.4467	1.	5.e-002	-5.0326e-021
861	3.4467	0.25	0.	2.156e-006
862	3.4467	0.5	5.e-002	-1.5413e-021
863	3.28	1.75	0.	6.527e-005
864	3.28	2.	5.e-002	6.4151e-012
865	3.28	0.75	0.	2.9327e-005
866	3.28	0.25	0.	1.4511e-005
867	3.28	0.5	5.e-002	5.8973e-013
868	3.28	1.25	0.	4.7e-005
869	3.28	1.	5.e-002	-2.3963e-021
870	3.28	1.5	5.e-002	-4.3239e-021
871	4.0176	6.	0.	1.2407e-005
872	3.4467	6.	5.e-002	-4.2553e-013
873	5.1594	6.	0.	2.4315e-005
874	4.5885	6.	5.e-002	8.5146e-014
875	6.3013	6.	0.	2.6903e-005
876	5.7304	6.	5.e-002	-4.0347e-022
877	7.4431	6.	0.	2.589e-005
878	6.8722	6.	5.e-002	-1.902e-021
879	8.585	6.	0.	2.3026e-005
880	8.0141	6.	5.e-002	1.2294e-014
881	9.7269	6.	0.	1.9744e-005
882	9.1559	6.	5.e-002	7.9801e-015
883	10.869	6.	0.	1.6602e-005
884	10.298	6.	5.e-002	-2.0605e-022
885	12.011	6.	0.	1.382e-005
886	11.44	6.	5.e-002	-2.1494e-022
887	13.152	6.	0.	1.1246e-005
888	12.581	6.	5.e-002	-9.4365e-022
889	14.294	6.	0.	8.925e-006
890	13.723	6.	5.e-002	2.2786e-013
891	15.436	6.	0.	6.883e-006
892	14.865	6.	5.e-002	2.5069e-016
893	16.578	6.	0.	5.1046e-006
894	16.007	6.	5.e-002	2.2725e-013
895	17.72	6.	0.	3.5878e-006
896	17.149	6.	5.e-002	2.2063e-013
897	18.862	6.	0.	2.3346e-006
898	18.291	6.	5.e-002	1.7087e-013
899	20.004	6.	0.	1.3367e-006
900	19.433	6.	5.e-002	1.6568e-013
901	21.145	6.	0.	5.8494e-007
902	20.574	6.	5.e-002	2.2737e-013
903	22.287	6.	0.	9.3108e-008
904	21.716	6.	5.e-002	1.9912e-013
905	23.429	6.	0.	-1.1848e-007
906	22.858	6.	5.e-002	2.8727e-013
907	24.	5.4	0.	-1.8145e-007
908	24.	6.	5.e-002	8.3398e-013
909	24.	4.2	0.	-2.8796e-007
910	24.	4.8	5.e-002	1.9628e-013
911	24.	3.	0.	-3.6252e-007
912	24.	3.6	5.e-002	2.3402e-013
913	24.	1.8	0.	-2.871e-007
914	24.	2.4	5.e-002	1.7555e-013
915	24.	0.6	0.	-1.8177e-007
916	24.	1.2	5.e-002	1.6011e-013
917	1.5735e-014	1.8	0.	-9.5453e-007
918	5.2451e-015	0.6	0.	-9.7817e-007
919	1.0632e-014	1.2	5.e-002	-3.7034e-014
920	2.6226e-014	3.	0.	-9.2092e-007
921	2.1264e-014	2.4	5.e-002	1.3642e-014
922	3.6716e-014	4.2	0.	-8.7998e-007
923	3.1897e-014	3.6	5.e-002	-2.636e-014
924	4.7206e-014	5.4	0.	-3.2569e-007
925	4.2529e-014	4.8	5.e-002	7.3415e-014
926	23.429	0.	0.	-1.1853e-007
927	24.	0.	5.e-002	8.3537e-013
928	4.0176	0.	0.	1.3148e-005
929	3.4467	0.	5.e-002	-7.7224e-022
930	22.287	0.	0.	9.4985e-008
931	22.858	0.	5.e-002	2.9479e-013
932	21.145	0.	0.	5.8392e-007
933	21.716	0.	5.e-002	1.9312e-013
934	20.004	0.	0.	1.3351e-006
935	20.574	0.	5.e-002	1.9914e-013
936	18.862	0.	0.	2.3437e-006
937	19.433	0.	5.e-002	1.7073e-013
938	17.72	0.	0.	3.6101e-006
939	18.291	0.	5.e-002	1.0857e-013
940	16.578	0.	0.	5.1294e-006
941	17.149	0.	5.e-002	1.0638e-013
942	15.436	0.	0.	6.908e-006
943	16.007	0.	5.e-002	-6.3009e-015
944	14.294	0.	0.	8.9453e-006
945	14.865	0.	5.e-002	2.2726e-013
946	13.152	0.	0.	1.1237e-005
947	13.723	0.	5.e-002	-1.8504e-022
948	12.011	0.	0.	1.3792e-005
949	12.581	0.	5.e-002	-2.0039e-022
950	10.869	0.	0.	1.6565e-005
951	11.44	0.	5.e-002	-2.997e-015
952	9.7269	0.	0.	1.9941e-005
953	10.298	0.	5.e-002	1.3262e-014
954	8.585	0.	0.	2.2984e-005
955	9.1559	0.	5.e-002	-2.7987e-022
956	7.4431	0.	0.	2.5054e-005
957	8.0141	0.	5.e-002	-3.041e-013
958	6.3013	0.	0.	2.8676e-005
959	6.8722	0.	5.e-002	1.0961e-013
960	5.1594	0.	0.	2.6142e-005
961	5.7304	0.	5.e-002	-8.5412e-023
962	4.5885	0.	5.e-002	-6.5789e-023
963	0.54667	2.9319e-031	0.	1.2944e-005
964	0.	0.	5.e-002	-5.748e-021
965	2.7333	1.4659e-030	0.	2.412e-005
966	3.28	1.7591e-030	5.e-002	-1.3665e-021
967	1.64	8.7956e-031	0.	3.2871e-005
968	2.1867	0.	5.e-002	-7.3537e-022
969	1.0933	0.	5.e-002	-7.2889e-022
970	0.54667	6.	0.	1.2565e-005
971	5.2451e-014	6.	5.e-002	-5.222e-021
972	2.7333	6.	0.	1.4101e-005
973	3.28	6.	5.e-002	-2.1412e-021
974	1.64	6.	0.	3.5228e-005
975	1.0933	6.	5.e-002	-1.0638e-021
976	2.1867	6.	5.e-002	-6.7647e-022
977	3.4467	5.25	0.1	-1.4545e-005
978	3.4467	5.75	0.1	6.1732e-007
979	3.4467	4.75	0.1	-2.1201e-005
980	3.4467	4.25	0.1	-3.7406e-005
981	3.3633	4.	0.1	-4.4072e-005
982	3.28	4.25	0.1	-5.2808e-006
983	3.28	4.75	0.1	8.4582e-006
984	3.28	5.25	0.1	-2.2714e-005
985	3.28	5.75	0.1	-5.3038e-006
986	3.4467	0.75	0.1	-2.1663e-005
987	3.4467	0.25	0.1	-2.156e-006
988	3.4467	1.25	0.1	-3.3534e-005
989	3.4467	1.75	0.1	-6.153e-005
990	3.3633	2.	0.1	-7.8298e-005
991	3.28	1.75	0.1	-6.527e-005
992	3.28	1.25	0.1	-4.7e-005
993	3.28	0.75	0.1	-2.9327e-005
994	3.28	0.25	0.1	-1.4511e-005
995	4.0176	6.	0.1	-1.2407e-005
996	5.1594	6.	0.1	-2.4315e-005
997	6.3013	6.	0.1	-2.6903e-005
998	7.4431	6.	0.1	-2.589e-005
999	8.585	6.	0.1	-2.3026e-005
1000	9.7269	6.	0.1	-1.9744e-005
1001	10.869	6.	0.1	-1.6602e-005
1002	12.011	6.	0.1	-1.382e-005
1003	13.152	6.	0.1	-1.1246e-005
1004	14.294	6.	0.1	-8.925e-006
1005	15.436	6.	0.1	-6.883e-006
1006	16.578	6.	0.1	-5.1046e-006
1007	17.72	6.	0.1	-3.5878e-006
1008	18.862	6.	0.1	-2.3346e-006
1009	20.004	6.	0.1	-1.3367e-006
1010	21.145	6.	0.1	-5.8494e-007
1011	22.287	6.	0.1	-9.3109e-008
1012	23.429	6.	0.1	1.1848e-007
1013	24.	5.4	0.1	1.8145e-007
1014	24.	4.2	0.1	2.8796e-007
1015	24.	3.	0.1	3.6252e-007
1016	24.	1.8	0.1	2.871e-007
1017	24.	0.6	0.1	1.8177e-007
1018	1.5735e-014	1.8	0.1	9.5453e-007
1019	5.2451e-015	0.6	0.1	9.7817e-007
1020	2.6226e-014	3.	0.1	9.2092e-007
1021	3.6716e-014	4.2	0.1	8.7998e-007
1022	4.7206e-014	5.4	0.1	3.2569e-007
1023	23.429	0.	0.1	1.1853e-007
1024	22.287	0.	0.1	-9.4986e-008
1025	21.145	0.	0.1	-5.8392e-007
1026	20.004	0.	0.1	-1.3351e-006
1027	18.862	0.	0.1	-2.3437e-006
1028	17.72	0.	0.1	-3.6101e-006
1029	16.578	0.	0.1	-5.1294e-006
1030	15.436	0.	0.1	-6.908e-006
1031	14.294	0.	0.1	-8.9453e-006
1032	13.152	0.	0.1	-1.1237e-005
1033	12.011	0.	0.1	-1.3792e-005
1034	10.869	0.	0.1	-1.6565e-005
1035	9.7269	0.	0.1	-1.9941e-005
1036	8.585	0.	0.1	-2.2984e-005
1037	7.4431	0.	0.1	-2.5054e-005
1038	6.3013	0.	0.1	-2.8676e-005
1039	5.1594	0.	0.1	-2.6142e-005
1040	4.0176	0.	0.1	-1.3148e-005
1041	2.7333	1.4659e-030	0.1	-2.412e-005
1042	1.64	8.7956e-031	0.1	-3.2871e-005
1043	0.54667	2.9319e-031	0.1	-1.2944e-005
1044	0.54667	6.	0.1	-1.2565e-005
1045	1.64	6.	0.1	-3.5228e-005
1046	2.7333	6.	0.1	-1.4101e-005
