Node Number	X Location (in)	Y Location (in)	Z Location (in)	Total Deformation (in)
1	5.2444	2.6339	0.	3.889e-002
2	5.0131	3.2385	0.	3.5482e-002
3	5.842	1.7549	0.	4.8342e-002
4	3.2147	3.5328	0.	1.4129e-002
5	6.1045	3.4308	0.	5.3161e-002
6	3.0699	0.67748	0.	1.1827e-002
7	2.6959	1.9114	0.	9.8066e-003
8	5.1207	0.60209	0.	3.5867e-002
9	3.1216	5.3311	0.	1.2054e-002
10	3.2482	4.6723	0.	1.3753e-002
11	3.4807	4.2578	0.	1.6108e-002
12	5.4269	4.7068	0.	4.1499e-002
13	4.9993	5.0553	0.	3.4458e-002
14	6.031	2.4358	0.	5.177e-002
15	2.1728	4.9889	0.	6.0558e-003
16	5.1961	5.4587	0.	3.7199e-002
17	1.2992	2.2872	0.	2.3289e-003
18	1.5471	3.5085	0.	3.3136e-003
19	1.1855	4.7378	0.	1.8535e-003
20	2.0924	0.98166	0.	5.6276e-003
21	6.0978	0.74248	0.	5.2086e-002
22	7.1346	1.1729	0.	7.1288e-002
23	8.6147	1.1906	0.	0.10122
24	9.9057	1.1971	0.	0.12982
25	11.134	1.2036	0.	0.15882
26	12.334	1.2077	0.	0.18859
27	13.521	1.2095	0.	0.21915
28	14.696	1.2132	0.	0.2503
29	15.861	1.2091	0.	0.28191
30	17.028	1.201	0.	0.31407
31	18.192	1.1971	0.	0.34658
32	19.357	1.1925	0.	0.37939
33	20.517	1.1929	0.	0.41223
34	21.678	1.1939	0.	0.44521
35	22.838	1.1963	0.	0.47823
36	22.834	2.3951	0.	0.47834
37	22.823	3.5945	0.	0.47819
38	22.834	4.8048	0.	0.47865
39	21.669	4.8051	0.	0.44551
40	20.507	4.8061	0.	0.41248
41	19.345	4.8061	0.	0.3796
42	18.182	4.7869	0.	0.34683
43	17.029	4.7984	0.	0.31464
44	15.865	4.8231	0.	0.28253
45	14.691	4.8134	0.	0.25071
46	13.515	4.8063	0.	0.21952
47	12.331	4.8091	0.	0.18902
48	11.131	4.7958	0.	0.15929
49	9.8984	4.7823	0.	0.13018
50	8.6252	4.7599	0.	0.10197
51	7.1833	4.7453	0.	7.2692e-002
52	6.2396	5.2572	0.	5.4956e-002
53	7.2259	3.511	0.	7.3825e-002
54	7.3198	2.3837	0.	7.5487e-002
55	8.5251	2.3473	0.	9.9969e-002
56	9.8174	2.3891	0.	0.12845
57	11.071	2.4017	0.	0.15791
58	12.292	2.4027	0.	0.18806
59	13.492	2.4164	0.	0.21889
60	14.675	2.422	0.	0.25017
61	15.842	2.4164	0.	0.28176
62	17.015	2.3927	0.	0.31406
63	18.189	2.3917	0.	0.34681
64	19.347	2.3937	0.	0.37938
65	20.507	2.3914	0.	0.41221
66	21.67	2.3928	0.	0.44523
67	21.655	3.592	0.	0.44498
68	20.491	3.5907	0.	0.41193
69	19.339	3.5917	0.	0.37934
70	18.182	3.5855	0.	0.34679
71	17.015	3.5982	0.	0.31425
72	15.849	3.613	0.	0.28213
73	14.675	3.6166	0.	0.25036
74	13.491	3.6178	0.	0.21902
75	12.29	3.6141	0.	0.1882
76	11.073	3.5967	0.	0.15813
77	9.8101	3.5787	0.	0.12846
78	8.5288	3.5609	0.	0.10024
79	5.7866	4.2115	0.	4.7616e-002
80	3.272	1.1632	0.	1.3894e-002
81	2.9143	2.8611	0.	1.1673e-002
82	1.1057	1.1637	0.	1.5879e-003
83	4.908	0.93407	0.	3.2947e-002
84	5.1951	1.2324	0.	3.7612e-002
85	2.503	4.1628	0.	8.435e-003
86	2.503	4.1628	0.1	8.435e-003
87	5.1951	1.2324	0.1	3.7612e-002
88	4.908	0.93407	0.1	3.2947e-002
89	1.1057	1.1637	0.1	1.5879e-003
90	2.9143	2.8611	0.1	1.1673e-002
91	3.272	1.1632	0.1	1.3894e-002
92	5.7866	4.2115	0.1	4.7616e-002
93	8.5288	3.5609	0.1	0.10024
94	9.8101	3.5787	0.1	0.12846
95	11.073	3.5967	0.1	0.15813
96	12.29	3.6141	0.1	0.1882
97	13.491	3.6178	0.1	0.21902
98	14.675	3.6166	0.1	0.25036
99	15.849	3.613	0.1	0.28213
100	17.015	3.5982	0.1	0.31425
101	18.182	3.5855	0.1	0.34679
102	19.339	3.5917	0.1	0.37934
103	20.491	3.5907	0.1	0.41193
104	21.655	3.592	0.1	0.44498
105	21.67	2.3928	0.1	0.44523
106	20.507	2.3914	0.1	0.41221
107	19.347	2.3937	0.1	0.37938
108	18.189	2.3917	0.1	0.34681
109	17.015	2.3927	0.1	0.31406
110	15.842	2.4164	0.1	0.28176
111	14.675	2.422	0.1	0.25017
112	13.492	2.4164	0.1	0.21889
113	12.292	2.4027	0.1	0.18806
114	11.071	2.4017	0.1	0.15791
115	9.8174	2.3891	0.1	0.12845
116	8.5251	2.3473	0.1	9.9969e-002
117	7.3198	2.3837	0.1	7.5487e-002
118	7.2259	3.511	0.1	7.3825e-002
119	6.2396	5.2572	0.1	5.4956e-002
120	7.1833	4.7453	0.1	7.2692e-002
121	8.6252	4.7599	0.1	0.10197
122	9.8984	4.7823	0.1	0.13018
123	11.131	4.7958	0.1	0.15929
124	12.331	4.8091	0.1	0.18902
125	13.515	4.8063	0.1	0.21952
126	14.691	4.8134	0.1	0.25071
127	15.865	4.8231	0.1	0.28253
128	17.029	4.7984	0.1	0.31464
129	18.182	4.7869	0.1	0.34683
130	19.345	4.8061	0.1	0.3796
131	20.507	4.8061	0.1	0.41248
132	21.669	4.8051	0.1	0.44551
133	22.834	4.8048	0.1	0.47865
134	22.823	3.5945	0.1	0.47819
135	22.834	2.3951	0.1	0.47834
136	22.838	1.1963	0.1	0.47823
137	21.678	1.1939	0.1	0.44521
138	20.517	1.1929	0.1	0.41223
139	19.357	1.1925	0.1	0.37939
140	18.192	1.1971	0.1	0.34658
141	17.028	1.201	0.1	0.31407
142	15.861	1.2091	0.1	0.28191
143	14.696	1.2132	0.1	0.2503
144	13.521	1.2095	0.1	0.21915
145	12.334	1.2077	0.1	0.18859
146	11.134	1.2036	0.1	0.15882
147	9.9057	1.1971	0.1	0.12982
148	8.6147	1.1906	0.1	0.10122
149	7.1346	1.1729	0.1	7.1288e-002
150	6.0978	0.74248	0.1	5.2086e-002
151	2.0924	0.98166	0.1	5.6276e-003
152	1.1855	4.7378	0.1	1.8535e-003
153	1.5471	3.5085	0.1	3.3136e-003
154	1.2992	2.2872	0.1	2.3289e-003
155	5.1961	5.4587	0.1	3.7199e-002
156	2.1728	4.9889	0.1	6.0558e-003
157	6.031	2.4358	0.1	5.177e-002
158	4.9993	5.0553	0.1	3.4458e-002
159	5.4269	4.7068	0.1	4.1499e-002
160	3.4807	4.2578	0.1	1.6108e-002
161	3.2482	4.6723	0.1	1.3753e-002
162	3.1216	5.3311	0.1	1.2054e-002
163	5.1207	0.60209	0.1	3.5867e-002
164	2.6959	1.9114	0.1	9.8066e-003
165	3.0699	0.67748	0.1	1.1827e-002
166	6.1045	3.4308	0.1	5.3161e-002
167	3.2147	3.5328	0.1	1.4129e-002
168	5.842	1.7549	0.1	4.8342e-002
169	5.0131	3.2385	0.1	3.5482e-002
170	5.2444	2.6339	0.1	3.889e-002
171	4.2867	5.5	0.1	2.2853e-002
172	4.2867	5.	0.1	2.3641e-002
173	4.2867	4.5	0.1	2.4457e-002
174	4.2867	4.	0.1	2.5051e-002
175	4.12	4.	0.1	2.3001e-002
176	4.12	4.5	0.1	2.213e-002
177	4.12	5.	0.1	2.1034e-002
178	4.12	5.5	0.1	2.0003e-002
179	4.2867	0.5	0.1	2.2919e-002
180	4.2867	1.	0.1	2.3718e-002
181	4.2867	1.5	0.1	2.4516e-002
182	4.2867	2.	0.1	2.5097e-002
183	4.12	2.	0.1	2.3082e-002
184	4.12	1.5	0.1	2.2387e-002
185	4.12	1.	0.1	2.1426e-002
186	4.12	0.5	0.1	2.0409e-002
187	4.2867	6.	0.1	2.2122e-002
188	5.4463	6.	0.1	4.0691e-002
189	6.6059	6.	0.1	6.0888e-002
190	7.7655	6.	0.1	8.3189e-002
191	8.9251	6.	0.1	0.10753
192	10.085	6.	0.1	0.13366
193	11.244	6.	0.1	0.16134
194	12.404	6.	0.1	0.19031
195	13.564	6.	0.1	0.22034
196	14.723	6.	0.1	0.25122
197	15.883	6.	0.1	0.28279
198	17.042	6.	0.1	0.31487
199	18.202	6.	0.1	0.34733
200	19.362	6.	0.1	0.38006
201	20.521	6.	0.1	0.41294
202	21.681	6.	0.1	0.44592
203	22.84	6.	0.1	0.47894
204	24.	6.	0.1	0.51197
205	24.	4.8	0.1	0.51185
206	24.	3.6	0.1	0.5117
207	24.	2.4	0.1	0.51152
208	24.	1.2	0.1	0.51131
209	1.049e-014	1.2	0.1	0.
210	2.0981e-014	2.4	0.1	0.
211	3.1471e-014	3.6	0.1	0.
212	4.1961e-014	4.8	0.1	0.
213	24.	0.	0.1	0.51108
214	22.84	0.	0.1	0.47805
215	21.681	0.	0.1	0.44503
216	20.521	0.	0.1	0.41205
217	19.362	0.	0.1	0.37916
218	18.202	0.	0.1	0.34644
219	17.042	0.	0.1	0.31398
220	15.883	0.	0.1	0.2819
221	14.723	0.	0.1	0.25033
222	13.564	0.	0.1	0.21945
223	12.404	0.	0.1	0.18942
224	11.244	0.	0.1	0.16046
225	10.085	0.	0.1	0.1328
226	8.9251	0.	0.1	0.1067
227	7.7655	0.	0.1	8.2434e-002
228	6.6059	0.	0.1	6.0295e-002
229	5.4463	0.	0.1	4.0363e-002
230	4.2867	0.	0.1	2.2143e-002
231	4.12	0.	0.1	1.9459e-002
232	3.09	1.1829e-030	0.1	1.1083e-002
233	2.06	7.8857e-031	0.1	4.6238e-003
234	1.03	3.9428e-031	0.1	9.9479e-004
235	0.	0.	0.1	0.
236	3.937e-014	6.	0.1	0.
237	1.03	6.	0.1	9.7012e-004
238	2.06	6.	0.1	4.5338e-003
239	3.09	6.	0.1	1.0858e-002
240	4.12	6.	0.1	1.9022e-002
241	3.09	6.	0.	1.0858e-002
242	2.06	6.	0.	4.5338e-003
243	1.03	6.	0.	9.7012e-004
244	4.12	6.	0.	1.9022e-002
245	3.937e-014	6.	0.	0.
246	1.03	3.9428e-031	0.	9.9479e-004
247	2.06	7.8857e-031	0.	4.6238e-003
248	3.09	1.1829e-030	0.	1.1083e-002
249	4.12	0.	0.	1.9459e-002
250	0.	0.	0.	0.
251	5.4463	0.	0.	4.0363e-002
252	6.6059	0.	0.	6.0295e-002
253	7.7655	0.	0.	8.2434e-002
254	8.9251	0.	0.	0.1067
255	10.085	0.	0.	0.1328
256	11.244	0.	0.	0.16046
257	12.404	0.	0.	0.18942
258	13.564	0.	0.	0.21945
259	14.723	0.	0.	0.25033
260	15.883	0.	0.	0.2819
261	17.042	0.	0.	0.31398
262	18.202	0.	0.	0.34644
263	19.362	0.	0.	0.37916
264	20.521	0.	0.	0.41205
265	21.681	0.	0.	0.44503
266	22.84	0.	0.	0.47805
267	4.2867	0.	0.	2.2143e-002
268	24.	0.	0.	0.51108
269	4.1961e-014	4.8	0.	0.
270	3.1471e-014	3.6	0.	0.
271	2.0981e-014	2.4	0.	0.
272	1.049e-014	1.2	0.	0.
273	24.	1.2	0.	0.51131
274	24.	2.4	0.	0.51152
275	24.	3.6	0.	0.5117
276	24.	4.8	0.	0.51185
277	24.	6.	0.	0.51197
278	22.84	6.	0.	0.47894
279	21.681	6.	0.	0.44592
280	20.521	6.	0.	0.41294
281	19.362	6.	0.	0.38006
282	18.202	6.	0.	0.34733
283	17.042	6.	0.	0.31487
284	15.883	6.	0.	0.28279
285	14.723	6.	0.	0.25122
286	13.564	6.	0.	0.22034
287	12.404	6.	0.	0.19031
288	11.244	6.	0.	0.16134
289	10.085	6.	0.	0.13366
290	8.9251	6.	0.	0.10753
291	7.7655	6.	0.	8.3189e-002
292	6.6059	6.	0.	6.0888e-002
293	5.4463	6.	0.	4.0691e-002
294	4.2867	6.	0.	2.2122e-002
295	4.12	1.5	0.	2.2387e-002
296	4.12	1.	0.	2.1426e-002
297	4.12	0.5	0.	2.0409e-002
298	4.12	2.	0.	2.3082e-002
299	4.2867	0.5	0.	2.2919e-002
300	4.2867	1.	0.	2.3718e-002
301	4.2867	1.5	0.	2.4516e-002
302	4.2867	2.	0.	2.5097e-002
303	4.12	4.5	0.	2.213e-002
304	4.12	5.	0.	2.1034e-002
305	4.12	5.5	0.	2.0003e-002
306	4.12	4.	0.	2.3001e-002
307	4.2867	5.5	0.	2.2853e-002
308	4.2867	5.	0.	2.3641e-002
309	4.2867	4.5	0.	2.4457e-002
310	4.2867	4.	0.	2.5051e-002
311	5.1288	2.9362	0.	3.7186e-002
312	5.6377	2.5349	0.	4.5151e-002
313	5.2444	2.6339	5.e-002	3.8881e-002
314	4.7656	2.3169	0.	3.1749e-002
315	5.5588	3.3347	0.	4.3952e-002
316	5.0131	3.2385	5.e-002	3.5473e-002
317	4.5666	2.6193	0.	2.9065e-002
318	4.6499	3.6193	0.	3.0178e-002
319	5.9365	2.0953	0.	5.0067e-002
320	6.4883	1.4639	0.	5.9491e-002
321	5.5185	1.4936	0.	4.2905e-002
322	5.842	1.7549	5.e-002	4.8333e-002
323	5.0643	1.8774	0.	3.5972e-002
324	3.3477	3.8953	0.	1.5135e-002
325	3.0645	3.197	0.	1.2909e-002
326	2.8588	3.8478	0.	1.1106e-002
327	3.2147	3.5328	5.e-002	1.4121e-002
328	3.6674	3.7664	0.	1.8248e-002
329	6.0677	2.9333	0.	5.2496e-002
330	6.6652	3.4709	0.	6.3241e-002
331	5.9456	3.8212	0.	5.0389e-002
332	6.1045	3.4308	5.e-002	5.3153e-002
333	2.5811	0.82957	0.	8.4799e-003
334	3.1709	0.92037	0.	1.2868e-002
335	3.0699	0.67748	5.e-002	1.1819e-002
336	3.0799	0.33874	0.	1.1498e-002
337	3.5949	0.58874	0.	1.5967e-002
338	1.9975	2.0993	0.	5.4594e-003
339	2.3941	1.4465	0.	7.6301e-003
340	2.984	1.5373	0.	1.184e-002
341	2.8051	2.3862	0.	1.0727e-002
342	2.6959	1.9114	5.e-002	9.7987e-003
343	3.4079	1.7057	0.	1.5488e-002
344	5.6092	0.67229	0.	4.3789e-002
345	5.0143	0.76808	0.	3.4405e-002
346	5.1207	0.60209	5.e-002	3.5858e-002
347	5.2835	0.30105	0.	3.8107e-002
348	4.7037	0.55105	0.	2.9349e-002
349	3.1849	5.0017	0.	1.2924e-002
350	2.6472	5.16	0.	8.8367e-003
351	3.1216	5.3311	5.e-002	1.2046e-002
352	3.1058	5.6656	0.	1.1489e-002
353	3.6208	5.4156	0.	1.5911e-002
354	3.3644	4.4651	0.	1.4924e-002
355	2.8756	4.4176	0.	1.0983e-002
356	3.2482	4.6723	5.e-002	1.3746e-002
357	3.6841	4.8362	0.	1.7347e-002
358	3.4807	4.2578	5.e-002	1.61e-002
359	3.8003	4.3789	0.	1.905e-002
360	5.2131	4.881	0.	3.7981e-002
361	5.8332	4.982	0.	4.8104e-002
362	5.6068	4.4591	0.	4.4551e-002
363	5.4269	4.7068	5.e-002	4.149e-002
364	4.8568	4.6034	0.	3.266e-002
365	5.0977	5.257	0.	3.5831e-002
366	4.9993	5.0553	5.e-002	3.4449e-002
367	4.643	5.0276	0.	2.8991e-002
368	6.6754	2.4097	0.	6.3298e-002
369	6.031	2.4358	5.e-002	5.1761e-002
370	1.6792	4.8633	0.	3.6616e-003
371	2.3379	4.5758	0.	7.2388e-003
372	2.1728	4.9889	5.e-002	6.0482e-003
373	2.1164	5.4944	0.	5.3692e-003
374	5.7179	5.3579	0.	4.5882e-002
375	5.1961	5.4587	5.e-002	3.719e-002
376	5.3212	5.7293	0.	3.8944e-002
377	4.7414	5.4793	0.	2.9959e-002
378	1.4231	2.8978	0.	2.8203e-003
379	1.2024	1.7254	0.	1.9615e-003
380	1.2992	2.2872	5.e-002	2.3198e-003
381	0.6496	2.3436	0.	5.8635e-004
382	1.3663	4.1231	0.	2.5635e-003
383	2.2307	3.1848	0.	6.876e-003
384	2.025	3.8356	0.	5.6285e-003
385	1.5471	3.5085	5.e-002	3.3046e-003
386	0.77354	3.5542	0.	8.3353e-004
387	1.1855	4.7378	5.e-002	1.845e-003
388	1.1077	5.3689	0.	1.4538e-003
389	0.59275	4.7689	0.	4.7088e-004
390	1.599	1.0727	0.	3.2993e-003
391	2.0924	0.98166	5.e-002	5.6198e-003
392	2.0762	0.49083	0.	5.2085e-003
393	6.6162	0.95768	0.	6.1457e-002
394	5.6464	0.98743	0.	4.4671e-002
395	6.0978	0.74248	5.e-002	5.2077e-002
396	6.3518	0.37124	0.	5.618e-002
397	7.8746	1.1817	0.	8.5842e-002
398	7.2272	1.7783	0.	7.3444e-002
399	7.1346	1.1729	5.e-002	7.1281e-002
400	7.45	0.58644	0.	7.6871e-002
401	9.2602	1.1938	0.	0.11525
402	8.5699	1.769	0.	0.10065
403	8.6147	1.1906	5.e-002	0.10121
404	8.7699	0.59531	0.	0.10402
405	10.52	1.2003	0.	0.14412
406	9.8616	1.7931	0.	0.12919
407	9.9057	1.1971	5.e-002	0.12981
408	9.9952	0.59853	0.	0.13137
409	11.734	1.2057	0.	0.17354
410	11.102	1.8027	0.	0.15842
411	11.134	1.2036	5.e-002	0.15881
412	11.189	0.60182	0.	0.15969
413	12.928	1.2086	0.	0.20374
414	12.313	1.8052	0.	0.18837
415	12.334	1.2077	5.e-002	0.18858
416	12.369	0.60385	0.	0.18905
417	14.108	1.2114	0.	0.23462
418	13.507	1.813	0.	0.21906
419	13.521	1.2095	5.e-002	0.21914
420	13.542	0.60474	0.	0.21934
421	15.279	1.2112	0.	0.26603
422	14.685	1.8176	0.	0.25027
423	14.696	1.2132	5.e-002	0.2503
424	14.709	0.60662	0.	0.25035
425	16.445	1.205	0.	0.29793
426	15.852	1.8127	0.	0.28186
427	15.861	1.2091	5.e-002	0.2819
428	15.872	0.60454	0.	0.28193
429	17.61	1.199	0.	0.33028
430	17.021	1.7968	0.	0.31409
431	17.028	1.201	5.e-002	0.31407
432	17.035	0.60049	0.	0.31404
433	18.775	1.1948	0.	0.36296
434	18.191	1.7944	0.	0.34671
435	18.192	1.1971	5.e-002	0.34658
436	18.197	0.59853	0.	0.34652
437	19.937	1.1927	0.	0.39579
438	19.352	1.7931	0.	0.3794
439	19.357	1.1925	5.e-002	0.37938
440	19.359	0.59623	0.	0.37928
441	21.097	1.1934	0.	0.42871
442	20.512	1.7922	0.	0.41223
443	20.517	1.1929	5.e-002	0.41222
444	20.519	0.59646	0.	0.41214
445	22.258	1.1951	0.	0.46171
446	21.674	1.7934	0.	0.44522
447	21.678	1.1939	5.e-002	0.4452
448	21.679	0.59694	0.	0.44512
449	22.836	1.7957	0.	0.47829
450	22.838	1.1963	5.e-002	0.47823
451	22.839	0.59813	0.	0.47814
452	23.419	1.1981	0.	0.49477
453	22.829	2.9948	0.	0.47827
454	22.252	2.394	0.	0.46178
455	22.834	2.3951	5.e-002	0.47834
456	23.417	2.3975	0.	0.49493
457	22.828	4.1997	0.	0.47842
458	22.239	3.5933	0.	0.46158
459	22.823	3.5945	5.e-002	0.47819
460	23.411	3.5973	0.	0.49495
461	22.252	4.805	0.	0.46207
462	22.834	4.8048	5.e-002	0.47864
463	23.417	4.8024	0.	0.49525
464	22.837	5.4024	0.	0.4788
465	21.088	4.8056	0.	0.42899
466	21.662	4.1986	0.	0.44525
467	21.669	4.8051	5.e-002	0.44551
468	21.675	5.4026	0.	0.44572
469	19.926	4.8061	0.	0.39602
470	20.499	4.1984	0.	0.41222
471	20.507	4.8061	5.e-002	0.41248
472	20.514	5.403	0.	0.41272
473	18.764	4.7965	0.	0.36319
474	19.342	4.1989	0.	0.37948
475	19.345	4.8061	5.e-002	0.3796
476	19.354	5.4031	0.	0.37984
477	17.605	4.7926	0.	0.3307
478	18.182	4.1862	0.	0.34683
479	18.182	4.7869	5.e-002	0.34683
480	18.192	5.3934	0.	0.3471
481	16.447	4.8108	0.	0.29853
482	17.022	4.1983	0.	0.31447
483	17.029	4.7984	5.e-002	0.31464
484	17.036	5.3992	0.	0.31477
485	15.278	4.8183	0.	0.26654
486	15.857	4.2181	0.	0.28236
487	15.865	4.8231	5.e-002	0.28253
488	15.874	5.4116	0.	0.28268
489	14.103	4.8099	0.	0.23501
490	14.683	4.215	0.	0.25057
491	14.691	4.8134	5.e-002	0.2507
492	14.707	5.4067	0.	0.25099
493	12.923	4.8077	0.	0.20414
494	13.503	4.2121	0.	0.21931
495	13.515	4.8063	5.e-002	0.21952
496	13.539	5.4032	0.	0.21997
497	11.731	4.8025	0.	0.17399
498	12.311	4.2116	0.	0.18866
499	12.331	4.8091	5.e-002	0.18901
500	12.367	5.4046	0.	0.18971
501	10.515	4.789	0.	0.14453
502	11.102	4.1962	0.	0.15876
503	11.131	4.7958	5.e-002	0.15928
504	11.188	5.3979	0.	0.16037
505	9.2618	4.7711	0.	0.11582
506	9.8542	4.1805	0.	0.12938
507	9.8984	4.7823	5.e-002	0.13017
508	9.9916	5.3911	0.	0.13198
509	7.9042	4.7526	0.	8.6954e-002
510	8.577	4.1604	0.	0.10117
511	8.6252	4.7599	5.e-002	0.10196
512	8.7751	5.38	0.	0.10481
513	6.7114	5.0012	0.	6.3658e-002
514	7.2046	4.1281	0.	7.333e-002
515	6.485	4.4784	0.	5.9762e-002
516	7.1833	4.7453	5.e-002	7.2685e-002
517	7.4744	5.3726	0.	7.7971e-002
518	6.2396	5.2572	5.e-002	5.4948e-002
519	6.4227	5.6286	0.	5.7932e-002
520	7.2729	2.9473	0.	7.47e-002
521	7.8773	3.536	0.	8.6727e-002
522	7.2259	3.511	5.e-002	7.3818e-002
523	7.9225	2.3655	0.	8.7461e-002
524	7.3198	2.3837	5.e-002	7.548e-002
525	9.1713	2.3682	0.	0.11395
526	8.5269	2.9541	0.	0.10017
527	8.5251	2.3473	5.e-002	9.9962e-002
528	10.444	2.3954	0.	0.14297
529	9.8137	2.9839	0.	0.12851
530	9.8174	2.3891	5.e-002	0.12844
531	11.682	2.4022	0.	0.17282
532	11.072	2.9992	0.	0.15808
533	11.071	2.4017	5.e-002	0.15791
534	12.892	2.4096	0.	0.20334
535	12.291	3.0084	0.	0.18818
536	12.292	2.4027	5.e-002	0.18806
537	14.083	2.4192	0.	0.23443
538	13.491	3.0171	0.	0.21899
539	13.492	2.4164	5.e-002	0.21888
540	15.258	2.4192	0.	0.26589
541	14.675	3.0193	0.	0.2503
542	14.675	2.422	5.e-002	0.25017
543	16.428	2.4045	0.	0.29785
544	15.845	3.0147	0.	0.28197
545	15.842	2.4164	5.e-002	0.28176
546	17.602	2.3922	0.	0.33039
547	17.015	2.9954	0.	0.31418
548	17.015	2.3927	5.e-002	0.31406
549	18.768	2.3927	0.	0.36307
550	18.186	2.9886	0.	0.34682
551	18.189	2.3917	5.e-002	0.34681
552	19.927	2.3925	0.	0.39578
553	19.343	2.9927	0.	0.37937
554	19.347	2.3937	5.e-002	0.37938
555	21.089	2.3921	0.	0.42871
556	20.499	2.9911	0.	0.41208
557	20.507	2.3914	5.e-002	0.41221
558	21.663	2.9924	0.	0.44511
559	21.67	2.3928	5.e-002	0.44522
560	21.073	3.5914	0.	0.42844
561	21.655	3.592	5.e-002	0.44497
562	19.915	3.5912	0.	0.39562
563	20.491	3.5907	5.e-002	0.41193
564	18.761	3.5886	0.	0.36304
565	19.339	3.5917	5.e-002	0.37934
566	17.599	3.5919	0.	0.33048
567	18.182	3.5855	5.e-002	0.34679
568	16.432	3.6056	0.	0.29813
569	17.015	3.5982	5.e-002	0.31425
570	15.262	3.6148	0.	0.26617
571	15.849	3.613	5.e-002	0.28213
572	14.083	3.6172	0.	0.23459
573	14.675	3.6166	5.e-002	0.25036
574	12.891	3.6159	0.	0.20348
575	13.491	3.6178	5.e-002	0.21902
576	11.682	3.6054	0.	0.173
577	12.29	3.6141	5.e-002	0.1882
578	10.442	3.5877	0.	0.14308
579	11.073	3.5967	5.e-002	0.15813
580	9.1694	3.5698	0.	0.11409
581	9.8101	3.5787	5.e-002	0.12845
582	8.5288	3.5609	5.e-002	0.10023
583	5.7866	4.2115	5.e-002	4.7607e-002
584	5.0367	4.1057	0.	3.5644e-002
585	3.272	1.1632	5.e-002	1.3886e-002
586	3.696	1.0816	0.	1.7531e-002
587	2.9143	2.8611	5.e-002	1.1665e-002
588	3.5171	2.4305	0.	1.6886e-002
589	1.1057	1.1637	5.e-002	1.5794e-003
590	1.0678	0.58184	0.	1.3396e-003
591	0.55284	1.1818	0.	4.0325e-004
592	5.0515	1.0832	0.	3.5297e-002
593	4.908	0.93407	5.e-002	3.2938e-002
594	4.5973	0.96704	0.	2.8303e-002
595	5.1951	1.2324	5.e-002	3.7603e-002
596	4.7409	1.3662	0.	3.0884e-002
597	2.503	4.1628	5.e-002	8.427e-003
598	2.025	3.8356	0.1	5.6285e-003
599	2.3379	4.5758	0.1	7.2388e-003
600	2.8756	4.4176	0.1	1.0983e-002
601	2.8588	3.8478	0.1	1.1106e-002
602	5.0515	1.0832	0.1	3.5297e-002
603	5.6464	0.98743	0.1	4.4671e-002
604	5.5185	1.4936	0.1	4.2905e-002
605	4.7409	1.3662	0.1	3.0884e-002
606	5.0143	0.76808	0.1	3.4405e-002
607	4.5973	0.96704	0.1	2.8303e-002
608	1.599	1.0727	0.1	3.2993e-003
609	1.2024	1.7254	0.1	1.9615e-003
610	0.55284	1.1818	0.1	4.0325e-004
611	1.0678	0.58184	0.1	1.3396e-003
612	2.2307	3.1848	0.1	6.876e-003
613	2.8051	2.3862	0.1	1.0727e-002
614	3.0645	3.197	0.1	1.2909e-002
615	3.5171	2.4305	0.1	1.6886e-002
616	2.984	1.5373	0.1	1.184e-002
617	3.1709	0.92037	0.1	1.2868e-002
618	3.696	1.0816	0.1	1.7531e-002
619	6.485	4.4784	0.1	5.9762e-002
620	5.6068	4.4591	0.1	4.4551e-002
621	5.9456	3.8212	0.1	5.0389e-002
622	5.0367	4.1057	0.1	3.5644e-002
623	9.1694	3.5698	0.1	0.11409
624	8.5269	2.9541	0.1	0.10017
625	7.8773	3.536	0.1	8.6727e-002
626	8.577	4.1604	0.1	0.10117
627	10.442	3.5877	0.1	0.14308
628	9.8137	2.9839	0.1	0.12851
629	9.8542	4.1805	0.1	0.12938
630	11.682	3.6054	0.1	0.173
631	11.072	2.9992	0.1	0.15808
632	11.102	4.1962	0.1	0.15876
633	12.891	3.6159	0.1	0.20348
634	12.291	3.0084	0.1	0.18818
635	12.311	4.2116	0.1	0.18866
636	14.083	3.6172	0.1	0.23459
637	13.491	3.0171	0.1	0.21899
638	13.503	4.2121	0.1	0.21931
639	15.262	3.6148	0.1	0.26617
640	14.675	3.0193	0.1	0.2503
641	14.683	4.215	0.1	0.25057
642	16.432	3.6056	0.1	0.29813
643	15.845	3.0147	0.1	0.28197
644	15.857	4.2181	0.1	0.28236
645	17.599	3.5919	0.1	0.33048
646	17.015	2.9954	0.1	0.31418
647	17.022	4.1983	0.1	0.31447
648	18.761	3.5886	0.1	0.36304
649	18.186	2.9886	0.1	0.34682
650	18.182	4.1862	0.1	0.34683
651	19.915	3.5912	0.1	0.39562
652	19.343	2.9927	0.1	0.37937
653	19.342	4.1989	0.1	0.37948
654	21.073	3.5914	0.1	0.42844
655	20.499	2.9911	0.1	0.41208
656	20.499	4.1984	0.1	0.41222
657	21.663	2.9924	0.1	0.44511
658	21.662	4.1986	0.1	0.44525
659	22.239	3.5933	0.1	0.46158
660	21.089	2.3921	0.1	0.42871
661	22.252	2.394	0.1	0.46178
662	21.674	1.7934	0.1	0.44522
663	19.927	2.3925	0.1	0.39578
664	20.512	1.7922	0.1	0.41223
665	18.768	2.3927	0.1	0.36307
666	19.352	1.7931	0.1	0.3794
667	17.602	2.3922	0.1	0.33039
668	18.191	1.7944	0.1	0.34671
669	16.428	2.4045	0.1	0.29785
670	17.021	1.7968	0.1	0.31409
671	15.258	2.4192	0.1	0.26589
672	15.852	1.8127	0.1	0.28186
673	14.083	2.4192	0.1	0.23443
674	14.685	1.8176	0.1	0.25027
675	12.892	2.4096	0.1	0.20334
676	13.507	1.813	0.1	0.21906
677	11.682	2.4022	0.1	0.17282
678	12.313	1.8052	0.1	0.18837
679	10.444	2.3954	0.1	0.14297
680	11.102	1.8027	0.1	0.15842
681	9.1713	2.3682	0.1	0.11395
682	9.8616	1.7931	0.1	0.12919
683	7.9225	2.3655	0.1	8.7461e-002
684	8.5699	1.769	0.1	0.10065
685	7.2729	2.9473	0.1	7.47e-002
686	7.2272	1.7783	0.1	7.3444e-002
687	6.6754	2.4097	0.1	6.3298e-002
688	7.2046	4.1281	0.1	7.333e-002
689	6.6652	3.4709	0.1	6.3241e-002
690	6.7114	5.0012	0.1	6.3658e-002
691	5.7179	5.3579	0.1	4.5882e-002
692	5.8332	4.982	0.1	4.8104e-002
693	6.4227	5.6286	0.1	5.7932e-002
694	7.9042	4.7526	0.1	8.6954e-002
695	7.4744	5.3726	0.1	7.7971e-002
696	9.2618	4.7711	0.1	0.11582
697	8.7751	5.38	0.1	0.10481
698	10.515	4.789	0.1	0.14453
699	9.9916	5.3911	0.1	0.13198
700	11.731	4.8025	0.1	0.17399
701	11.188	5.3979	0.1	0.16037
702	12.923	4.8077	0.1	0.20414
703	12.367	5.4046	0.1	0.18971
704	14.103	4.8099	0.1	0.23501
705	13.539	5.4032	0.1	0.21997
706	15.278	4.8183	0.1	0.26654
707	14.707	5.4067	0.1	0.25099
708	16.447	4.8108	0.1	0.29853
709	15.874	5.4116	0.1	0.28268
710	17.605	4.7926	0.1	0.3307
711	17.036	5.3992	0.1	0.31477
712	18.764	4.7965	0.1	0.36319
713	18.192	5.3934	0.1	0.3471
714	19.926	4.8061	0.1	0.39602
715	19.354	5.4031	0.1	0.37984
716	21.088	4.8056	0.1	0.42899
717	20.514	5.403	0.1	0.41272
718	22.252	4.805	0.1	0.46207
719	21.675	5.4026	0.1	0.44572
720	22.828	4.1997	0.1	0.47842
721	22.837	5.4024	0.1	0.4788
722	23.417	4.8024	0.1	0.49525
723	22.829	2.9948	0.1	0.47827
724	23.411	3.5973	0.1	0.49495
725	22.836	1.7957	0.1	0.47829
726	23.417	2.3975	0.1	0.49493
727	22.258	1.1951	0.1	0.46171
728	23.419	1.1981	0.1	0.49477
729	22.839	0.59813	0.1	0.47814
730	21.097	1.1934	0.1	0.42871
731	21.679	0.59694	0.1	0.44512
732	19.937	1.1927	0.1	0.39579
733	20.519	0.59646	0.1	0.41214
734	18.775	1.1948	0.1	0.36296
735	19.359	0.59623	0.1	0.37928
736	17.61	1.199	0.1	0.33028
737	18.197	0.59853	0.1	0.34652
738	16.445	1.205	0.1	0.29793
739	17.035	0.60049	0.1	0.31404
740	15.279	1.2112	0.1	0.26603
741	15.872	0.60454	0.1	0.28193
742	14.108	1.2114	0.1	0.23462
743	14.709	0.60662	0.1	0.25035
744	12.928	1.2086	0.1	0.20374
745	13.542	0.60474	0.1	0.21934
746	11.734	1.2057	0.1	0.17354
747	12.369	0.60385	0.1	0.18905
748	10.52	1.2003	0.1	0.14412
749	11.189	0.60182	0.1	0.15969
750	9.2602	1.1938	0.1	0.11525
751	9.9952	0.59853	0.1	0.13137
752	7.8746	1.1817	0.1	8.5842e-002
753	8.7699	0.59531	0.1	0.10402
754	6.6162	0.95768	0.1	6.1457e-002
755	6.4883	1.4639	0.1	5.9491e-002
756	7.45	0.58644	0.1	7.6871e-002
757	5.6092	0.67229	0.1	4.3789e-002
758	6.3518	0.37124	0.1	5.618e-002
759	2.3941	1.4465	0.1	7.6301e-003
760	2.5811	0.82957	0.1	8.4799e-003
761	2.0762	0.49083	0.1	5.2085e-003
762	1.3663	4.1231	0.1	2.5635e-003
763	1.6792	4.8633	0.1	3.6616e-003
764	0.59275	4.7689	0.1	4.7088e-004
765	1.1077	5.3689	0.1	1.4538e-003
766	1.4231	2.8978	0.1	2.8203e-003
767	0.77354	3.5542	0.1	8.3353e-004
768	1.9975	2.0993	0.1	5.4594e-003
769	0.6496	2.3436	0.1	5.8635e-004
770	5.0977	5.257	0.1	3.5831e-002
771	4.7414	5.4793	0.1	2.9959e-002
772	5.3212	5.7293	0.1	3.8944e-002
773	2.6472	5.16	0.1	8.8367e-003
774	2.1164	5.4944	0.1	5.3692e-003
775	6.0677	2.9333	0.1	5.2496e-002
776	5.9365	2.0953	0.1	5.0067e-002
777	5.6377	2.5349	0.1	4.5151e-002
778	5.2131	4.881	0.1	3.7981e-002
779	4.643	5.0276	0.1	2.8991e-002
780	4.8568	4.6034	0.1	3.266e-002
781	3.3644	4.4651	0.1	1.4924e-002
782	3.3477	3.8953	0.1	1.5135e-002
783	3.8003	4.3789	0.1	1.905e-002
784	3.1849	5.0017	0.1	1.2924e-002
785	3.6841	4.8362	0.1	1.7347e-002
786	3.6208	5.4156	0.1	1.5911e-002
787	3.1058	5.6656	0.1	1.1489e-002
788	4.7037	0.55105	0.1	2.9349e-002
789	5.2835	0.30105	0.1	3.8107e-002
790	3.4079	1.7057	0.1	1.5488e-002
791	3.5949	0.58874	0.1	1.5967e-002
792	3.0799	0.33874	0.1	1.1498e-002
793	5.5588	3.3347	0.1	4.3952e-002
794	3.6674	3.7664	0.1	1.8248e-002
795	5.0643	1.8774	0.1	3.5972e-002
796	5.1288	2.9362	0.1	3.7186e-002
797	4.6499	3.6193	0.1	3.0178e-002
798	4.5666	2.6193	0.1	2.9065e-002
799	4.7656	2.3169	0.1	3.1749e-002
800	4.2867	5.25	0.1	2.3237e-002
801	4.2867	5.75	0.1	2.2488e-002
802	4.2867	5.5	5.e-002	2.2839e-002
803	4.2867	4.75	0.1	2.4082e-002
804	4.2867	5.	5.e-002	2.3629e-002
805	4.2867	4.25	0.1	2.481e-002
806	4.2867	4.5	5.e-002	2.4447e-002
807	4.2033	4.	0.1	2.3988e-002
808	4.2867	4.	5.e-002	2.504e-002
809	4.12	4.25	0.1	2.2634e-002
810	4.12	3.	0.1	2.3476e-002
811	4.12	4.	5.e-002	2.2991e-002
812	4.12	4.75	0.1	2.1586e-002
813	4.12	4.5	5.e-002	2.2122e-002
814	4.12	5.25	0.1	2.0508e-002
815	4.12	5.	5.e-002	2.1028e-002
816	4.12	5.75	0.1	1.9509e-002
817	4.12	5.5	5.e-002	1.9997e-002
818	4.2867	0.75	0.1	2.3316e-002
819	4.2867	0.25	0.1	2.2534e-002
820	4.2867	0.5	5.e-002	2.2906e-002
821	4.2867	1.25	0.1	2.414e-002
822	4.2867	1.	5.e-002	2.3707e-002
823	4.2867	1.75	0.1	2.4897e-002
824	4.2867	1.5	5.e-002	2.4506e-002
825	4.2033	2.	0.1	2.406e-002
826	4.2867	2.	5.e-002	2.5087e-002
827	4.12	1.75	0.1	2.277e-002
828	4.12	2.	5.e-002	2.3073e-002
829	4.12	1.25	0.1	2.197e-002
830	4.12	1.5	5.e-002	2.2378e-002
831	4.12	0.75	0.1	2.0912e-002
832	4.12	1.	5.e-002	2.1419e-002
833	4.12	0.25	0.1	1.9929e-002
834	4.12	0.5	5.e-002	2.0403e-002
835	4.8665	6.	0.1	3.1265e-002
836	4.2867	6.	5.e-002	2.2108e-002
837	6.0261	6.	0.1	5.0527e-002
838	5.4463	6.	5.e-002	4.0682e-002
839	7.1857	6.	0.1	7.1771e-002
840	6.6059	6.	5.e-002	6.088e-002
841	8.3453	6.	0.1	9.5117e-002
842	7.7655	6.	5.e-002	8.3182e-002
843	9.5049	6.	0.1	0.12039
844	8.9251	6.	5.e-002	0.10752
845	10.665	6.	0.1	0.14733
846	10.085	6.	5.e-002	0.13366
847	11.824	6.	0.1	0.17568
848	11.244	6.	5.e-002	0.16134
849	12.984	6.	0.1	0.2052
850	12.404	6.	5.e-002	0.1903
851	14.143	6.	0.1	0.23568
852	13.564	6.	5.e-002	0.22033
853	15.303	6.	0.1	0.26693
854	14.723	6.	5.e-002	0.25122
855	16.463	6.	0.1	0.29878
856	15.883	6.	5.e-002	0.28279
857	17.622	6.	0.1	0.33106
858	17.042	6.	5.e-002	0.31487
859	18.782	6.	0.1	0.36367
860	18.202	6.	5.e-002	0.34733
861	19.941	6.	0.1	0.39648
862	19.362	6.	5.e-002	0.38005
863	21.101	6.	0.1	0.42943
864	20.521	6.	5.e-002	0.41294
865	22.261	6.	0.1	0.46243
866	21.681	6.	5.e-002	0.44592
867	23.42	6.	0.1	0.49546
868	22.84	6.	5.e-002	0.47894
869	24.	5.4	0.1	0.51191
870	24.	6.	5.e-002	0.51197
871	24.	4.2	0.1	0.51178
872	24.	4.8	5.e-002	0.51185
873	24.	3.	0.1	0.51162
874	24.	3.6	5.e-002	0.5117
875	24.	1.8	0.1	0.51142
876	24.	2.4	5.e-002	0.51152
877	24.	0.6	0.1	0.5112
878	24.	1.2	5.e-002	0.51131
879	1.5735e-014	1.8	0.1	0.
880	5.2451e-015	0.6	0.1	0.
881	1.0632e-014	1.2	5.e-002	0.
882	2.6226e-014	3.	0.1	0.
883	2.1264e-014	2.4	5.e-002	0.
884	3.6716e-014	4.2	0.1	0.
885	3.1897e-014	3.6	5.e-002	0.
886	4.7206e-014	5.4	0.1	0.
887	4.2529e-014	4.8	5.e-002	0.
888	23.42	0.	0.1	0.49457
889	24.	0.	5.e-002	0.51108
890	22.261	0.	0.1	0.46154
891	22.84	0.	5.e-002	0.47805
892	21.101	0.	0.1	0.42853
893	21.681	0.	5.e-002	0.44503
894	19.941	0.	0.1	0.39559
895	20.521	0.	5.e-002	0.41205
896	18.782	0.	0.1	0.36278
897	19.362	0.	5.e-002	0.37916
898	17.622	0.	0.1	0.33017
899	18.202	0.	5.e-002	0.34644
900	16.463	0.	0.1	0.29788
901	17.042	0.	5.e-002	0.31398
902	15.303	0.	0.1	0.26604
903	15.883	0.	5.e-002	0.28189
904	14.143	0.	0.1	0.23479
905	14.723	0.	5.e-002	0.25033
906	12.984	0.	0.1	0.20431
907	13.564	0.	5.e-002	0.21944
908	11.824	0.	0.1	0.17479
909	12.404	0.	5.e-002	0.18942
910	10.665	0.	0.1	0.14645
911	11.244	0.	5.e-002	0.16045
912	9.5049	0.	0.1	0.11953
913	10.085	0.	5.e-002	0.13279
914	8.3453	0.	0.1	9.4329e-002
915	8.9251	0.	5.e-002	0.1067
916	7.1857	0.	0.1	7.1076e-002
917	7.7655	0.	5.e-002	8.2427e-002
918	6.0261	0.	0.1	5.007e-002
919	6.6059	0.	5.e-002	6.0287e-002
920	4.8665	0.	0.1	3.1089e-002
921	5.4463	0.	5.e-002	4.0355e-002
922	4.2867	0.	5.e-002	2.2129e-002
923	3.605	1.38e-030	0.1	1.5109e-002
924	4.12	1.5771e-030	5.e-002	1.9453e-002
925	2.575	9.8571e-031	0.1	7.5304e-003
926	3.09	0.	5.e-002	1.1075e-002
927	1.545	5.9143e-031	0.1	2.4361e-003
928	2.06	0.	5.e-002	4.6155e-003
929	0.515	1.9714e-031	0.1	2.2751e-004
930	1.03	0.	5.e-002	9.8745e-004
931	0.	0.	5.e-002	0.
932	0.515	6.	0.1	2.232e-004
933	5.2451e-014	6.	5.e-002	0.
934	1.545	6.	0.1	2.3815e-003
935	1.03	6.	5.e-002	9.6291e-004
936	2.575	6.	0.1	7.392e-003
937	2.06	6.	5.e-002	4.5255e-003
938	3.605	6.	0.1	1.4786e-002
939	3.09	6.	5.e-002	1.085e-002
940	4.12	6.	5.e-002	1.9017e-002
941	2.575	6.	0.	7.392e-003
942	3.605	6.	0.	1.4786e-002
943	1.545	6.	0.	2.3815e-003
944	0.515	6.	0.	2.232e-004
945	4.12	5.75	0.	1.9509e-002
946	4.7206e-014	5.4	0.	0.
947	1.545	5.9143e-031	0.	2.4361e-003
948	0.515	1.9714e-031	0.	2.2751e-004
949	2.575	9.8571e-031	0.	7.5304e-003
950	3.605	1.38e-030	0.	1.5109e-002
951	4.12	0.25	0.	1.9929e-002
952	5.2451e-015	0.6	0.	0.
953	6.0261	0.	0.	5.007e-002
954	4.8665	0.	0.	3.1089e-002
955	7.1857	0.	0.	7.1076e-002
956	8.3453	0.	0.	9.4329e-002
957	9.5049	0.	0.	0.11953
958	10.665	0.	0.	0.14645
959	11.824	0.	0.	0.17479
960	12.984	0.	0.	0.20431
961	14.143	0.	0.	0.23479
962	15.303	0.	0.	0.26604
963	16.463	0.	0.	0.29788
964	17.622	0.	0.	0.33017
965	18.782	0.	0.	0.36278
966	19.941	0.	0.	0.39559
967	21.101	0.	0.	0.42853
968	22.261	0.	0.	0.46154
969	23.42	0.	0.	0.49457
970	4.2867	0.25	0.	2.2534e-002
971	24.	0.6	0.	0.5112
972	3.6716e-014	4.2	0.	0.
973	2.6226e-014	3.	0.	0.
974	1.5735e-014	1.8	0.	0.
975	24.	1.8	0.	0.51142
976	24.	3.	0.	0.51162
977	24.	4.2	0.	0.51178
978	24.	5.4	0.	0.51191
979	23.42	6.	0.	0.49546
980	22.261	6.	0.	0.46243
981	21.101	6.	0.	0.42943
982	19.941	6.	0.	0.39648
983	18.782	6.	0.	0.36367
984	17.622	6.	0.	0.33106
985	16.463	6.	0.	0.29878
986	15.303	6.	0.	0.26693
987	14.143	6.	0.	0.23568
988	12.984	6.	0.	0.2052
989	11.824	6.	0.	0.17568
990	10.665	6.	0.	0.14733
991	9.5049	6.	0.	0.12039
992	8.3453	6.	0.	9.5117e-002
993	7.1857	6.	0.	7.1771e-002
994	6.0261	6.	0.	5.0527e-002
995	4.8665	6.	0.	3.1265e-002
996	4.2867	5.75	0.	2.2488e-002
997	4.12	1.25	0.	2.197e-002
998	4.12	1.75	0.	2.277e-002
999	4.12	0.75	0.	2.0912e-002
1000	4.2033	2.	0.	2.406e-002
1001	4.12	3.	0.	2.3476e-002
1002	4.2867	0.75	0.	2.3316e-002
1003	4.2867	1.25	0.	2.414e-002
1004	4.2867	1.75	0.	2.4897e-002
1005	4.12	4.75	0.	2.1586e-002
1006	4.12	4.25	0.	2.2634e-002
1007	4.12	5.25	0.	2.0508e-002
1008	4.2033	4.	0.	2.3988e-002
1009	4.2867	5.25	0.	2.3237e-002
1010	4.2867	4.75	0.	2.4082e-002
1011	4.2867	4.25	0.	2.481e-002
