Node Number	X Location (in)	Y Location (in)	Z Location (in)	Equivalent Elastic Strain (in/in)
1	8.2729	2.3858	0.	8.051e-004
2	8.0067	3.7637	0.	1.0322e-003
3	7.3709	2.7604	0.	6.8612e-004
4	8.9576	3.1436	0.	3.9578e-004
5	6.1697	1.5147	0.	4.1399e-004
6	8.3724	2.76	0.	7.7224e-004
7	7.617	3.6071	0.	7.6889e-004
8	8.5713	2.1101	0.	4.8519e-004
9	11.076	2.4965	0.	2.0927e-004
10	14.668	2.7451	0.	1.9766e-004
11	18.028	2.9316	0.	1.3309e-004
12	21.034	2.9346	0.	6.8789e-005
13	13.129	4.446	0.	2.5254e-004
14	11.102	4.4354	0.	2.2671e-004
15	2.3163	3.1084	0.	5.3911e-004
16	4.5634	3.0669	0.	4.3779e-004
17	7.4142	4.0803	0.	6.5783e-004
18	8.0891	3.2746	0.	7.3763e-004
19	6.3483	3.6469	0.	4.2645e-004
20	9.3037	2.1596	0.	3.0025e-004
21	9.3037	2.1596	0.1	3.0025e-004
22	6.3483	3.6469	0.1	4.2645e-004
23	8.0891	3.2746	0.1	7.3763e-004
24	7.4142	4.0803	0.1	6.5783e-004
25	4.5634	3.0669	0.1	4.3779e-004
26	2.3163	3.1084	0.1	5.3911e-004
27	11.102	4.4354	0.1	2.2671e-004
28	13.129	4.446	0.1	2.5254e-004
29	21.034	2.9346	0.1	6.8789e-005
30	18.028	2.9316	0.1	1.3309e-004
31	14.668	2.7451	0.1	1.9766e-004
32	11.076	2.4965	0.1	2.0927e-004
33	8.5713	2.1101	0.1	4.8519e-004
34	7.617	3.6071	0.1	7.6889e-004
35	8.3724	2.76	0.1	7.7224e-004
36	6.1697	1.5147	0.1	4.1399e-004
37	8.9576	3.1436	0.1	3.9578e-004
38	7.3709	2.7604	0.1	6.8612e-004
39	8.0067	3.7637	0.1	1.0322e-003
40	8.2729	2.3858	0.1	8.051e-004
41	8.1667	5.	0.1	2.3538e-004
42	8.1667	4.5	0.1	6.8986e-004
43	8.1667	4.	0.1	1.5381e-003
44	8.	4.	0.1	1.7611e-003
45	8.	4.5	0.1	5.9707e-004
46	8.	5.	0.1	2.0393e-004
47	8.1667	1.	0.1	1.546e-004
48	8.1667	1.5	0.1	2.008e-004
49	8.1667	2.	0.1	1.3933e-003
50	8.	2.	0.1	1.5849e-003
51	8.	1.5	0.1	5.9892e-004
52	8.	1.	0.1	3.6917e-004
53	8.1667	6.	0.1	1.755e-004
54	10.806	6.	0.1	2.1025e-004
55	13.444	6.	0.1	2.015e-004
56	16.083	6.	0.1	1.7144e-004
57	18.722	6.	0.1	1.1437e-004
58	21.361	6.	0.1	6.4528e-005
59	24.	6.	0.1	3.8584e-005
60	24.	3.	0.1	3.7473e-005
61	2.6226e-014	3.	0.1	3.9821e-004
62	24.	0.	0.1	3.9752e-005
63	20.833	0.	0.1	7.5013e-005
64	17.667	0.	0.1	1.4811e-004
65	14.5	0.	0.1	2.077e-004
66	11.333	0.	0.1	2.1031e-004
67	8.1667	0.	0.1	1.6963e-004
68	8.	0.	0.1	2.5153e-004
69	6.	9.0989e-031	0.1	3.8624e-004
70	4.	6.0659e-031	0.1	4.9854e-004
71	2.	3.033e-031	0.1	5.3519e-004
72	0.	0.	0.1	3.4186e-004
73	3.937e-014	6.	0.1	3.7441e-004
74	2.6667	6.	0.1	5.2923e-004
75	5.3333	6.	0.1	4.0197e-004
76	8.	6.	0.1	3.4444e-004
77	5.3333	6.	0.	4.0197e-004
78	2.6667	6.	0.	5.2923e-004
79	8.	6.	0.	3.4444e-004
80	3.937e-014	6.	0.	3.7441e-004
81	2.	3.033e-031	0.	5.3519e-004
82	4.	6.0659e-031	0.	4.9854e-004
83	6.	9.0989e-031	0.	3.8624e-004
84	8.	0.	0.	2.5153e-004
85	0.	0.	0.	3.4186e-004
86	11.333	0.	0.	2.1031e-004
87	14.5	0.	0.	2.077e-004
88	17.667	0.	0.	1.4811e-004
89	20.833	0.	0.	7.5013e-005
90	8.1667	0.	0.	1.6963e-004
91	24.	0.	0.	3.9752e-005
92	2.6226e-014	3.	0.	3.9821e-004
93	24.	3.	0.	3.7473e-005
94	24.	6.	0.	3.8584e-005
95	21.361	6.	0.	6.4528e-005
96	18.722	6.	0.	1.1437e-004
97	16.083	6.	0.	1.7144e-004
98	13.444	6.	0.	2.015e-004
99	10.806	6.	0.	2.1025e-004
100	8.1667	6.	0.	1.755e-004
101	8.	1.5	0.	5.9892e-004
102	8.	1.	0.	3.6917e-004
103	8.	2.	0.	1.5849e-003
104	8.1667	1.	0.	1.546e-004
105	8.1667	1.5	0.	2.008e-004
106	8.1667	2.	0.	1.3933e-003
107	8.	4.5	0.	5.9707e-004
108	8.	5.	0.	2.0393e-004
109	8.	4.	0.	1.7611e-003
110	8.1667	5.	0.	2.3538e-004
111	8.1667	4.5	0.	6.8986e-004
112	8.1667	4.	0.	1.5381e-003
113	8.3226	2.5729	0.	7.8242e-004
114	8.4221	2.248	0.	6.3566e-004
115	8.2729	2.3858	5.e-002	4.0471e-005
116	8.1365	2.1929	0.	1.1769e-003
117	7.8118	3.6854	0.	8.974e-004
118	8.0479	3.5191	0.	8.7655e-004
119	8.0067	3.7637	5.e-002	7.9319e-005
120	8.0867	3.8818	0.	1.2363e-003
121	6.7703	2.1376	0.	5.4968e-004
122	7.8716	2.7602	0.	7.122e-004
123	7.4939	3.1838	0.	7.0843e-004
124	7.73	3.0175	0.	7.1023e-004
125	6.8596	3.2037	0.	5.5184e-004
126	7.3709	2.7604	5.e-002	2.6349e-005
127	7.6854	2.3802	0.	1.1313e-003
128	8.665	2.9518	0.	5.6614e-004
129	10.017	2.82	0.	3.0046e-004
130	8.5234	3.2091	0.	5.6261e-004
131	8.9576	3.1436	5.e-002	1.6344e-005
132	8.5621	3.5718	0.	9.6074e-004
133	5.3666	2.2908	0.	4.2276e-004
134	6.1697	1.5147	5.e-002	1.8758e-005
135	6.0848	0.75735	0.	3.9826e-004
136	7.0848	1.5074	0.	4.4204e-004
137	7.0848	1.2574	0.	3.6151e-004
138	8.838	2.4598	0.	5.255e-004
139	8.3724	2.76	5.e-002	4.3373e-005
140	7.5156	3.8437	0.	7.0774e-004
141	7.617	3.6071	5.e-002	1.1712e-004
142	7.8085	3.8036	0.	1.2381e-003
143	8.9375	2.1348	0.	3.818e-004
144	8.5713	2.1101	5.e-002	5.3927e-005
145	8.369	1.555	0.	2.3626e-004
146	8.369	1.805	0.	3.1415e-004
147	8.369	2.055	0.	9.1806e-004
148	12.872	2.6208	0.	2.021e-004
149	11.089	3.466	0.	2.1229e-004
150	10.19	2.328	0.	2.5232e-004
151	11.076	2.4965	5.e-002	3.7973e-005
152	11.205	1.2482	0.	2.0861e-004
153	9.6214	3.4982	0.	4.2336e-004
154	16.348	2.8384	0.	1.6497e-004
155	13.899	3.5955	0.	2.2485e-004
156	14.668	2.7451	5.e-002	6.1132e-006
157	14.584	1.3725	0.	2.0262e-004
158	15.376	4.3725	0.	1.8335e-004
159	19.531	2.9331	0.	1.0072e-004
160	18.028	2.9316	5.e-002	1.2306e-006
161	17.847	1.4658	0.	1.4033e-004
162	18.375	4.4658	0.	1.2338e-004
163	21.034	2.9346	5.e-002	4.9379e-007
164	20.934	1.4673	0.	7.129e-005
165	22.517	2.9673	0.	5.3003e-005
166	21.198	4.4673	0.	6.6126e-005
167	12.116	4.4407	0.	2.3428e-004
168	13.129	4.446	5.e-002	1.8097e-005
169	13.287	5.223	0.	2.2575e-004
170	11.102	4.4354	5.e-002	7.4434e-006
171	10.954	5.2177	0.	2.1787e-004
172	9.6342	4.7177	0.	2.2208e-004
173	3.4399	3.0876	0.	4.8512e-004
174	2.3163	3.1084	5.e-002	1.7227e-005
175	2.4915	4.5542	0.	5.3198e-004
176	2.1582	1.5542	0.	5.3426e-004
177	1.1582	3.0542	0.	4.6212e-004
178	5.4558	3.3569	0.	4.2973e-004
179	4.5634	3.0669	5.e-002	2.195e-005
180	4.9484	4.5335	0.	4.17e-004
181	4.2817	1.5335	0.	4.6649e-004
182	6.8812	3.8636	0.	5.3742e-004
183	7.4142	4.0803	5.e-002	2.9316e-005
184	7.7071	4.2902	0.	5.8365e-004
185	7.7071	4.5402	0.	3.0778e-004
186	8.0891	3.2746	5.e-002	5.3409e-005
187	6.3483	3.6469	5.e-002	1.395e-005
188	7.1741	4.8235	0.	3.7961e-004
189	9.3037	2.1596	5.e-002	9.0709e-005
190	8.7352	1.0798	0.	2.2698e-004
191	10.19	2.328	0.1	2.5232e-004
192	8.9375	2.1348	0.1	3.818e-004
193	8.838	2.4598	0.1	5.255e-004
194	8.7352	1.0798	0.1	2.2698e-004
195	6.8812	3.8636	0.1	5.3742e-004
196	5.4558	3.3569	0.1	4.2973e-004
197	6.8596	3.2037	0.1	5.5184e-004
198	7.1741	4.8235	0.1	3.7961e-004
199	8.5234	3.2091	0.1	5.6261e-004
200	7.73	3.0175	0.1	7.1023e-004
201	8.0479	3.5191	0.1	8.7655e-004
202	7.5156	3.8437	0.1	7.0774e-004
203	7.7071	4.2902	0.1	5.8365e-004
204	7.7071	4.5402	0.1	3.0778e-004
205	3.4399	3.0876	0.1	4.8512e-004
206	5.3666	2.2908	0.1	4.2276e-004
207	4.2817	1.5335	0.1	4.6649e-004
208	4.9484	4.5335	0.1	4.17e-004
209	1.1582	3.0542	0.1	4.6212e-004
210	2.1582	1.5542	0.1	5.3426e-004
211	2.4915	4.5542	0.1	5.3198e-004
212	12.116	4.4407	0.1	2.3428e-004
213	11.089	3.466	0.1	2.1229e-004
214	9.6342	4.7177	0.1	2.2208e-004
215	10.954	5.2177	0.1	2.1787e-004
216	13.899	3.5955	0.1	2.2485e-004
217	13.287	5.223	0.1	2.2575e-004
218	19.531	2.9331	0.1	1.0072e-004
219	21.198	4.4673	0.1	6.6126e-005
220	22.517	2.9673	0.1	5.3003e-005
221	20.934	1.4673	0.1	7.129e-005
222	16.348	2.8384	0.1	1.6497e-004
223	18.375	4.4658	0.1	1.2338e-004
224	17.847	1.4658	0.1	1.4033e-004
225	12.872	2.6208	0.1	2.021e-004
226	15.376	4.3725	0.1	1.8335e-004
227	14.584	1.3725	0.1	2.0262e-004
228	10.017	2.82	0.1	3.0046e-004
229	9.6214	3.4982	0.1	4.2336e-004
230	11.205	1.2482	0.1	2.0861e-004
231	8.4221	2.248	0.1	6.3566e-004
232	8.369	1.555	0.1	2.3626e-004
233	8.369	1.805	0.1	3.1415e-004
234	8.369	2.055	0.1	9.1806e-004
235	7.4939	3.1838	0.1	7.0843e-004
236	7.8118	3.6854	0.1	8.974e-004
237	7.8085	3.8036	0.1	1.2381e-003
238	8.665	2.9518	0.1	5.6614e-004
239	7.8716	2.7602	0.1	7.122e-004
240	8.3226	2.5729	0.1	7.8242e-004
241	6.7703	2.1376	0.1	5.4968e-004
242	7.0848	1.5074	0.1	4.4204e-004
243	7.0848	1.2574	0.1	3.6151e-004
244	6.0848	0.75735	0.1	3.9826e-004
245	8.5621	3.5718	0.1	9.6074e-004
246	7.6854	2.3802	0.1	1.1313e-003
247	8.0867	3.8818	0.1	1.2363e-003
248	8.1365	2.1929	0.1	1.1769e-003
249	8.1667	4.75	0.1	4.6076e-004
250	8.1667	5.5	0.1	2.0151e-004
251	8.1667	5.	5.e-002	6.2912e-006
252	8.1667	4.25	0.1	1.0885e-003
253	8.1667	4.5	5.e-002	1.3335e-004
254	8.0833	4.	0.1	1.4628e-003
255	8.1667	4.	5.e-002	3.3032e-004
256	8.	4.25	0.1	1.1482e-003
257	8.	4.	5.e-002	3.1246e-004
258	8.	4.75	0.1	3.3972e-004
259	8.	4.5	5.e-002	1.4521e-004
260	8.	5.5	0.1	1.7148e-004
261	8.	5.	5.e-002	4.7277e-005
262	8.1667	1.25	0.1	1.4157e-004
263	8.1667	0.5	0.1	1.1233e-004
264	8.1667	1.	5.e-002	3.0597e-005
265	8.1667	1.75	0.1	7.8764e-004
266	8.1667	1.5	5.e-002	5.2462e-005
267	8.0833	2.	0.1	1.2693e-003
268	8.1667	2.	5.e-002	1.6729e-004
269	8.	1.75	0.1	1.0038e-003
270	8.	2.	5.e-002	2.2675e-004
271	8.	1.25	0.1	4.7422e-004
272	8.	1.5	5.e-002	9.9485e-005
273	8.	0.5	0.1	2.9265e-004
274	8.	1.	5.e-002	2.4613e-005
275	9.4861	6.	0.1	1.8967e-004
276	8.1667	6.	5.e-002	1.7469e-005
277	12.125	6.	0.1	2.0498e-004
278	10.806	6.	5.e-002	1.6697e-005
279	14.764	6.	0.1	1.8637e-004
280	13.444	6.	5.e-002	1.8355e-005
281	17.403	6.	0.1	1.4277e-004
282	16.083	6.	5.e-002	6.278e-006
283	20.042	6.	0.1	8.9078e-005
284	18.722	6.	5.e-002	2.1338e-006
285	22.681	6.	0.1	5.131e-005
286	21.361	6.	5.e-002	8.6912e-007
287	24.	4.5	0.1	3.7381e-005
288	24.	6.	5.e-002	1.7852e-006
289	24.	1.5	0.1	3.7759e-005
290	24.	3.	5.e-002	2.0622e-006
291	1.3113e-014	1.5	0.1	3.6044e-004
292	3.9339e-014	4.5	0.1	3.7706e-004
293	2.6581e-014	3.	5.e-002	3.5455e-005
294	22.417	0.	0.1	5.7185e-005
295	24.	0.	5.e-002	3.3907e-006
296	19.25	0.	0.1	1.1104e-004
297	20.833	0.	5.e-002	2.024e-006
298	16.083	0.	0.1	1.7675e-004
299	17.667	0.	5.e-002	3.1843e-006
300	12.917	0.	0.1	2.078e-004
301	14.5	0.	5.e-002	1.4393e-005
302	9.75	0.	0.1	1.8214e-004
303	11.333	0.	5.e-002	2.1539e-005
304	8.1667	0.	5.e-002	1.2306e-005
305	7.	1.0615e-030	0.1	3.168e-004
306	8.	1.2132e-030	5.e-002	1.0993e-005
307	5.	7.5824e-031	0.1	4.4028e-004
308	6.	0.	5.e-002	1.8979e-005
309	3.	4.5494e-031	0.1	5.1471e-004
310	4.	0.	5.e-002	1.2378e-005
311	1.	1.5165e-031	0.1	4.2456e-004
312	2.	0.	5.e-002	3.0287e-005
313	0.	0.	5.e-002	1.2254e-004
314	1.3333	6.	0.1	4.3749e-004
315	5.2451e-014	6.	5.e-002	1.2791e-004
316	4.	6.	0.1	4.6196e-004
317	2.6667	6.	5.e-002	2.6447e-005
318	6.6667	6.	0.1	3.7034e-004
319	5.3333	6.	5.e-002	2.7916e-006
320	8.	6.	5.e-002	4.2969e-006
321	4.	6.	0.	4.6196e-004
322	6.6667	6.	0.	3.7034e-004
323	1.3333	6.	0.	4.3749e-004
324	8.	5.5	0.	1.7148e-004
325	3.9339e-014	4.5	0.	3.7706e-004
326	3.	4.5494e-031	0.	5.1471e-004
327	1.	1.5165e-031	0.	4.2456e-004
328	5.	7.5824e-031	0.	4.4028e-004
329	7.	1.0615e-030	0.	3.168e-004
330	8.	0.5	0.	2.9265e-004
331	1.3113e-014	1.5	0.	3.6044e-004
332	12.917	0.	0.	2.078e-004
333	9.75	0.	0.	1.8214e-004
334	16.083	0.	0.	1.7675e-004
335	19.25	0.	0.	1.1104e-004
336	22.417	0.	0.	5.7185e-005
337	8.1667	0.5	0.	1.1233e-004
338	24.	1.5	0.	3.7759e-005
339	24.	4.5	0.	3.7381e-005
340	22.681	6.	0.	5.131e-005
341	20.042	6.	0.	8.9078e-005
342	17.403	6.	0.	1.4277e-004
343	14.764	6.	0.	1.8637e-004
344	12.125	6.	0.	2.0498e-004
345	9.4861	6.	0.	1.8967e-004
346	8.1667	5.5	0.	2.0151e-004
347	8.	1.25	0.	4.7422e-004
348	8.	1.75	0.	1.0038e-003
349	8.0833	2.	0.	1.2693e-003
350	8.1667	1.25	0.	1.4157e-004
351	8.1667	1.75	0.	7.8764e-004
352	8.	4.75	0.	3.3972e-004
353	8.	4.25	0.	1.1482e-003
354	8.0833	4.	0.	1.4628e-003
355	8.1667	4.75	0.	4.6076e-004
356	8.1667	4.25	0.	1.0885e-003
