Node Number	X Location (in)	Y Location (in)	Z Location (in)	Equivalent Elastic Strain (in/in)
1	1.2632	4.8	0.	5.6591e-004
2	2.5263	4.8	0.	5.2722e-004
3	3.7895	4.8	0.	5.0532e-004
4	5.0526	4.8	0.	4.7333e-004
5	6.3158	4.8	0.	4.393e-004
6	7.5789	4.8	0.	4.0433e-004
7	8.8421	4.8	0.	3.6924e-004
8	10.105	4.8	0.	3.3436e-004
9	11.368	4.8	0.	2.9996e-004
10	12.632	4.8	0.	2.6624e-004
11	13.895	4.8	0.	2.3332e-004
12	15.158	4.8	0.	2.0128e-004
13	16.421	4.8	0.	1.7016e-004
14	17.684	4.8	0.	1.4002e-004
15	18.947	4.8	0.	1.1091e-004
16	20.211	4.8	0.	8.2895e-005
17	21.474	4.8	0.	5.6236e-005
18	22.737	4.8	0.	3.1571e-005
19	1.2632	3.6	0.	5.9706e-004
20	2.5263	3.6	0.	5.0661e-004
21	3.7895	3.6	0.	4.8669e-004
22	5.0526	3.6	0.	4.6091e-004
23	6.3158	3.6	0.	4.3206e-004
24	7.5789	3.6	0.	4.0021e-004
25	8.8421	3.6	0.	3.6684e-004
26	10.105	3.6	0.	3.3287e-004
27	11.368	3.6	0.	2.9898e-004
28	12.632	3.6	0.	2.6553e-004
29	13.895	3.6	0.	2.3276e-004
30	15.158	3.6	0.	2.008e-004
31	16.421	3.6	0.	1.6977e-004
32	17.684	3.6	0.	1.3977e-004
33	18.947	3.6	0.	1.1093e-004
34	20.211	3.6	0.	8.3447e-005
35	21.474	3.6	0.	5.7697e-005
36	22.737	3.6	0.	3.444e-005
37	1.2632	2.4	0.	5.9706e-004
38	2.5263	2.4	0.	5.0661e-004
39	3.7895	2.4	0.	4.8669e-004
40	5.0526	2.4	0.	4.6091e-004
41	6.3158	2.4	0.	4.3206e-004
42	7.5789	2.4	0.	4.0021e-004
43	8.8421	2.4	0.	3.6684e-004
44	10.105	2.4	0.	3.3287e-004
45	11.368	2.4	0.	2.9898e-004
46	12.632	2.4	0.	2.6553e-004
47	13.895	2.4	0.	2.3276e-004
48	15.158	2.4	0.	2.008e-004
49	16.421	2.4	0.	1.6977e-004
50	17.684	2.4	0.	1.3977e-004
51	18.947	2.4	0.	1.1093e-004
52	20.211	2.4	0.	8.3447e-005
53	21.474	2.4	0.	5.7697e-005
54	22.737	2.4	0.	3.444e-005
55	1.2632	1.2	0.	5.6591e-004
56	2.5263	1.2	0.	5.2722e-004
57	3.7895	1.2	0.	5.0532e-004
58	5.0526	1.2	0.	4.7333e-004
59	6.3158	1.2	0.	4.393e-004
60	7.5789	1.2	0.	4.0433e-004
61	8.8421	1.2	0.	3.6924e-004
62	10.105	1.2	0.	3.3436e-004
63	11.368	1.2	0.	2.9996e-004
64	12.632	1.2	0.	2.6624e-004
65	13.895	1.2	0.	2.3332e-004
66	15.158	1.2	0.	2.0128e-004
67	16.421	1.2	0.	1.7016e-004
68	17.684	1.2	0.	1.4002e-004
69	18.947	1.2	0.	1.1091e-004
70	20.211	1.2	0.	8.2895e-005
71	21.474	1.2	0.	5.6236e-005
72	22.737	1.2	0.	3.1571e-005
73	22.737	1.2	0.1	3.1571e-005
74	21.474	1.2	0.1	5.6236e-005
75	20.211	1.2	0.1	8.2895e-005
76	18.947	1.2	0.1	1.1091e-004
77	17.684	1.2	0.1	1.4002e-004
78	16.421	1.2	0.1	1.7016e-004
79	15.158	1.2	0.1	2.0128e-004
80	13.895	1.2	0.1	2.3332e-004
81	12.632	1.2	0.1	2.6624e-004
82	11.368	1.2	0.1	2.9996e-004
83	10.105	1.2	0.1	3.3436e-004
84	8.8421	1.2	0.1	3.6924e-004
85	7.5789	1.2	0.1	4.0433e-004
86	6.3158	1.2	0.1	4.393e-004
87	5.0526	1.2	0.1	4.7333e-004
88	3.7895	1.2	0.1	5.0532e-004
89	2.5263	1.2	0.1	5.2722e-004
90	1.2632	1.2	0.1	5.6591e-004
91	22.737	2.4	0.1	3.444e-005
92	21.474	2.4	0.1	5.7697e-005
93	20.211	2.4	0.1	8.3447e-005
94	18.947	2.4	0.1	1.1093e-004
95	17.684	2.4	0.1	1.3977e-004
96	16.421	2.4	0.1	1.6977e-004
97	15.158	2.4	0.1	2.008e-004
98	13.895	2.4	0.1	2.3276e-004
99	12.632	2.4	0.1	2.6553e-004
100	11.368	2.4	0.1	2.9898e-004
101	10.105	2.4	0.1	3.3287e-004
102	8.8421	2.4	0.1	3.6684e-004
103	7.5789	2.4	0.1	4.0021e-004
104	6.3158	2.4	0.1	4.3206e-004
105	5.0526	2.4	0.1	4.6091e-004
106	3.7895	2.4	0.1	4.8669e-004
107	2.5263	2.4	0.1	5.0661e-004
108	1.2632	2.4	0.1	5.9706e-004
109	22.737	3.6	0.1	3.444e-005
110	21.474	3.6	0.1	5.7697e-005
111	20.211	3.6	0.1	8.3447e-005
112	18.947	3.6	0.1	1.1093e-004
113	17.684	3.6	0.1	1.3977e-004
114	16.421	3.6	0.1	1.6977e-004
115	15.158	3.6	0.1	2.008e-004
116	13.895	3.6	0.1	2.3276e-004
117	12.632	3.6	0.1	2.6553e-004
118	11.368	3.6	0.1	2.9898e-004
119	10.105	3.6	0.1	3.3287e-004
120	8.8421	3.6	0.1	3.6684e-004
121	7.5789	3.6	0.1	4.0021e-004
122	6.3158	3.6	0.1	4.3206e-004
123	5.0526	3.6	0.1	4.6091e-004
124	3.7895	3.6	0.1	4.8669e-004
125	2.5263	3.6	0.1	5.0661e-004
126	1.2632	3.6	0.1	5.9706e-004
127	22.737	4.8	0.1	3.1571e-005
128	21.474	4.8	0.1	5.6236e-005
129	20.211	4.8	0.1	8.2895e-005
130	18.947	4.8	0.1	1.1091e-004
131	17.684	4.8	0.1	1.4002e-004
132	16.421	4.8	0.1	1.7016e-004
133	15.158	4.8	0.1	2.0128e-004
134	13.895	4.8	0.1	2.3332e-004
135	12.632	4.8	0.1	2.6624e-004
136	11.368	4.8	0.1	2.9996e-004
137	10.105	4.8	0.1	3.3436e-004
138	8.8421	4.8	0.1	3.6924e-004
139	7.5789	4.8	0.1	4.0433e-004
140	6.3158	4.8	0.1	4.393e-004
141	5.0526	4.8	0.1	4.7333e-004
142	3.7895	4.8	0.1	5.0532e-004
143	2.5263	4.8	0.1	5.2722e-004
144	1.2632	4.8	0.1	5.6591e-004
145	1.2632	6.	0.1	5.6973e-004
146	2.5263	6.	0.1	5.8069e-004
147	3.7895	6.	0.1	5.3793e-004
148	5.0526	6.	0.1	4.9074e-004
149	6.3158	6.	0.1	4.4927e-004
150	7.5789	6.	0.1	4.1032e-004
151	8.8421	6.	0.1	3.7292e-004
152	10.105	6.	0.1	3.3673e-004
153	11.368	6.	0.1	3.0161e-004
154	12.632	6.	0.1	2.6752e-004
155	13.895	6.	0.1	2.3441e-004
156	15.158	6.	0.1	2.0228e-004
157	16.421	6.	0.1	1.711e-004
158	17.684	6.	0.1	1.4087e-004
159	18.947	6.	0.1	1.1156e-004
160	20.211	6.	0.1	8.307e-005
161	21.474	6.	0.1	5.5273e-005
162	22.737	6.	0.1	2.8768e-005
163	24.	6.	0.1	1.4211e-005
164	24.	4.8	0.1	1.9346e-005
165	24.	3.6	0.1	2.3897e-005
166	24.	2.4	0.1	2.3897e-005
167	24.	1.2	0.1	1.9346e-005
168	24.	0.	0.1	1.4211e-005
169	22.737	0.	0.1	2.8768e-005
170	21.474	0.	0.1	5.5273e-005
171	20.211	0.	0.1	8.307e-005
172	18.947	0.	0.1	1.1156e-004
173	17.684	0.	0.1	1.4087e-004
174	16.421	0.	0.1	1.711e-004
175	15.158	0.	0.1	2.0228e-004
176	13.895	0.	0.1	2.3441e-004
177	12.632	0.	0.1	2.6752e-004
178	11.368	0.	0.1	3.0161e-004
179	10.105	0.	0.1	3.3673e-004
180	8.8421	0.	0.1	3.7292e-004
181	7.5789	0.	0.1	4.1032e-004
182	6.3158	0.	0.1	4.4927e-004
183	5.0526	0.	0.1	4.9074e-004
184	3.7895	0.	0.1	5.3793e-004
185	2.5263	0.	0.1	5.8069e-004
186	1.2632	0.	0.1	5.6973e-004
187	0.	0.	0.1	3.1462e-004
188	1.049e-014	1.2	0.1	3.9268e-004
189	2.0981e-014	2.4	0.1	4.119e-004
190	3.1471e-014	3.6	0.1	4.119e-004
191	4.1961e-014	4.8	0.1	3.9268e-004
192	3.937e-014	6.	0.1	3.1462e-004
193	4.1961e-014	4.8	0.	3.9268e-004
194	3.1471e-014	3.6	0.	4.119e-004
195	2.0981e-014	2.4	0.	4.119e-004
196	1.049e-014	1.2	0.	3.9268e-004
197	3.937e-014	6.	0.	3.1462e-004
198	0.	0.	0.	3.1462e-004
199	1.2632	0.	0.	5.6973e-004
200	2.5263	0.	0.	5.8069e-004
201	3.7895	0.	0.	5.3793e-004
202	5.0526	0.	0.	4.9074e-004
203	6.3158	0.	0.	4.4927e-004
204	7.5789	0.	0.	4.1032e-004
205	8.8421	0.	0.	3.7292e-004
206	10.105	0.	0.	3.3673e-004
207	11.368	0.	0.	3.0161e-004
208	12.632	0.	0.	2.6752e-004
209	13.895	0.	0.	2.3441e-004
210	15.158	0.	0.	2.0228e-004
211	16.421	0.	0.	1.711e-004
212	17.684	0.	0.	1.4087e-004
213	18.947	0.	0.	1.1156e-004
214	20.211	0.	0.	8.307e-005
215	21.474	0.	0.	5.5273e-005
216	22.737	0.	0.	2.8768e-005
217	24.	0.	0.	1.4211e-005
218	24.	1.2	0.	1.9346e-005
219	24.	2.4	0.	2.3897e-005
220	24.	3.6	0.	2.3897e-005
221	24.	4.8	0.	1.9346e-005
222	24.	6.	0.	1.4211e-005
223	22.737	6.	0.	2.8768e-005
224	21.474	6.	0.	5.5273e-005
225	20.211	6.	0.	8.307e-005
226	18.947	6.	0.	1.1156e-004
227	17.684	6.	0.	1.4087e-004
228	16.421	6.	0.	1.711e-004
229	15.158	6.	0.	2.0228e-004
230	13.895	6.	0.	2.3441e-004
231	12.632	6.	0.	2.6752e-004
232	11.368	6.	0.	3.0161e-004
233	10.105	6.	0.	3.3673e-004
234	8.8421	6.	0.	3.7292e-004
235	7.5789	6.	0.	4.1032e-004
236	6.3158	6.	0.	4.4927e-004
237	5.0526	6.	0.	4.9074e-004
238	3.7895	6.	0.	5.3793e-004
239	2.5263	6.	0.	5.8069e-004
240	1.2632	6.	0.	5.6973e-004
241	1.8947	4.8	0.	5.4391e-004
242	1.2632	4.2	0.	5.8008e-004
243	1.2632	4.8	5.e-002	1.1351e-005
244	0.63158	4.8	0.	4.7199e-004
245	1.2632	5.4	0.	5.6433e-004
246	3.1579	4.8	0.	5.1581e-004
247	2.5263	4.2	0.	5.1587e-004
248	2.5263	4.8	5.e-002	5.8357e-006
249	2.5263	5.4	0.	5.5346e-004
250	4.4211	4.8	0.	4.8911e-004
251	3.7895	4.2	0.	4.9564e-004
252	3.7895	4.8	5.e-002	2.6596e-006
253	3.7895	5.4	0.	5.2153e-004
254	5.6842	4.8	0.	4.5623e-004
255	5.0526	4.2	0.	4.6705e-004
256	5.0526	4.8	5.e-002	2.2522e-006
257	5.0526	5.4	0.	4.8198e-004
258	6.9474	4.8	0.	4.2178e-004
259	6.3158	4.2	0.	4.3566e-004
260	6.3158	4.8	5.e-002	2.5144e-006
261	6.3158	5.4	0.	4.4425e-004
262	8.2105	4.8	0.	3.8678e-004
263	7.5789	4.2	0.	4.0225e-004
264	7.5789	4.8	5.e-002	2.5509e-006
265	7.5789	5.4	0.	4.0728e-004
266	9.4737	4.8	0.	3.5179e-004
267	8.8421	4.2	0.	3.68e-004
268	8.8421	4.8	5.e-002	2.4924e-006
269	8.8421	5.4	0.	3.7103e-004
270	10.737	4.8	0.	3.1715e-004
271	10.105	4.2	0.	3.3356e-004
272	10.105	4.8	5.e-002	2.4399e-006
273	10.105	5.4	0.	3.3548e-004
274	12.	4.8	0.	2.831e-004
275	11.368	4.2	0.	2.994e-004
276	11.368	4.8	5.e-002	2.3852e-006
277	11.368	5.4	0.	3.0071e-004
278	13.263	4.8	0.	2.4978e-004
279	12.632	4.2	0.	2.6581e-004
280	12.632	4.8	5.e-002	2.3273e-006
281	12.632	5.4	0.	2.668e-004
282	14.526	4.8	0.	2.1729e-004
283	13.895	4.2	0.	2.3295e-004
284	13.895	4.8	5.e-002	2.2663e-006
285	13.895	5.4	0.	2.3378e-004
286	15.789	4.8	0.	1.8571e-004
287	15.158	4.2	0.	2.0094e-004
288	15.158	4.8	5.e-002	2.203e-006
289	15.158	5.4	0.	2.0168e-004
290	17.053	4.8	0.	1.5509e-004
291	16.421	4.2	0.	1.6986e-004
292	16.421	4.8	5.e-002	2.1383e-006
293	16.421	5.4	0.	1.7053e-004
294	18.316	4.8	0.	1.2546e-004
295	17.684	4.2	0.	1.3978e-004
296	17.684	4.8	5.e-002	2.0715e-006
297	17.684	5.4	0.	1.4033e-004
298	19.579	4.8	0.	9.6893e-005
299	18.947	4.2	0.	1.1079e-004
300	18.947	4.8	5.e-002	1.9971e-006
301	18.947	5.4	0.	1.111e-004
302	20.842	4.8	0.	6.9549e-005
303	20.211	4.2	0.	8.3033e-005
304	20.211	4.8	5.e-002	1.9073e-006
305	20.211	5.4	0.	8.2808e-005
306	22.105	4.8	0.	4.3777e-005
307	21.474	4.2	0.	5.683e-005
308	21.474	4.8	5.e-002	1.7924e-006
309	21.474	5.4	0.	5.5534e-005
310	22.737	4.2	0.	3.2885e-005
311	22.737	4.8	5.e-002	1.8748e-006
312	23.368	4.8	0.	2.5199e-005
313	22.737	5.4	0.	2.992e-005
314	1.8947	3.6	0.	5.4952e-004
315	1.2632	3.	0.	5.9641e-004
316	1.2632	3.6	5.e-002	5.2737e-006
317	0.63158	3.6	0.	4.9656e-004
318	3.1579	3.6	0.	4.9644e-004
319	2.5263	3.	0.	5.0591e-004
320	2.5263	3.6	5.e-002	8.6434e-006
321	4.4211	3.6	0.	4.7361e-004
322	3.7895	3.	0.	4.8642e-004
323	3.7895	3.6	5.e-002	2.2127e-006
324	5.6842	3.6	0.	4.4643e-004
325	5.0526	3.	0.	4.6085e-004
326	5.0526	3.6	5.e-002	2.3719e-006
327	6.9474	3.6	0.	4.1611e-004
328	6.3158	3.	0.	4.3206e-004
329	6.3158	3.6	5.e-002	2.0885e-006
330	8.2105	3.6	0.	3.8352e-004
331	7.5789	3.	0.	4.002e-004
332	7.5789	3.6	5.e-002	2.2879e-006
333	9.4737	3.6	0.	3.4985e-004
334	8.8421	3.	0.	3.6681e-004
335	8.8421	3.6	5.e-002	2.384e-006
336	10.737	3.6	0.	3.1593e-004
337	10.105	3.	0.	3.3283e-004
338	10.105	3.6	5.e-002	2.4044e-006
339	12.	3.6	0.	2.8225e-004
340	11.368	3.	0.	2.9892e-004
341	11.368	3.6	5.e-002	2.3844e-006
342	13.263	3.6	0.	2.4914e-004
343	12.632	3.	0.	2.6546e-004
344	12.632	3.6	5.e-002	2.3427e-006
345	14.526	3.6	0.	2.1678e-004
346	13.895	3.	0.	2.3267e-004
347	13.895	3.6	5.e-002	2.2892e-006
348	15.789	3.6	0.	1.8529e-004
349	15.158	3.	0.	2.0071e-004
350	15.158	3.6	5.e-002	2.2274e-006
351	17.053	3.6	0.	1.5477e-004
352	16.421	3.	0.	1.6967e-004
353	16.421	3.6	5.e-002	2.1583e-006
354	18.316	3.6	0.	1.2535e-004
355	17.684	3.	0.	1.3966e-004
356	17.684	3.6	5.e-002	2.0814e-006
357	19.579	3.6	0.	9.718e-005
358	18.947	3.	0.	1.1081e-004
359	18.947	3.6	5.e-002	1.9983e-006
360	20.842	3.6	0.	7.0541e-005
361	20.211	3.	0.	8.3333e-005
362	20.211	3.6	5.e-002	1.9155e-006
363	22.105	3.6	0.	4.5838e-005
364	21.474	3.	0.	5.7605e-005
365	21.474	3.6	5.e-002	1.8606e-006
366	22.737	3.	0.	3.4386e-005
367	22.737	3.6	5.e-002	1.8975e-006
368	23.368	3.6	0.	2.8861e-005
369	1.8947	2.4	0.	5.4952e-004
370	1.2632	1.8	0.	5.8008e-004
371	1.2632	2.4	5.e-002	5.2737e-006
372	0.63158	2.4	0.	4.9656e-004
373	3.1579	2.4	0.	4.9644e-004
374	2.5263	1.8	0.	5.1587e-004
375	2.5263	2.4	5.e-002	8.6434e-006
376	4.4211	2.4	0.	4.7361e-004
377	3.7895	1.8	0.	4.9564e-004
378	3.7895	2.4	5.e-002	2.2127e-006
379	5.6842	2.4	0.	4.4643e-004
380	5.0526	1.8	0.	4.6705e-004
381	5.0526	2.4	5.e-002	2.3719e-006
382	6.9474	2.4	0.	4.1611e-004
383	6.3158	1.8	0.	4.3566e-004
384	6.3158	2.4	5.e-002	2.0885e-006
385	8.2105	2.4	0.	3.8352e-004
386	7.5789	1.8	0.	4.0225e-004
387	7.5789	2.4	5.e-002	2.2879e-006
388	9.4737	2.4	0.	3.4985e-004
389	8.8421	1.8	0.	3.68e-004
390	8.8421	2.4	5.e-002	2.384e-006
391	10.737	2.4	0.	3.1593e-004
392	10.105	1.8	0.	3.3356e-004
393	10.105	2.4	5.e-002	2.4044e-006
394	12.	2.4	0.	2.8225e-004
395	11.368	1.8	0.	2.994e-004
396	11.368	2.4	5.e-002	2.3844e-006
397	13.263	2.4	0.	2.4914e-004
398	12.632	1.8	0.	2.6581e-004
399	12.632	2.4	5.e-002	2.3427e-006
400	14.526	2.4	0.	2.1678e-004
401	13.895	1.8	0.	2.3295e-004
402	13.895	2.4	5.e-002	2.2892e-006
403	15.789	2.4	0.	1.8529e-004
404	15.158	1.8	0.	2.0094e-004
405	15.158	2.4	5.e-002	2.2274e-006
406	17.053	2.4	0.	1.5477e-004
407	16.421	1.8	0.	1.6986e-004
408	16.421	2.4	5.e-002	2.1583e-006
409	18.316	2.4	0.	1.2535e-004
410	17.684	1.8	0.	1.3978e-004
411	17.684	2.4	5.e-002	2.0814e-006
412	19.579	2.4	0.	9.718e-005
413	18.947	1.8	0.	1.1079e-004
414	18.947	2.4	5.e-002	1.9983e-006
415	20.842	2.4	0.	7.0541e-005
416	20.211	1.8	0.	8.3033e-005
417	20.211	2.4	5.e-002	1.9155e-006
418	22.105	2.4	0.	4.5838e-005
419	21.474	1.8	0.	5.683e-005
420	21.474	2.4	5.e-002	1.8606e-006
421	22.737	1.8	0.	3.2885e-005
422	22.737	2.4	5.e-002	1.8975e-006
423	23.368	2.4	0.	2.8861e-005
424	1.8947	1.2	0.	5.4391e-004
425	1.2632	1.2	5.e-002	1.1351e-005
426	0.63158	1.2	0.	4.7199e-004
427	1.2632	0.6	0.	5.6433e-004
428	3.1579	1.2	0.	5.1581e-004
429	2.5263	1.2	5.e-002	5.8357e-006
430	2.5263	0.6	0.	5.5346e-004
431	4.4211	1.2	0.	4.8911e-004
432	3.7895	1.2	5.e-002	2.6596e-006
433	3.7895	0.6	0.	5.2153e-004
434	5.6842	1.2	0.	4.5623e-004
435	5.0526	1.2	5.e-002	2.2522e-006
436	5.0526	0.6	0.	4.8198e-004
437	6.9474	1.2	0.	4.2178e-004
438	6.3158	1.2	5.e-002	2.5144e-006
439	6.3158	0.6	0.	4.4425e-004
440	8.2105	1.2	0.	3.8678e-004
441	7.5789	1.2	5.e-002	2.5509e-006
442	7.5789	0.6	0.	4.0728e-004
443	9.4737	1.2	0.	3.5179e-004
444	8.8421	1.2	5.e-002	2.4924e-006
445	8.8421	0.6	0.	3.7103e-004
446	10.737	1.2	0.	3.1715e-004
447	10.105	1.2	5.e-002	2.4399e-006
448	10.105	0.6	0.	3.3548e-004
449	12.	1.2	0.	2.831e-004
450	11.368	1.2	5.e-002	2.3852e-006
451	11.368	0.6	0.	3.0071e-004
452	13.263	1.2	0.	2.4978e-004
453	12.632	1.2	5.e-002	2.3273e-006
454	12.632	0.6	0.	2.668e-004
455	14.526	1.2	0.	2.1729e-004
456	13.895	1.2	5.e-002	2.2663e-006
457	13.895	0.6	0.	2.3378e-004
458	15.789	1.2	0.	1.8571e-004
459	15.158	1.2	5.e-002	2.203e-006
460	15.158	0.6	0.	2.0168e-004
461	17.053	1.2	0.	1.5509e-004
462	16.421	1.2	5.e-002	2.1383e-006
463	16.421	0.6	0.	1.7053e-004
464	18.316	1.2	0.	1.2546e-004
465	17.684	1.2	5.e-002	2.0715e-006
466	17.684	0.6	0.	1.4033e-004
467	19.579	1.2	0.	9.6893e-005
468	18.947	1.2	5.e-002	1.9971e-006
469	18.947	0.6	0.	1.111e-004
470	20.842	1.2	0.	6.9549e-005
471	20.211	1.2	5.e-002	1.9073e-006
472	20.211	0.6	0.	8.2808e-005
473	22.105	1.2	0.	4.3777e-005
474	21.474	1.2	5.e-002	1.7924e-006
475	21.474	0.6	0.	5.5534e-005
476	22.737	1.2	5.e-002	1.8748e-006
477	22.737	0.6	0.	2.992e-005
478	23.368	1.2	0.	2.5199e-005
479	22.105	1.2	0.1	4.3777e-005
480	22.737	1.8	0.1	3.2885e-005
481	23.368	1.2	0.1	2.5199e-005
482	22.737	0.6	0.1	2.992e-005
483	20.842	1.2	0.1	6.9549e-005
484	21.474	1.8	0.1	5.683e-005
485	21.474	0.6	0.1	5.5534e-005
486	19.579	1.2	0.1	9.6893e-005
487	20.211	1.8	0.1	8.3033e-005
488	20.211	0.6	0.1	8.2808e-005
489	18.316	1.2	0.1	1.2546e-004
490	18.947	1.8	0.1	1.1079e-004
491	18.947	0.6	0.1	1.111e-004
492	17.053	1.2	0.1	1.5509e-004
493	17.684	1.8	0.1	1.3978e-004
494	17.684	0.6	0.1	1.4033e-004
495	15.789	1.2	0.1	1.8571e-004
496	16.421	1.8	0.1	1.6986e-004
497	16.421	0.6	0.1	1.7053e-004
498	14.526	1.2	0.1	2.1729e-004
499	15.158	1.8	0.1	2.0094e-004
500	15.158	0.6	0.1	2.0168e-004
501	13.263	1.2	0.1	2.4978e-004
502	13.895	1.8	0.1	2.3295e-004
503	13.895	0.6	0.1	2.3378e-004
504	12.	1.2	0.1	2.831e-004
505	12.632	1.8	0.1	2.6581e-004
506	12.632	0.6	0.1	2.668e-004
507	10.737	1.2	0.1	3.1715e-004
508	11.368	1.8	0.1	2.994e-004
509	11.368	0.6	0.1	3.0071e-004
510	9.4737	1.2	0.1	3.5179e-004
511	10.105	1.8	0.1	3.3356e-004
512	10.105	0.6	0.1	3.3548e-004
513	8.2105	1.2	0.1	3.8678e-004
514	8.8421	1.8	0.1	3.68e-004
515	8.8421	0.6	0.1	3.7103e-004
516	6.9474	1.2	0.1	4.2178e-004
517	7.5789	1.8	0.1	4.0225e-004
518	7.5789	0.6	0.1	4.0728e-004
519	5.6842	1.2	0.1	4.5623e-004
520	6.3158	1.8	0.1	4.3566e-004
521	6.3158	0.6	0.1	4.4425e-004
522	4.4211	1.2	0.1	4.8911e-004
523	5.0526	1.8	0.1	4.6705e-004
524	5.0526	0.6	0.1	4.8198e-004
525	3.1579	1.2	0.1	5.1581e-004
526	3.7895	1.8	0.1	4.9564e-004
527	3.7895	0.6	0.1	5.2153e-004
528	1.8947	1.2	0.1	5.4391e-004
529	2.5263	1.8	0.1	5.1587e-004
530	2.5263	0.6	0.1	5.5346e-004
531	1.2632	1.8	0.1	5.8008e-004
532	1.2632	0.6	0.1	5.6433e-004
533	0.63158	1.2	0.1	4.7199e-004
534	22.105	2.4	0.1	4.5838e-005
535	22.737	3.	0.1	3.4386e-005
536	23.368	2.4	0.1	2.8861e-005
537	20.842	2.4	0.1	7.0541e-005
538	21.474	3.	0.1	5.7605e-005
539	19.579	2.4	0.1	9.718e-005
540	20.211	3.	0.1	8.3333e-005
541	18.316	2.4	0.1	1.2535e-004
542	18.947	3.	0.1	1.1081e-004
543	17.053	2.4	0.1	1.5477e-004
544	17.684	3.	0.1	1.3966e-004
545	15.789	2.4	0.1	1.8529e-004
546	16.421	3.	0.1	1.6967e-004
547	14.526	2.4	0.1	2.1678e-004
548	15.158	3.	0.1	2.0071e-004
549	13.263	2.4	0.1	2.4914e-004
550	13.895	3.	0.1	2.3267e-004
551	12.	2.4	0.1	2.8225e-004
552	12.632	3.	0.1	2.6546e-004
553	10.737	2.4	0.1	3.1593e-004
554	11.368	3.	0.1	2.9892e-004
555	9.4737	2.4	0.1	3.4985e-004
556	10.105	3.	0.1	3.3283e-004
557	8.2105	2.4	0.1	3.8352e-004
558	8.8421	3.	0.1	3.6681e-004
559	6.9474	2.4	0.1	4.1611e-004
560	7.5789	3.	0.1	4.002e-004
561	5.6842	2.4	0.1	4.4643e-004
562	6.3158	3.	0.1	4.3206e-004
563	4.4211	2.4	0.1	4.7361e-004
564	5.0526	3.	0.1	4.6085e-004
565	3.1579	2.4	0.1	4.9644e-004
566	3.7895	3.	0.1	4.8642e-004
567	1.8947	2.4	0.1	5.4952e-004
568	2.5263	3.	0.1	5.0591e-004
569	1.2632	3.	0.1	5.9641e-004
570	0.63158	2.4	0.1	4.9656e-004
571	22.105	3.6	0.1	4.5838e-005
572	22.737	4.2	0.1	3.2885e-005
573	23.368	3.6	0.1	2.8861e-005
574	20.842	3.6	0.1	7.0541e-005
575	21.474	4.2	0.1	5.683e-005
576	19.579	3.6	0.1	9.718e-005
577	20.211	4.2	0.1	8.3033e-005
578	18.316	3.6	0.1	1.2535e-004
579	18.947	4.2	0.1	1.1079e-004
580	17.053	3.6	0.1	1.5477e-004
581	17.684	4.2	0.1	1.3978e-004
582	15.789	3.6	0.1	1.8529e-004
583	16.421	4.2	0.1	1.6986e-004
584	14.526	3.6	0.1	2.1678e-004
585	15.158	4.2	0.1	2.0094e-004
586	13.263	3.6	0.1	2.4914e-004
587	13.895	4.2	0.1	2.3295e-004
588	12.	3.6	0.1	2.8225e-004
589	12.632	4.2	0.1	2.6581e-004
590	10.737	3.6	0.1	3.1593e-004
591	11.368	4.2	0.1	2.994e-004
592	9.4737	3.6	0.1	3.4985e-004
593	10.105	4.2	0.1	3.3356e-004
594	8.2105	3.6	0.1	3.8352e-004
595	8.8421	4.2	0.1	3.68e-004
596	6.9474	3.6	0.1	4.1611e-004
597	7.5789	4.2	0.1	4.0225e-004
598	5.6842	3.6	0.1	4.4643e-004
599	6.3158	4.2	0.1	4.3566e-004
600	4.4211	3.6	0.1	4.7361e-004
601	5.0526	4.2	0.1	4.6705e-004
602	3.1579	3.6	0.1	4.9644e-004
603	3.7895	4.2	0.1	4.9564e-004
604	1.8947	3.6	0.1	5.4952e-004
605	2.5263	4.2	0.1	5.1587e-004
606	1.2632	4.2	0.1	5.8008e-004
607	0.63158	3.6	0.1	4.9656e-004
608	22.105	4.8	0.1	4.3777e-005
609	22.737	5.4	0.1	2.992e-005
610	23.368	4.8	0.1	2.5199e-005
611	20.842	4.8	0.1	6.9549e-005
612	21.474	5.4	0.1	5.5534e-005
613	19.579	4.8	0.1	9.6893e-005
614	20.211	5.4	0.1	8.2808e-005
615	18.316	4.8	0.1	1.2546e-004
616	18.947	5.4	0.1	1.111e-004
617	17.053	4.8	0.1	1.5509e-004
618	17.684	5.4	0.1	1.4033e-004
619	15.789	4.8	0.1	1.8571e-004
620	16.421	5.4	0.1	1.7053e-004
621	14.526	4.8	0.1	2.1729e-004
622	15.158	5.4	0.1	2.0168e-004
623	13.263	4.8	0.1	2.4978e-004
624	13.895	5.4	0.1	2.3378e-004
625	12.	4.8	0.1	2.831e-004
626	12.632	5.4	0.1	2.668e-004
627	10.737	4.8	0.1	3.1715e-004
628	11.368	5.4	0.1	3.0071e-004
629	9.4737	4.8	0.1	3.5179e-004
630	10.105	5.4	0.1	3.3548e-004
631	8.2105	4.8	0.1	3.8678e-004
632	8.8421	5.4	0.1	3.7103e-004
633	6.9474	4.8	0.1	4.2178e-004
634	7.5789	5.4	0.1	4.0728e-004
635	5.6842	4.8	0.1	4.5623e-004
636	6.3158	5.4	0.1	4.4425e-004
637	4.4211	4.8	0.1	4.8911e-004
638	5.0526	5.4	0.1	4.8198e-004
639	3.1579	4.8	0.1	5.1581e-004
640	3.7895	5.4	0.1	5.2153e-004
641	1.8947	4.8	0.1	5.4391e-004
642	2.5263	5.4	0.1	5.5346e-004
643	1.2632	5.4	0.1	5.6433e-004
644	0.63158	4.8	0.1	4.7199e-004
645	1.8947	6.	0.1	5.719e-004
646	0.63158	6.	0.1	4.2476e-004
647	1.2632	6.	5.e-002	2.0725e-005
648	3.1579	6.	0.1	5.5772e-004
649	2.5263	6.	5.e-002	1.3627e-005
650	4.4211	6.	0.1	5.1405e-004
651	3.7895	6.	5.e-002	3.2395e-006
652	5.6842	6.	0.1	4.6993e-004
653	5.0526	6.	5.e-002	3.1637e-006
654	6.9474	6.	0.1	4.2976e-004
655	6.3158	6.	5.e-002	4.4826e-006
656	8.2105	6.	0.1	3.916e-004
657	7.5789	6.	5.e-002	4.8083e-006
658	9.4737	6.	0.1	3.5481e-004
659	8.8421	6.	5.e-002	4.9847e-006
660	10.737	6.	0.1	3.1916e-004
661	10.105	6.	5.e-002	5.0919e-006
662	12.	6.	0.1	2.8456e-004
663	11.368	6.	5.e-002	5.0974e-006
664	13.263	6.	0.1	2.5096e-004
665	12.632	6.	5.e-002	5.0328e-006
666	14.526	6.	0.1	2.1834e-004
667	13.895	6.	5.e-002	4.9277e-006
668	15.789	6.	0.1	1.8668e-004
669	15.158	6.	5.e-002	4.7973e-006
670	17.053	6.	0.1	1.5597e-004
671	16.421	6.	5.e-002	4.6474e-006
672	18.316	6.	0.1	1.2619e-004
673	17.684	6.	5.e-002	4.4779e-006
674	19.579	6.	0.1	9.7283e-005
675	18.947	6.	5.e-002	4.2728e-006
676	20.842	6.	0.1	6.9126e-005
677	20.211	6.	5.e-002	3.9718e-006
678	22.105	6.	0.1	4.1904e-005
679	21.474	6.	5.e-002	3.4315e-006
680	23.368	6.	0.1	2.1327e-005
681	22.737	6.	5.e-002	2.9379e-006
682	24.	5.4	0.1	1.6637e-005
683	24.	6.	5.e-002	2.0152e-006
684	24.	4.2	0.1	2.1577e-005
685	24.	4.8	5.e-002	2.1086e-006
686	24.	3.	0.1	2.3888e-005
687	24.	3.6	5.e-002	2.0863e-006
688	24.	1.8	0.1	2.1577e-005
689	24.	2.4	5.e-002	2.0863e-006
690	24.	0.6	0.1	1.6637e-005
691	24.	1.2	5.e-002	2.1086e-006
692	23.368	0.	0.1	2.1327e-005
693	24.	0.	5.e-002	2.0152e-006
694	22.105	0.	0.1	4.1904e-005
695	22.737	0.	5.e-002	2.9379e-006
696	20.842	0.	0.1	6.9126e-005
697	21.474	0.	5.e-002	3.4315e-006
698	19.579	0.	0.1	9.7283e-005
699	20.211	0.	5.e-002	3.9718e-006
700	18.316	0.	0.1	1.2619e-004
701	18.947	0.	5.e-002	4.2728e-006
702	17.053	0.	0.1	1.5597e-004
703	17.684	0.	5.e-002	4.4779e-006
704	15.789	0.	0.1	1.8668e-004
705	16.421	0.	5.e-002	4.6474e-006
706	14.526	0.	0.1	2.1834e-004
707	15.158	0.	5.e-002	4.7973e-006
708	13.263	0.	0.1	2.5096e-004
709	13.895	0.	5.e-002	4.9277e-006
710	12.	0.	0.1	2.8456e-004
711	12.632	0.	5.e-002	5.0328e-006
712	10.737	0.	0.1	3.1916e-004
713	11.368	0.	5.e-002	5.0974e-006
714	9.4737	0.	0.1	3.5481e-004
715	10.105	0.	5.e-002	5.0919e-006
716	8.2105	0.	0.1	3.916e-004
717	8.8421	0.	5.e-002	4.9847e-006
718	6.9474	0.	0.1	4.2976e-004
719	7.5789	0.	5.e-002	4.8083e-006
720	5.6842	0.	0.1	4.6993e-004
721	6.3158	0.	5.e-002	4.4826e-006
722	4.4211	0.	0.1	5.1405e-004
723	5.0526	0.	5.e-002	3.1637e-006
724	3.1579	0.	0.1	5.5772e-004
725	3.7895	0.	5.e-002	3.2396e-006
726	1.8947	0.	0.1	5.719e-004
727	2.5263	0.	5.e-002	1.3627e-005
728	0.63158	0.	0.1	4.2476e-004
729	1.2632	0.	5.e-002	2.0725e-005
730	5.2451e-015	0.6	0.1	3.3716e-004
731	0.	0.	5.e-002	1.5806e-004
732	1.5735e-014	1.8	0.1	4.017e-004
733	1.0632e-014	1.2	5.e-002	2.8607e-005
734	2.6226e-014	3.	0.1	4.1189e-004
735	2.1264e-014	2.4	5.e-002	1.4473e-005
736	3.6716e-014	4.2	0.1	4.017e-004
737	3.1897e-014	3.6	5.e-002	1.4473e-005
738	4.7206e-014	5.4	0.1	3.3716e-004
739	4.2529e-014	4.8	5.e-002	2.8607e-005
740	5.2451e-014	6.	5.e-002	1.5806e-004
741	3.6716e-014	4.2	0.	4.017e-004
742	4.7206e-014	5.4	0.	3.3716e-004
743	2.6226e-014	3.	0.	4.1189e-004
744	1.5735e-014	1.8	0.	4.017e-004
745	5.2451e-015	0.6	0.	3.3716e-004
746	0.63158	6.	0.	4.2476e-004
747	0.63158	0.	0.	4.2476e-004
748	1.8947	0.	0.	5.719e-004
749	3.1579	0.	0.	5.5772e-004
750	4.4211	0.	0.	5.1405e-004
751	5.6842	0.	0.	4.6993e-004
752	6.9474	0.	0.	4.2976e-004
753	8.2105	0.	0.	3.916e-004
754	9.4737	0.	0.	3.5481e-004
755	10.737	0.	0.	3.1916e-004
756	12.	0.	0.	2.8456e-004
757	13.263	0.	0.	2.5096e-004
758	14.526	0.	0.	2.1834e-004
759	15.789	0.	0.	1.8668e-004
760	17.053	0.	0.	1.5597e-004
761	18.316	0.	0.	1.2619e-004
762	19.579	0.	0.	9.7283e-005
763	20.842	0.	0.	6.9126e-005
764	22.105	0.	0.	4.1904e-005
765	23.368	0.	0.	2.1327e-005
766	24.	0.6	0.	1.6637e-005
767	24.	1.8	0.	2.1577e-005
768	24.	3.	0.	2.3888e-005
769	24.	4.2	0.	2.1577e-005
770	24.	5.4	0.	1.6637e-005
771	23.368	6.	0.	2.1327e-005
772	22.105	6.	0.	4.1904e-005
773	20.842	6.	0.	6.9126e-005
774	19.579	6.	0.	9.7283e-005
775	18.316	6.	0.	1.2619e-004
776	17.053	6.	0.	1.5597e-004
777	15.789	6.	0.	1.8668e-004
778	14.526	6.	0.	2.1834e-004
779	13.263	6.	0.	2.5096e-004
780	12.	6.	0.	2.8456e-004
781	10.737	6.	0.	3.1916e-004
782	9.4737	6.	0.	3.5481e-004
783	8.2105	6.	0.	3.916e-004
784	6.9474	6.	0.	4.2976e-004
785	5.6842	6.	0.	4.6993e-004
786	4.4211	6.	0.	5.1405e-004
787	3.1579	6.	0.	5.5772e-004
788	1.8947	6.	0.	5.719e-004
