Node Number	X Location (in)	Y Location (in)	Z Location (in)	Minimum Principal Stress (psi)
1	2.5601	3.9135	0.	-2182.7
2	4.1274	3.3289	0.	-1646.
3	4.4996	2.7374	0.	-1282.8
4	1.8373	0.80502	0.	-1218.
5	1.9353	2.5017	0.	-1596.9
6	4.2479	0.61789	0.	-727.05
7	1.9892	5.0426	0.	-1182.3
8	2.2958	4.2483	0.	-1552.1
9	4.1282	4.5865	0.	-1037.8
10	3.8234	5.0253	0.	-537.02
11	1.134	4.4874	0.	-1241.4
12	5.3662	3.2023	0.	-1065.2
13	4.0484	5.452	0.	-730.13
14	0.90101	2.0672	0.	-1454.3
15	0.89761	1.0263	0.	-1322.
16	5.4207	2.5148	0.	-1033.3
17	0.96212	3.2087	0.	-1464.5
18	5.4233	0.82058	0.	-908.54
19	5.1738	1.4815	0.	-1003.1
20	7.6623	1.1363	0.	-779.01
21	8.858	1.1656	0.	-674.64
22	10.024	1.1867	0.	-574.68
23	11.19	1.1867	0.	-483.72
24	12.354	1.1831	0.	-400.7
25	13.529	1.1865	0.	-325.13
26	14.689	1.1881	0.	-257.73
27	15.856	1.1892	0.	-198.3
28	17.013	1.1918	0.	-146.96
29	18.184	1.1977	0.	-103.11
30	19.351	1.1963	0.	-67.352
31	20.512	1.1957	0.	-39.449
32	21.674	1.1958	0.	-19.341
33	22.836	1.1991	0.	-6.868
34	22.835	2.403	0.	-7.3782
35	22.831	3.6025	0.	-7.428
36	22.835	4.7999	0.	-6.8909
37	21.669	4.8033	0.	-19.433
38	20.506	4.7956	0.	-39.594
39	19.344	4.7914	0.	-67.474
40	18.182	4.7902	0.	-103.22
41	17.02	4.7902	0.	-146.75
42	15.856	4.7838	0.	-198.32
43	14.693	4.7581	0.	-257.58
44	13.526	4.7361	0.	-324.97
45	12.364	4.7419	0.	-400.24
46	11.187	4.7398	0.	-483.59
47	10.023	4.7255	0.	-575.44
48	8.8041	4.7531	0.	-683.37
49	7.4891	4.7163	0.	-807.57
50	6.1176	4.6572	0.	-941.59
51	5.09	5.1696	0.	-908.64
52	6.424	3.4462	0.	-891.11
53	6.0883	2.1847	0.	-926.44
54	7.5331	2.2791	0.	-791.06
55	8.7993	2.3368	0.	-673.58
56	9.9972	2.3633	0.	-573.29
57	11.175	2.3676	0.	-482.99
58	12.349	2.3629	0.	-399.73
59	13.524	2.3705	0.	-324.5
60	14.687	2.3737	0.	-257.24
61	15.852	2.375	0.	-198.15
62	17.013	2.3855	0.	-146.66
63	18.179	2.3964	0.	-103.13
64	19.349	2.3963	0.	-67.348
65	20.51	2.3986	0.	-39.611
66	21.673	2.4016	0.	-19.671
67	21.666	3.5996	0.	-19.781
68	20.504	3.5943	0.	-39.746
69	19.343	3.5906	0.	-67.51
70	18.18	3.5896	0.	-103.1
71	17.014	3.5831	0.	-146.69
72	15.853	3.5782	0.	-198.04
73	14.686	3.5612	0.	-257.45
74	13.52	3.5533	0.	-324.52
75	12.356	3.5386	0.	-399.47
76	11.177	3.5446	0.	-482.41
77	10.004	3.5325	0.	-573.3
78	8.8334	3.521	0.	-672.93
79	7.6386	3.4731	0.	-779.58
80	4.6661	3.9267	0.	-1201.3
81	1.8581	1.6127	0.	-1398.2
82	1.9966	3.4328	0.	-1639.7
83	3.2964	2.8716	0.	-2137.1
84	3.2761	3.4521	0.	-2039.
85	3.2555	3.7056	0.	-1454.5
86	4.1458	1.2253	0.	-853.93
87	4.0068	1.7918	0.	-1178.2
88	3.8131	2.3826	0.	-1639.9
89	3.627	3.0295	0.	-2054.2
90	4.8181	2.1247	0.	-1118.1
91	6.5273	1.0531	0.	-880.95
92	2.8023	3.8606	0.	-3121.7
93	3.0288	3.0555	0.	-2444.8
94	3.0288	3.0555	0.1	-122.19
95	2.8023	3.8606	0.1	-1024.3
96	6.5273	1.0531	0.1	1.1301
97	4.8181	2.1247	0.1	-45.021
98	3.627	3.0295	0.1	-61.839
99	3.8131	2.3826	0.1	34.049
100	4.0068	1.7918	0.1	-14.009
101	4.1458	1.2253	0.1	-133.97
102	3.2555	3.7056	0.1	-647.
103	3.2761	3.4521	0.1	-145.23
104	3.2964	2.8716	0.1	-165.04
105	1.9966	3.4328	0.1	20.401
106	1.8581	1.6127	0.1	80.382
107	4.6661	3.9267	0.1	44.571
108	7.6386	3.4731	0.1	-0.87072
109	8.8334	3.521	0.1	1.2863
110	10.004	3.5325	0.1	0.46128
111	11.177	3.5446	0.1	0.37352
112	12.356	3.5386	0.1	-4.1881
113	13.52	3.5533	0.1	-6.8713
114	14.686	3.5612	0.1	-8.4605
115	15.853	3.5782	0.1	-9.4053
116	17.014	3.5831	0.1	-10.028
117	18.18	3.5896	0.1	-10.32
118	19.343	3.5906	0.1	-10.498
119	20.504	3.5943	0.1	-10.603
120	21.666	3.5996	0.1	-10.694
121	21.673	2.4016	0.1	-10.732
122	20.51	2.3986	0.1	-10.663
123	19.349	2.3963	0.1	-10.508
124	18.179	2.3964	0.1	-10.34
125	17.013	2.3855	0.1	-9.9943
126	15.852	2.375	0.1	-9.4285
127	14.687	2.3737	0.1	-8.543
128	13.524	2.3705	0.1	-6.8594
129	12.349	2.3629	0.1	-4.2016
130	11.175	2.3676	0.1	0.50981
131	9.9972	2.3633	0.1	-0.4986
132	8.7993	2.3368	0.1	2.1508
133	7.5331	2.2791	0.1	-6.7219
134	6.0883	2.1847	0.1	11.495
135	6.424	3.4462	0.1	-2.0472
136	5.09	5.1696	0.1	-21.787
137	6.1176	4.6572	0.1	11.184
138	7.4891	4.7163	0.1	-2.8405
139	8.8041	4.7531	0.1	2.1497
140	10.023	4.7255	0.1	1.3827
141	11.187	4.7398	0.1	-1.2861
142	12.364	4.7419	0.1	-4.0269
143	13.526	4.7361	0.1	-6.2059
144	14.693	4.7581	0.1	-7.3815
145	15.856	4.7838	0.1	-7.9937
146	17.02	4.7902	0.1	-8.3369
147	18.182	4.7902	0.1	-8.5777
148	19.344	4.7914	0.1	-8.6341
149	20.506	4.7956	0.1	-8.5457
150	21.669	4.8033	0.1	-8.2143
151	22.835	4.7999	0.1	-7.6472
152	22.831	3.6025	0.1	-10.666
153	22.835	2.403	0.1	-10.702
154	22.836	1.1991	0.1	-7.6513
155	21.674	1.1958	0.1	-8.2438
156	20.512	1.1957	0.1	-8.5478
157	19.351	1.1963	0.1	-8.6426
158	18.184	1.1977	0.1	-8.5586
159	17.013	1.1918	0.1	-8.3509
160	15.856	1.1892	0.1	-7.959
161	14.689	1.1881	0.1	-7.3067
162	13.529	1.1865	0.1	-5.991
163	12.354	1.1831	0.1	-4.2482
164	11.19	1.1867	0.1	-1.1305
165	10.024	1.1867	0.1	0.83286
166	8.858	1.1656	0.1	2.3481
167	7.6623	1.1363	0.1	-1.3622
168	5.1738	1.4815	0.1	-34.452
169	5.4233	0.82058	0.1	-34.851
170	0.96212	3.2087	0.1	-344.86
171	5.4207	2.5148	0.1	-4.5011
172	0.89761	1.0263	0.1	-317.66
173	0.90101	2.0672	0.1	-341.59
174	4.0484	5.452	0.1	-143.13
175	5.3662	3.2023	0.1	15.839
176	1.134	4.4874	0.1	-284.6
177	3.8234	5.0253	0.1	-186.06
178	4.1282	4.5865	0.1	-201.84
179	2.2958	4.2483	0.1	-73.57
180	1.9892	5.0426	0.1	29.918
181	4.2479	0.61789	0.1	-101.84
182	1.9353	2.5017	0.1	59.474
183	1.8373	0.80502	0.1	69.87
184	4.4996	2.7374	0.1	-6.4664
185	4.1274	3.3289	0.1	4.3087
186	2.5601	3.9135	0.1	-446.6
187	3.0867	5.5	0.1	103.7
188	3.0867	5.	0.1	-267.69
189	3.0867	4.5	0.1	-624.9
190	3.0867	4.	0.1	525.82
191	2.92	4.	0.1	-683.14
192	2.92	4.5	0.1	-1174.8
193	2.92	5.	0.1	-456.43
194	2.92	5.5	0.1	114.88
195	3.0867	0.5	0.1	104.8
196	3.0867	1.	0.1	4.755
197	3.0867	1.5	0.1	-280.79
198	3.0867	2.	0.1	265.52
199	2.92	2.	0.1	230.14
200	2.92	1.5	0.1	17.516
201	2.92	1.	0.1	118.63
202	2.92	0.5	0.1	93.313
203	3.0867	6.	0.1	33.112
204	4.2485	6.	0.1	15.64
205	5.4104	6.	0.1	-29.031
206	6.5722	6.	0.1	-21.212
207	7.7341	6.	0.1	-0.58837
208	8.8959	6.	0.1	2.5226
209	10.058	6.	0.1	0.10074
210	11.22	6.	0.1	-6.0694
211	12.381	6.	0.1	-7.8251
212	13.543	6.	0.1	-9.2447
213	14.705	6.	0.1	-10.154
214	15.867	6.	0.1	-10.571
215	17.029	6.	0.1	-10.532
216	18.191	6.	0.1	-10.649
217	19.353	6.	0.1	-10.575
218	20.514	6.	0.1	-10.234
219	21.676	6.	0.1	-9.3352
220	22.838	6.	0.1	-7.6103
221	24.	6.	0.1	-5.0843
222	24.	4.8	0.1	-6.7286
223	24.	3.6	0.1	-10.074
224	24.	2.4	0.1	-10.077
225	24.	1.2	0.1	-6.7332
226	1.049e-014	1.2	0.1	964.75
227	2.0981e-014	2.4	0.1	1008.9
228	3.1471e-014	3.6	0.1	1047.5
229	4.1961e-014	4.8	0.1	990.74
230	24.	0.	0.1	-5.0776
231	22.838	0.	0.1	-7.6249
232	21.676	0.	0.1	-9.2783
233	20.514	0.	0.1	-10.11
234	19.353	0.	0.1	-10.403
235	18.191	0.	0.1	-10.547
236	17.029	0.	0.1	-10.756
237	15.867	0.	0.1	-10.339
238	14.705	0.	0.1	-9.9695
239	13.543	0.	0.1	-8.9753
240	12.381	0.	0.1	-8.0908
241	11.22	0.	0.1	-5.8514
242	10.058	0.	0.1	-1.0465
243	8.8959	0.	0.1	-0.29154
244	7.7341	0.	0.1	3.6456
245	6.5722	0.	0.1	1.9727
246	5.4104	0.	0.1	-36.604
247	4.2485	0.	0.1	-61.48
248	3.0867	0.	0.1	84.212
249	2.92	0.	0.1	119.15
250	1.9467	2.022e-031	0.1	-7.0635
251	0.97333	1.011e-031	0.1	-231.1
252	0.	0.	0.1	611.33
253	3.937e-014	6.	0.1	593.8
254	0.97333	6.	0.1	-202.23
255	1.9467	6.	0.1	-9.0168
256	2.92	6.	0.1	69.819
257	1.9467	6.	0.	-1033.
258	0.97333	6.	0.	-1102.7
259	2.92	6.	0.	-719.61
260	3.937e-014	6.	0.	-1339.5
261	0.97333	1.011e-031	0.	-1298.9
262	1.9467	2.022e-031	0.	-1120.1
263	2.92	0.	0.	-801.19
264	0.	0.	0.	-1399.7
265	4.2485	0.	0.	-647.18
266	5.4104	0.	0.	-875.44
267	6.5722	0.	0.	-881.33
268	7.7341	0.	0.	-783.15
269	8.8959	0.	0.	-680.29
270	10.058	0.	0.	-577.04
271	11.22	0.	0.	-484.01
272	12.381	0.	0.	-399.66
273	13.543	0.	0.	-323.96
274	14.705	0.	0.	-256.26
275	15.867	0.	0.	-196.82
276	17.029	0.	0.	-145.06
277	18.191	0.	0.	-101.56
278	19.353	0.	0.	-65.838
279	20.514	0.	0.	-37.763
280	21.676	0.	0.	-17.343
281	22.838	0.	0.	-4.5324
282	3.0867	0.	0.	-516.85
283	24.	0.	0.	0.23136
284	4.1961e-014	4.8	0.	-2012.8
285	3.1471e-014	3.6	0.	-2137.5
286	2.0981e-014	2.4	0.	-2045.7
287	1.049e-014	1.2	0.	-1972.4
288	24.	1.2	0.	-2.3107
289	24.	2.4	0.	-3.2222
290	24.	3.6	0.	-3.2287
291	24.	4.8	0.	-2.3139
292	24.	6.	0.	0.22704
293	22.838	6.	0.	-4.5178
294	21.676	6.	0.	-17.357
295	20.514	6.	0.	-37.698
296	19.353	6.	0.	-65.718
297	18.191	6.	0.	-101.49
298	17.029	6.	0.	-145.23
299	15.867	6.	0.	-196.87
300	14.705	6.	0.	-256.4
301	13.543	6.	0.	-323.79
302	12.381	6.	0.	-399.86
303	11.22	6.	0.	-484.26
304	10.058	6.	0.	-579.51
305	8.8959	6.	0.	-684.64
306	7.7341	6.	0.	-795.94
307	6.5722	6.	0.	-885.42
308	5.4104	6.	0.	-868.21
309	4.2485	6.	0.	-683.72
310	3.0867	6.	0.	-511.84
311	2.92	1.5	0.	-3070.6
312	2.92	1.	0.	-2093.
313	2.92	0.5	0.	-1296.6
314	2.92	2.	0.	-4305.8
315	3.0867	0.5	0.	-735.98
316	3.0867	1.	0.	-1241.7
317	3.0867	1.5	0.	-2037.6
318	3.0867	2.	0.	-4218.5
319	2.92	4.5	0.	-1349.4
320	2.92	5.	0.	-759.52
321	2.92	5.5	0.	-677.76
322	2.92	4.	0.	-6180.2
323	3.0867	5.5	0.	-462.93
324	3.0867	5.	0.	-961.01
325	3.0867	4.5	0.	-1437.
326	3.0867	4.	0.	-4878.3
327	2.4279	4.0809	0.	-1853.6
328	2.6812	3.8871	0.	-2643.1
329	2.5601	3.9135	5.e-002	-223.15
330	2.74	2.9567	0.	-3125.2
331	2.74	4.2067	0.	-1449.9
332	4.3135	3.0332	0.	-1464.1
333	4.3968	3.6278	0.	-1423.6
334	3.6915	3.5173	0.	-1539.2
335	3.8772	3.1792	0.	-1848.9
336	4.1274	3.3289	5.e-002	-25.023
337	4.9329	2.9698	0.	-1174.
338	4.1564	2.56	0.	-1458.5
339	4.6589	2.4311	0.	-1200.4
340	4.4996	2.7374	5.e-002	-33.487
341	1.3674	0.91566	0.	-1268.5
342	1.8477	1.2089	0.	-1307.3
343	1.8373	0.80502	5.e-002	-30.231
344	1.892	0.40251	0.	-1168.7
345	2.3786	0.65251	0.	-1233.6
346	1.4487	2.8552	0.	-1527.6
347	1.8967	2.0572	0.	-1496.7
348	1.9659	2.9672	0.	-1609.5
349	1.9353	2.5017	5.e-002	-9.2848
350	2.4277	2.0008	0.	-2313.8
351	4.8356	0.71924	0.	-812.83
352	4.1969	0.92158	0.	-790.46
353	4.2479	0.61789	5.e-002	-22.625
354	4.2482	0.30894	0.	-686.43
355	3.6673	0.55894	0.	-708.19
356	2.1425	4.6455	0.	-1365.
357	1.5616	4.765	0.	-1201.3
358	1.9892	5.0426	5.e-002	-22.324
359	1.9679	5.5213	0.	-1107.4
360	2.4546	5.2713	0.	-895.92
361	2.1462	3.8406	0.	-1553.1
362	2.2958	4.2483	5.e-002	-54.265
363	2.6079	4.6242	0.	-1070.2
364	3.9758	4.8059	0.	-771.57
365	4.6091	4.878	0.	-972.29
366	4.3971	4.2566	0.	-1116.5
367	4.1282	4.5865	5.e-002	-79.86
368	3.6074	4.5432	0.	-1110.6
369	3.9359	5.2386	0.	-632.62
370	3.8234	5.0253	5.e-002	-23.216
371	3.4551	5.0126	0.	-719.75
372	1.0481	3.8481	0.	-1348.8
373	1.5653	3.9601	0.	-1439.3
374	1.134	4.4874	5.e-002	-33.303
375	1.0537	5.2437	0.	-1168.3
376	0.56699	4.6437	0.	-1621.6
377	5.3934	2.8585	0.	-1048.8
378	5.8951	3.3243	0.	-978.07
379	5.0161	3.5645	0.	-1133.1
380	5.3662	3.2023	5.e-002	-12.926
381	4.5692	5.3108	0.	-804.93
382	4.0484	5.452	5.e-002	-43.139
383	4.1484	5.726	0.	-702.8
384	3.5675	5.476	0.	-589.66
385	0.89931	1.5468	0.	-1386.6
386	0.93157	2.638	0.	-1458.3
387	1.3796	1.84	0.	-1423.7
388	0.90101	2.0672	5.e-002	-10.531
389	0.45051	2.2336	0.	-1749.5
390	0.89761	1.0263	5.e-002	-22.062
391	0.93547	0.51315	0.	-1305.8
392	0.44881	1.1131	0.	-1643.4
393	5.7545	2.3498	0.	-979.82
394	5.1194	2.3198	0.	-1075.4
395	5.4207	2.5148	5.e-002	-8.076
396	0.96212	3.2087	5.e-002	-26.571
397	0.48106	3.4044	0.	-1800.3
398	5.2986	1.151	0.	-955.83
399	5.9753	0.93685	0.	-894.74
400	5.4233	0.82058	5.e-002	-3.4426
401	5.4168	0.41029	0.	-891.96
402	5.6311	1.8331	0.	-964.75
403	4.6598	1.3534	0.	-922.
404	4.996	1.8031	0.	-1060.6
405	5.1738	1.4815	5.e-002	-7.9331
406	8.2602	1.1509	0.	-726.74
407	7.5977	1.7077	0.	-785.03
408	7.0948	1.0947	0.	-829.98
409	7.6623	1.1363	5.e-002	-4.0566
410	7.6982	0.56813	0.	-780.89
411	9.441	1.1761	0.	-624.63
412	8.8286	1.7512	0.	-674.03
413	8.858	1.1656	5.e-002	-3.3438
414	8.877	0.5828	0.	-677.28
415	10.607	1.1867	0.	-529.19
416	10.011	1.775	0.	-573.85
417	10.024	1.1867	5.e-002	-4.1981
418	10.041	0.59333	0.	-575.68
419	11.772	1.1849	0.	-442.2
420	11.183	1.7772	0.	-483.19
421	11.19	1.1867	5.e-002	-3.6275
422	11.205	0.59337	0.	-483.67
423	12.941	1.1848	0.	-362.91
424	12.352	1.773	0.	-400.02
425	12.354	1.1831	5.e-002	-3.4004
426	12.368	0.59155	0.	-399.97
427	14.109	1.1873	0.	-291.42
428	13.526	1.7785	0.	-324.6
429	13.529	1.1865	5.e-002	-3.0432
430	13.536	0.59323	0.	-324.32
431	15.273	1.1887	0.	-228.
432	14.688	1.7809	0.	-257.26
433	14.689	1.1881	5.e-002	-2.7296
434	14.697	0.59405	0.	-256.77
435	16.435	1.1905	0.	-172.62
436	15.854	1.7821	0.	-197.99
437	15.856	1.1892	5.e-002	-2.3857
438	15.862	0.59462	0.	-197.33
439	17.599	1.1948	0.	-125.02
440	17.013	1.7887	0.	-146.57
441	17.013	1.1918	5.e-002	-2.0505
442	17.021	0.59591	0.	-145.77
443	18.767	1.197	0.	-85.216
444	18.182	1.797	0.	-102.88
445	18.184	1.1977	5.e-002	-1.6911
446	18.188	0.59885	0.	-102.1
447	19.932	1.196	0.	-53.385
448	19.35	1.7963	0.	-67.119
449	19.351	1.1963	5.e-002	-1.3695
450	19.352	0.59813	0.	-66.357
451	21.093	1.1957	0.	-29.384
452	20.511	1.7972	0.	-39.31
453	20.512	1.1957	5.e-002	-1.0369
454	20.513	0.59785	0.	-38.364
455	22.255	1.1974	0.	-13.103
456	21.673	1.7987	0.	-19.318
457	21.674	1.1958	5.e-002	-0.70682
458	21.675	0.59789	0.	-18.097
459	22.835	1.8011	0.	-7.0052
460	22.836	1.1991	5.e-002	-0.46142
461	22.837	0.59956	0.	-5.4758
462	23.418	1.1996	0.	-4.5446
463	22.833	3.0028	0.	-7.3359
464	22.254	2.4023	0.	-13.522
465	22.835	2.403	5.e-002	-0.44105
466	23.418	2.4015	0.	-5.2887
467	22.833	4.2012	0.	-7.0419
468	22.249	3.6011	0.	-13.602
469	22.831	3.6025	5.e-002	-0.44328
470	23.415	3.6013	0.	-5.317
471	22.252	4.8016	0.	-13.161
472	22.835	4.7999	5.e-002	-0.46307
473	23.417	4.8	0.	-4.5569
474	22.837	5.4	0.	-5.4818
475	21.087	4.7994	0.	-29.502
476	21.668	4.2014	0.	-19.421
477	21.669	4.8033	5.e-002	-0.71295
478	21.673	5.4016	0.	-18.147
479	19.925	4.7935	0.	-53.518
480	20.505	4.1949	0.	-39.451
481	20.506	4.7956	5.e-002	-1.0397
482	20.51	5.3978	0.	-38.402
483	18.763	4.7908	0.	-85.331
484	19.344	4.191	0.	-67.26
485	19.344	4.7914	5.e-002	-1.3734
486	19.349	5.3957	0.	-66.355
487	17.601	4.7902	0.	-124.97
488	18.181	4.1899	0.	-102.92
489	18.182	4.7902	5.e-002	-1.7183
490	18.186	5.3951	0.	-102.12
491	16.438	4.787	0.	-172.53
492	17.017	4.1867	0.	-146.48
493	17.02	4.7902	5.e-002	-2.0516
494	17.025	5.3951	0.	-145.75
495	15.274	4.7709	0.	-227.94
496	15.854	4.181	0.	-197.94
497	15.856	4.7838	5.e-002	-2.3914
498	15.861	5.3919	0.	-197.35
499	14.11	4.7471	0.	-291.26
500	14.69	4.1597	0.	-257.29
501	14.693	4.7581	5.e-002	-2.7478
502	14.699	5.379	0.	-256.75
503	12.945	4.739	0.	-362.59
504	13.523	4.1447	0.	-324.53
505	13.526	4.7361	5.e-002	-3.1019
506	13.535	5.368	0.	-324.14
507	11.776	4.7408	0.	-441.9
508	12.36	4.1403	0.	-399.67
509	12.364	4.7419	5.e-002	-3.3507
510	12.373	5.371	0.	-399.8
511	10.605	4.7327	0.	-529.5
512	11.182	4.1422	0.	-482.83
513	11.187	4.7398	5.e-002	-3.7114
514	11.204	5.3699	0.	-483.69
515	9.4138	4.7393	0.	-629.38
516	10.014	4.129	0.	-574.23
517	10.023	4.7255	5.e-002	-3.8357
518	10.041	5.3628	0.	-577.3
519	8.1466	4.7347	0.	-745.4
520	8.8188	4.137	0.	-678.07
521	8.8041	4.7531	5.e-002	-4.1223
522	8.85	5.3765	0.	-683.89
523	6.8033	4.6868	0.	-874.48
524	7.5638	4.0947	0.	-793.53
525	7.4891	4.7163	5.e-002	-4.5534
526	7.6116	5.3582	0.	-801.6
527	5.6038	4.9134	0.	-924.73
528	6.2708	4.0517	0.	-916.34
529	5.3919	4.292	0.	-1071.4
530	6.1176	4.6572	5.e-002	-5.0606
531	6.3449	5.3286	0.	-912.95
532	5.09	5.1696	5.e-002	-17.762
533	5.2502	5.5848	0.	-888.31
534	6.2562	2.8155	0.	-908.73
535	7.0313	3.4597	0.	-835.34
536	6.424	3.4462	5.e-002	-4.5931
537	6.8107	2.2319	0.	-858.7
538	6.3078	1.6189	0.	-903.62
539	6.0883	2.1847	5.e-002	-4.2072
540	8.1662	2.3079	0.	-732.32
541	7.5858	2.8761	0.	-785.31
542	7.5331	2.2791	5.e-002	-4.0263
543	9.3982	2.3501	0.	-623.43
544	8.8163	2.9289	0.	-673.2
545	8.7993	2.3368	5.e-002	-2.4892
546	10.586	2.3655	0.	-528.14
547	10.001	2.9479	0.	-573.2
548	9.9972	2.3633	5.e-002	-4.3092
549	11.762	2.3652	0.	-441.36
550	11.176	2.9561	0.	-482.56
551	11.175	2.3676	5.e-002	-3.6056
552	12.937	2.3667	0.	-362.11
553	12.353	2.9508	0.	-399.42
554	12.349	2.3629	5.e-002	-3.3743
555	14.106	2.3721	0.	-290.87
556	13.522	2.9619	0.	-324.32
557	13.524	2.3705	5.e-002	-3.066
558	15.269	2.3744	0.	-227.7
559	14.686	2.9675	0.	-257.13
560	14.687	2.3737	5.e-002	-2.7413
561	16.432	2.3803	0.	-172.4
562	15.852	2.9766	0.	-197.88
563	15.852	2.375	5.e-002	-2.381
564	17.596	2.391	0.	-124.89
565	17.014	2.9843	0.	-146.45
566	17.013	2.3855	5.e-002	-2.0624
567	18.764	2.3964	0.	-85.235
568	18.18	2.993	0.	-102.9
569	18.179	2.3964	5.e-002	-1.7316
570	19.929	2.3975	0.	-53.478
571	19.346	2.9934	0.	-67.227
572	19.349	2.3963	5.e-002	-1.3829
573	21.091	2.4001	0.	-29.64
574	20.507	2.9965	0.	-39.5
575	20.51	2.3986	5.e-002	-1.0457
576	21.67	3.0006	0.	-19.591
577	21.673	2.4016	5.e-002	-0.70577
578	21.085	3.597	0.	-29.762
579	21.666	3.5996	5.e-002	-0.71138
580	19.924	3.5924	0.	-53.626
581	20.504	3.5943	5.e-002	-1.044
582	18.761	3.5901	0.	-85.304
583	19.343	3.5906	5.e-002	-1.3943
584	17.597	3.5863	0.	-124.89
585	18.18	3.5896	5.e-002	-1.7405
586	16.434	3.5807	0.	-172.36
587	17.014	3.5831	5.e-002	-2.044
588	15.269	3.5697	0.	-227.74
589	15.853	3.5782	5.e-002	-2.3485
590	14.103	3.5573	0.	-290.99
591	14.686	3.5612	5.e-002	-2.7375
592	12.938	3.546	0.	-362.
593	13.52	3.5533	5.e-002	-3.1278
594	11.767	3.5416	0.	-440.94
595	12.356	3.5386	5.e-002	-3.3849
596	10.591	3.5386	0.	-527.86
597	11.177	3.5446	5.e-002	-3.6666
598	9.4189	3.5268	0.	-623.11
599	10.004	3.5325	5.e-002	-4.0402
600	8.236	3.497	0.	-726.23
601	8.8334	3.521	5.e-002	-3.7906
602	7.6386	3.4731	5.e-002	-1.7238
603	4.6661	3.9267	5.e-002	-15.732
604	3.8764	3.9634	0.	-2977.8
605	1.8581	1.6127	5.e-002	-25.378
606	2.3891	1.3064	0.	-1720.8
607	1.9966	3.4328	5.e-002	-22.946
608	2.4583	2.7164	0.	-2950.1
609	3.4617	2.9505	0.	-2095.5
610	3.1626	2.9635	0.	-2288.6
611	3.2964	2.8716	5.e-002	-51.994
612	3.1915	2.4358	0.	-3165.5
613	3.2658	3.5789	0.	-1735.
614	3.4516	3.2408	0.	-2019.5
615	3.1525	3.2538	0.	-2226.8
616	3.2761	3.4521	5.e-002	-193.07
617	3.0981	3.7261	0.	-4035.7
618	3.2555	3.7056	5.e-002	-165.5
619	3.1711	3.8528	0.	-3125.3
620	4.0763	1.5085	0.	-1014.9
621	4.1458	1.2253	5.e-002	-25.599
622	3.6162	1.1126	0.	-1000.3
623	3.9099	2.0872	0.	-1409.
624	4.4125	1.9583	0.	-1145.8
625	4.0068	1.7918	5.e-002	-41.823
626	3.5467	1.6459	0.	-1543.6
627	3.72	2.706	0.	-1845.7
628	3.8131	2.3826	5.e-002	-22.816
629	3.4499	2.1913	0.	-2927.
630	3.627	3.0295	5.e-002	-98.907
631	4.8181	2.1247	5.e-002	-10.29
632	6.5273	1.0531	5.e-002	-4.9355
633	6.5498	0.52656	0.	-881.06
634	2.9155	3.4581	0.	-2750.3
635	2.8023	3.8606	5.e-002	-139.89
636	2.8611	3.9303	0.	-4637.
637	3.0288	3.0555	5.e-002	-105.4
638	2.9744	2.5278	0.	-3366.2
639	2.9155	3.4581	0.1	-495.85
640	3.1525	3.2538	0.1	-91.126
641	3.1626	2.9635	0.1	-133.75
642	2.9744	2.5278	0.1	63.341
643	2.6812	3.8871	0.1	-728.72
644	2.8611	3.9303	0.1	-668.77
645	6.3078	1.6189	0.1	6.315
646	7.0948	1.0947	0.1	-0.10068
647	5.9753	0.93685	0.1	-16.569
648	6.5498	0.52656	0.1	1.7487
649	4.4125	1.9583	0.1	-14.276
650	4.996	1.8031	0.1	-39.514
651	5.1194	2.3198	0.1	-24.598
652	4.6589	2.4311	0.1	-24.852
653	3.72	2.706	0.1	2.6399
654	3.4516	3.2408	0.1	-90.953
655	3.4617	2.9505	0.1	-105.8
656	3.8772	3.1792	0.1	-17.242
657	3.9099	2.0872	0.1	24.62
658	4.1564	2.56	0.1	16.101
659	3.4499	2.1913	0.1	150.03
660	4.0763	1.5085	0.1	-58.354
661	3.5467	1.6459	0.1	-65.677
662	4.6598	1.3534	0.1	-33.989
663	4.1969	0.92158	0.1	-117.8
664	3.6162	1.1126	0.1	-15.558
665	3.2658	3.5789	0.1	-369.24
666	3.6915	3.5173	0.1	-183.41
667	3.1711	3.8528	0.1	19.188
668	3.0981	3.7261	0.1	-246.68
669	3.1915	2.4358	0.1	54.399
670	1.5653	3.9601	0.1	-131.29
671	2.1462	3.8406	0.1	-13.063
672	1.9659	2.9672	0.1	41.448
673	2.4583	2.7164	0.1	125.7
674	1.3796	1.84	0.1	-130.03
675	1.8967	2.0572	0.1	70.187
676	1.8477	1.2089	0.1	77.796
677	2.3891	1.3064	0.1	101.56
678	5.3919	4.292	0.1	28.476
679	5.0161	3.5645	0.1	30.44
680	4.3971	4.2566	0.1	-28.674
681	4.3968	3.6278	0.1	24.723
682	3.8764	3.9634	0.1	399.59
683	8.236	3.497	0.1	0.25518
684	7.5858	2.8761	0.1	-3.7705
685	7.0313	3.4597	0.1	-1.4576
686	7.5638	4.0947	0.1	-1.8307
687	9.4189	3.5268	0.1	0.88532
688	8.8163	2.9289	0.1	1.7396
689	8.8188	4.137	0.1	1.7309
690	10.591	3.5386	0.1	0.56559
691	10.001	2.9479	0.1	-1.8494e-002
692	10.014	4.129	0.1	0.9223
693	11.767	3.5416	0.1	-1.8848
694	11.176	2.9561	0.1	0.64261
695	11.182	4.1422	0.1	-0.27735
696	12.938	3.546	0.1	-5.5284
697	12.353	2.9508	0.1	-4.0092
698	12.36	4.1403	0.1	-3.9146
699	14.103	3.5573	0.1	-7.6644
700	13.522	2.9619	0.1	-6.6663
701	13.523	4.1447	0.1	-6.3189
702	15.269	3.5697	0.1	-8.9315
703	14.686	2.9675	0.1	-8.2824
704	14.69	4.1597	0.1	-7.6936
705	16.434	3.5807	0.1	-9.7152
706	15.852	2.9766	0.1	-9.1926
707	15.854	4.181	0.1	-8.4608
708	17.597	3.5863	0.1	-10.173
709	17.014	2.9843	0.1	-9.784
710	17.017	4.1867	0.1	-8.9402
711	18.761	3.5901	0.1	-10.408
712	18.18	2.993	0.1	-10.111
713	18.181	4.1899	0.1	-9.2077
714	19.924	3.5924	0.1	-10.55
715	19.346	2.9934	0.1	-10.298
716	19.344	4.191	0.1	-9.3313
717	21.085	3.597	0.1	-10.648
718	20.507	2.9965	0.1	-10.452
719	20.505	4.1949	0.1	-9.3539
720	21.67	3.0006	0.1	-10.575
721	21.668	4.2014	0.1	-9.2655
722	22.249	3.6011	0.1	-10.68
723	21.091	2.4001	0.1	-10.697
724	22.254	2.4023	0.1	-10.717
725	21.673	1.7987	0.1	-9.297
726	19.929	2.3975	0.1	-10.584
727	20.511	1.7972	0.1	-9.3831
728	18.764	2.3964	0.1	-10.423
729	19.35	1.7963	0.1	-9.3413
730	17.596	2.391	0.1	-10.166
731	18.182	1.797	0.1	-9.2116
732	16.432	2.3803	0.1	-9.7101
733	17.013	1.7887	0.1	-8.9358
734	15.269	2.3744	0.1	-8.9849
735	15.854	1.7821	0.1	-8.4558
736	14.106	2.3721	0.1	-7.7001
737	14.688	1.7809	0.1	-7.7001
738	12.937	2.3667	0.1	-5.5293
739	13.526	1.7785	0.1	-6.2113
740	11.762	2.3652	0.1	-1.8131
741	12.352	1.773	0.1	-4.0292
742	10.586	2.3655	0.1	0.26107
743	11.183	1.7772	0.1	-0.14013
744	9.3982	2.3501	0.1	0.82853
745	10.011	1.775	0.1	0.19278
746	8.1662	2.3079	0.1	-2.2798
747	8.8286	1.7512	0.1	2.263
748	6.8107	2.2319	0.1	2.393
749	7.5977	1.7077	0.1	-4.0354
750	6.2562	2.8155	0.1	4.8191
751	5.6311	1.8331	0.1	-11.138
752	5.7545	2.3498	0.1	3.5046
753	6.2708	4.0517	0.1	4.6426
754	5.8951	3.3243	0.1	6.9868
755	5.6038	4.9134	0.1	-5.1065
756	4.5692	5.3108	0.1	-32.669
757	4.6091	4.878	0.1	-73.737
758	5.2502	5.5848	0.1	-10.195
759	6.8033	4.6868	0.1	4.1868
760	6.3449	5.3286	0.1	-2.366
761	8.1466	4.7347	0.1	-0.30952
762	7.6116	5.3582	0.1	-1.5808
763	9.4138	4.7393	0.1	1.7673
764	8.85	5.3765	0.1	2.3412
765	10.605	4.7327	0.1	1.095
766	10.041	5.3628	0.1	1.3213
767	11.776	4.7408	0.1	-2.6449
768	11.204	5.3699	0.1	-3.4468
769	12.945	4.739	0.1	-5.1051
770	12.373	5.371	0.1	-5.6791
771	14.11	4.7471	0.1	-6.7841
772	13.535	5.368	0.1	-7.4865
773	15.274	4.7709	0.1	-7.6761
774	14.699	5.379	0.1	-8.523
775	16.438	4.787	0.1	-8.1535
776	15.861	5.3919	0.1	-9.0315
777	17.601	4.7902	0.1	-8.4443
778	17.025	5.3951	0.1	-9.1909
779	18.763	4.7908	0.1	-8.5915
780	18.186	5.3951	0.1	-9.3722
781	19.925	4.7935	0.1	-8.5744
782	19.349	5.3957	0.1	-9.3616
783	21.087	4.7994	0.1	-8.3691
784	20.51	5.3978	0.1	-9.1439
785	22.252	4.8016	0.1	-7.9306
786	21.673	5.4016	0.1	-8.5255
787	22.833	4.2012	0.1	-9.0362
788	22.837	5.4	0.1	-7.4041
789	23.417	4.8	0.1	-7.1492
790	22.833	3.0028	0.1	-10.614
791	23.415	3.6013	0.1	-10.367
792	22.835	1.8011	0.1	-9.0559
793	23.418	2.4015	0.1	-10.386
794	22.255	1.1974	0.1	-7.9474
795	23.418	1.1996	0.1	-7.1544
796	22.837	0.59956	0.1	-7.4119
797	21.093	1.1957	0.1	-8.3853
798	21.675	0.59789	0.1	-8.5141
799	19.932	1.196	0.1	-8.5796
800	20.513	0.59785	0.1	-9.0852
801	18.767	1.197	0.1	-8.5856
802	19.352	0.59813	0.1	-9.2821
803	17.599	1.1948	0.1	-8.4424
804	18.188	0.59885	0.1	-9.3165
805	16.435	1.1905	0.1	-8.1447
806	17.021	0.59591	0.1	-9.3161
807	15.273	1.1887	0.1	-7.6226
808	15.862	0.59462	0.1	-8.9199
809	14.109	1.1873	0.1	-6.6392
810	14.697	0.59405	0.1	-8.4122
811	12.941	1.1848	0.1	-5.11
812	13.536	0.59323	0.1	-7.2653
813	11.772	1.1849	0.1	-2.6715
814	12.368	0.59155	0.1	-5.9558
815	10.607	1.1867	0.1	0.64565
816	11.205	0.59337	0.1	-3.289
817	9.441	1.1761	0.1	1.6412
818	10.041	0.59333	0.1	0.91179
819	8.2602	1.1509	0.1	0.50763
820	8.877	0.5828	0.1	1.0444
821	7.6982	0.56813	0.1	1.7144
822	5.2986	1.151	0.1	-34.574
823	4.8356	0.71924	0.1	-54.456
824	5.4168	0.41029	0.1	-34.61
825	0.93157	2.638	0.1	-343.18
826	1.0481	3.8481	0.1	-314.59
827	1.4487	2.8552	0.1	-142.56
828	0.48106	3.4044	0.1	354.76
829	5.3934	2.8585	0.1	5.7404
830	0.89931	1.5468	0.1	-329.47
831	1.3674	0.91566	0.1	-120.31
832	0.44881	1.1131	0.1	327.03
833	0.93547	0.51315	0.1	-273.99
834	0.45051	2.2336	0.1	333.81
835	3.9359	5.2386	0.1	-163.87
836	3.5675	5.476	0.1	27.267
837	4.1484	5.726	0.1	-59.69
838	4.9329	2.9698	0.1	5.1045
839	1.5616	4.765	0.1	-122.16
840	0.56699	4.6437	0.1	354.08
841	1.0537	5.2437	0.1	-243.19
842	3.9758	4.8059	0.1	-169.2
843	3.4551	5.0126	0.1	-200.05
844	3.6074	4.5432	0.1	-274.12
845	2.1425	4.6455	0.1	-21.506
846	2.4279	4.0809	0.1	-234.24
847	2.6079	4.6242	0.1	-157.87
848	2.4546	5.2713	0.1	93.671
849	1.9679	5.5213	0.1	20.637
850	3.6673	0.55894	0.1	45.565
851	4.2482	0.30894	0.1	-80.543
852	2.4277	2.0008	0.1	41.045
853	2.3786	0.65251	0.1	89.312
854	1.892	0.40251	0.1	51.834
855	4.3135	3.0332	0.1	-5.4418e-005
856	2.74	4.2067	0.1	-532.55
857	2.74	2.9567	0.1	128.79
858	3.0867	5.25	0.1	-37.586
859	3.0867	5.75	0.1	71.509
860	3.0867	5.5	5.e-002	-31.049
861	3.0867	4.75	0.1	-439.59
862	3.0867	5.	5.e-002	-154.25
863	3.0867	4.25	0.1	15.322
864	3.0867	4.5	5.e-002	-132.6
865	3.0033	4.	0.1	82.884
866	3.0867	4.	5.e-002	-348.47
867	2.92	4.25	0.1	-463.36
868	2.92	4.	5.e-002	-820.26
869	2.92	4.75	0.1	-813.18
870	2.92	4.5	5.e-002	-339.46
871	2.92	5.25	0.1	-166.75
872	2.92	5.	5.e-002	-74.292
873	2.92	5.75	0.1	113.24
874	2.92	5.5	5.e-002	-35.292
875	3.0867	0.75	0.1	74.687
876	3.0867	0.25	0.1	96.808
877	3.0867	0.5	5.e-002	-43.949
878	3.0867	1.25	0.1	-127.29
879	3.0867	1.	5.e-002	-89.031
880	3.0867	1.75	0.1	202.1
881	3.0867	1.5	5.e-002	-165.46
882	3.0033	2.	0.1	251.49
883	3.0867	2.	5.e-002	-32.938
884	2.92	1.75	0.1	130.3
885	2.92	2.	5.e-002	-81.566
886	2.92	1.25	0.1	68.465
887	2.92	1.5	5.e-002	-163.03
888	2.92	0.75	0.1	110.
889	2.92	1.	5.e-002	-116.08
890	2.92	0.25	0.1	110.85
891	2.92	0.5	5.e-002	-83.969
892	3.6676	6.	0.1	40.602
893	3.0867	6.	5.e-002	-44.443
894	4.8294	6.	0.1	-3.4239
895	4.2485	6.	5.e-002	-11.956
896	5.9913	6.	0.1	-24.361
897	5.4104	6.	5.e-002	-9.0195
898	7.1531	6.	0.1	-8.6334
899	6.5722	6.	5.e-002	-14.373
900	8.315	6.	0.1	0.97308
901	7.7341	6.	5.e-002	-10.218
902	9.4769	6.	0.1	1.9373
903	8.8959	6.	5.e-002	-7.7126
904	10.639	6.	0.1	-2.8517
905	10.058	6.	5.e-002	-7.4192
906	11.801	6.	0.1	-6.9196
907	11.22	6.	5.e-002	-7.5194
908	12.962	6.	0.1	-8.5146
909	12.381	6.	5.e-002	-6.9601
910	14.124	6.	0.1	-9.6741
911	13.543	6.	5.e-002	-6.3117
912	15.286	6.	0.1	-10.332
913	14.705	6.	5.e-002	-5.7616
914	16.448	6.	0.1	-10.523
915	15.867	6.	5.e-002	-5.2687
916	17.61	6.	0.1	-10.554
917	17.029	6.	5.e-002	-4.5107
918	18.772	6.	0.1	-10.566
919	18.191	6.	5.e-002	-3.7333
920	19.934	6.	0.1	-10.347
921	19.353	6.	5.e-002	-2.9698
922	21.095	6.	0.1	-9.7242
923	20.514	6.	5.e-002	-2.242
924	22.257	6.	0.1	-8.4486
925	21.676	6.	5.e-002	-1.4923
926	23.419	6.	0.1	-6.3209
927	22.838	6.	5.e-002	-0.80975
928	24.	5.4	0.1	-5.8072
929	24.	6.	5.e-002	-0.16686
930	24.	4.2	0.1	-8.3819
931	24.	4.8	5.e-002	-0.31163
932	24.	3.	0.1	-10.062
933	24.	3.6	5.e-002	-0.33107
934	24.	1.8	0.1	-8.3851
935	24.	2.4	5.e-002	-0.33177
936	24.	0.6	0.1	-5.8055
937	24.	1.2	5.e-002	-0.31151
938	1.5735e-014	1.8	0.1	988.07
939	5.2451e-015	0.6	0.1	808.21
940	1.0632e-014	1.2	5.e-002	-39.048
941	2.6226e-014	3.	0.1	1028.9
942	2.1264e-014	2.4	5.e-002	-16.511
943	3.6716e-014	4.2	0.1	1019.3
944	3.1897e-014	3.6	5.e-002	-21.309
945	4.7206e-014	5.4	0.1	804.65
946	4.2529e-014	4.8	5.e-002	-7.4406
947	23.419	0.	0.1	-6.3252
948	24.	0.	5.e-002	-0.16809
949	22.257	0.	0.1	-8.4272
950	22.838	0.	5.e-002	-0.80852
951	21.095	0.	0.1	-9.6351
952	21.676	0.	5.e-002	-1.4835
953	19.934	0.	0.1	-10.198
954	20.514	0.	5.e-002	-2.2499
955	18.772	0.	0.1	-10.426
956	19.353	0.	5.e-002	-3.0015
957	17.61	0.	0.1	-10.616
958	18.191	0.	5.e-002	-3.7142
959	16.448	0.	0.1	-10.516
960	17.029	0.	5.e-002	-4.5061
961	15.286	0.	0.1	-10.127
962	15.867	0.	5.e-002	-5.2294
963	14.124	0.	0.1	-9.4478
964	14.705	0.	5.e-002	-5.9227
965	12.962	0.	0.1	-8.5112
966	13.543	0.	5.e-002	-6.594
967	11.801	0.	0.1	-6.9427
968	12.381	0.	5.e-002	-7.3082
969	10.639	0.	0.1	-3.397
970	11.22	0.	5.e-002	-7.6563
971	9.4769	0.	0.1	0.53807
972	10.058	0.	5.e-002	-8.2247
973	8.315	0.	0.1	1.9637
974	8.8959	0.	5.e-002	-9.2345
975	7.1531	0.	0.1	2.892
976	7.7341	0.	5.e-002	-7.6146
977	5.9913	0.	0.1	-16.994
978	6.5722	0.	5.e-002	-6.2049
979	4.8294	0.	0.1	-47.023
980	5.4104	0.	5.e-002	-2.7748
981	3.6676	0.	0.1	36.184
982	4.2485	0.	5.e-002	-10.815
983	3.0867	0.	5.e-002	-21.335
984	2.4333	2.5275e-031	0.1	87.8
985	2.92	3.033e-031	5.e-002	-34.903
986	1.46	1.5165e-031	0.1	-84.537
987	1.9467	0.	5.e-002	-20.401
988	0.48667	5.0549e-032	0.1	209.43
989	0.97333	0.	5.e-002	-29.393
990	0.	0.	5.e-002	-190.6
991	0.48667	6.	0.1	211.58
992	5.2451e-014	6.	5.e-002	-174.91
993	1.46	6.	0.1	-50.301
994	0.97333	6.	5.e-002	-21.383
995	2.4333	6.	0.1	84.521
996	1.9467	6.	5.e-002	-23.208
997	2.92	6.	5.e-002	-96.17
998	1.46	6.	0.	-1066.5
999	2.4333	6.	0.	-827.06
1000	0.48667	6.	0.	-1199.2
1001	2.92	5.75	0.	-583.41
1002	4.7206e-014	5.4	0.	-1661.4
1003	1.46	1.5165e-031	0.	-1209.2
1004	0.48667	5.0549e-032	0.	-1327.5
1005	2.4333	2.5275e-031	0.	-959.87
1006	2.92	0.25	0.	-1038.4
1007	5.2451e-015	0.6	0.	-1666.2
1008	4.8294	0.	0.	-760.02
1009	3.6676	0.	0.	-578.65
1010	5.9913	0.	0.	-878.34
1011	7.1531	0.	0.	-832.22
1012	8.315	0.	0.	-731.61
1013	9.4769	0.	0.	-628.63
1014	10.639	0.	0.	-530.49
1015	11.801	0.	0.	-441.81
1016	12.962	0.	0.	-361.79
1017	14.124	0.	0.	-290.09
1018	15.286	0.	0.	-226.51
1019	16.448	0.	0.	-170.91
1020	17.61	0.	0.	-123.27
1021	18.772	0.	0.	-83.648
1022	19.934	0.	0.	-51.742
1023	21.095	0.	0.	-27.493
1024	22.257	0.	0.	-10.909
1025	23.419	0.	0.	-1.9635
1026	3.0867	0.25	0.	-618.31
1027	24.	0.6	0.	-0.79555
1028	3.6716e-014	4.2	0.	-2074.9
1029	2.6226e-014	3.	0.	-2091.6
1030	1.5735e-014	1.8	0.	-2008.3
1031	24.	1.8	0.	-2.748
1032	24.	3.	0.	-3.2132
1033	24.	4.2	0.	-2.7536
1034	24.	5.4	0.	-0.78944
1035	23.419	6.	0.	-1.9474
1036	22.257	6.	0.	-10.909
1037	21.095	6.	0.	-27.466
1038	19.934	6.	0.	-51.65
1039	18.772	6.	0.	-83.558
1040	17.61	6.	0.	-123.33
1041	16.448	6.	0.	-171.02
1042	15.286	6.	0.	-226.61
1043	14.124	6.	0.	-290.07
1044	12.962	6.	0.	-361.8
1045	11.801	6.	0.	-442.03
1046	10.639	6.	0.	-531.84
1047	9.4769	6.	0.	-632.
1048	8.315	6.	0.	-740.24
1049	7.1531	6.	0.	-840.68
1050	5.9913	6.	0.	-876.53
1051	4.8294	6.	0.	-772.45
1052	3.6676	6.	0.	-597.07
1053	3.0867	5.75	0.	-472.05
1054	2.92	1.25	0.	-2576.1
1055	2.92	1.75	0.	-3666.8
1056	2.92	0.75	0.	-1692.9
1057	3.0033	2.	0.	-4180.8
1058	3.0867	0.75	0.	-988.15
1059	3.0867	1.25	0.	-1637.2
1060	3.0867	1.75	0.	-3048.4
1061	2.92	4.75	0.	-1049.
1062	2.92	4.25	0.	-3245.9
1063	2.92	5.25	0.	-714.51
1064	3.0033	4.	0.	-5198.2
1065	3.0867	5.25	0.	-709.37
1066	3.0867	4.75	0.	-1198.4
1067	3.0867	4.25	0.	-3102.
