Node Number	X Location (in)	Y Location (in)	Z Location (in)	Minimum Principal Stress (psi)
1	7.792	2.3627	0.	-8553.3
2	8.3172	3.6537	0.	-8003.6
3	7.4976	1.8367	0.	-6531.7
4	8.5987	4.0572	0.	-6360.9
5	8.9636	2.1067	0.	-5163.6
6	6.6827	4.4937	0.	-4364.6
7	6.815	3.8168	0.	-5016.2
8	9.1164	0.57551	0.	-2169.9
9	7.0603	3.2344	0.	-6111.2
10	10.059	0.71624	0.	-2811.
11	9.6906	2.1846	0.	-3941.5
12	6.0497	3.6706	0.	-4841.
13	9.9081	2.7825	0.	-3954.
14	7.3625	1.5	0.	-4526.5
15	5.287	2.3061	0.	-4832.5
16	22.164	4.0813	0.	-384.49
17	4.0217	4.0439	0.	-5099.
18	3.0263	3.9658	0.	-5359.1
19	2.0218	1.944	0.	-5940.7
20	3.0647	1.9701	0.	-5358.6
21	4.057	1.9063	0.	-5108.2
22	5.0591	1.6525	0.	-4776.4
23	11.844	2.5835	0.	-2912.6
24	12.813	1.7774	0.	-2622.4
25	13.754	1.7774	0.	-2352.7
26	14.686	1.8118	0.	-2115.7
27	15.618	1.8118	0.	-1884.2
28	16.556	1.7684	0.	-1657.
29	17.485	1.7447	0.	-1439.2
30	18.373	1.7132	0.	-1223.3
31	19.244	1.5816	0.	-1004.2
32	20.206	1.5809	0.	-860.83
33	21.248	4.1519	0.	-580.6
34	20.318	4.1986	0.	-788.34
35	19.383	4.2389	0.	-990.58
36	18.432	4.278	0.	-1194.7
37	17.474	4.2682	0.	-1427.3
38	16.544	4.2364	0.	-1656.1
39	15.618	4.2284	0.	-1883.2
40	14.687	4.2091	0.	-2116.2
41	13.755	4.1882	0.	-2353.4
42	12.824	4.1882	0.	-2589.6
43	11.923	4.2407	0.	-2822.5
44	8.1279	3.4281	0.	-8420.7
45	8.3288	2.4713	0.	-7501.
46	23.081	5.0204	0.	-197.22
47	22.158	5.0462	0.	-382.19
48	21.229	5.074	0.	-583.96
49	20.299	5.0984	0.	-789.53
50	19.365	5.118	0.	-999.93
51	18.423	5.1303	0.	-1213.1
52	17.482	5.1299	0.	-1428.4
53	16.546	5.1216	0.	-1657.9
54	15.615	5.1131	0.	-1890.2
55	14.683	5.1043	0.	-2123.8
56	13.755	5.0941	0.	-2359.4
57	12.831	5.1025	0.	-2591.
58	11.93	5.1245	0.	-2801.4
59	11.033	5.1554	0.	-2967.3
60	10.148	5.217	0.	-2923.2
61	9.2028	5.2861	0.	-2388.1
62	8.722	4.9196	0.	-2091.6
63	8.7986	4.5436	0.	-3597.6
64	23.06	1.0232	0.	-205.28
65	23.057	2.0226	0.	-212.92
66	23.069	3.0363	0.	-208.28
67	23.079	4.0401	0.	-203.29
68	10.953	0.86749	0.	-2940.8
69	11.865	0.91799	0.	-2851.
70	12.808	0.89651	0.	-2624.2
71	13.755	0.90592	0.	-2367.8
72	14.686	0.90592	0.	-2127.2
73	15.618	0.90592	0.	-1892.3
74	16.543	0.88709	0.	-1665.2
75	17.467	0.86888	0.	-1442.4
76	18.379	0.83822	0.	-1217.4
77	19.321	0.80497	0.	-1007.9
78	20.287	0.86493	0.	-788.6
79	21.226	0.98909	0.	-575.25
80	22.127	1.0429	0.	-390.22
81	6.9822	0.56274	0.	-2883.2
82	7.2081	1.0433	0.	-3048.8
83	0.9877	0.97514	0.	-5359.5
84	2.0083	0.97486	0.	-5907.1
85	3.0123	0.96349	0.	-5475.9
86	4.0012	0.92957	0.	-5180.8
87	4.9932	0.83348	0.	-4761.3
88	6.027	0.70307	0.	-4062.7
89	0.97514	5.0123	0.	-5351.8
90	0.99201	3.9852	0.	-5777.2
91	0.99566	2.9623	0.	-5881.7
92	1.002	1.9699	0.	-5766.1
93	6.9187	5.2996	0.	-3013.7
94	5.9084	5.1995	0.	-4219.3
95	4.9338	5.1119	0.	-4823.3
96	3.9756	5.0543	0.	-5183.9
97	2.9609	5.0013	0.	-5480.6
98	1.9876	4.9716	0.	-5907.4
99	7.4348	4.9175	0.	-2393.1
100	7.3492	4.4746	0.	-4048.8
101	7.4203	3.9194	0.	-6374.3
102	8.9904	1.0772	0.	-2471.
103	8.8645	1.5844	0.	-3814.8
104	8.5769	3.8233	0.	-7479.
105	7.436	2.8013	0.	-7216.7
106	9.5052	4.5459	0.	-3425.9
107	22.115	2.1101	0.	-396.04
108	2.0062	3.9573	0.	-5950.4
109	7.6135	3.3502	0.	-7667.1
110	8.9597	2.5936	0.	-6117.6
111	7.9789	2.8988	0.	-8131.1
112	11.05	4.2863	0.	-3045.9
113	10.748	1.8079	0.	-3036.1
114	11.815	1.751	0.	-2876.7
115	6.6097	2.2416	0.	-4783.9
116	6.1561	1.3609	0.	-4172.5
117	5.8925	4.4284	0.	-4606.
118	4.9678	4.2249	0.	-4808.7
119	9.4108	4.0583	0.	-4203.2
120	8.6241	3.0065	0.	-7160.3
121	10.245	4.4159	0.	-3238.8
122	22.132	3.108	0.	-397.63
123	21.138	2.0671	0.	-578.05
124	2.0284	2.9601	0.	-5981.2
125	5.8548	2.6897	0.	-4887.8
126	6.4458	3.0325	0.	-4991.6
127	9.1307	3.2275	0.	-5688.7
128	21.264	3.1914	0.	-574.44
129	20.378	3.3176	0.	-763.01
130	20.332	2.5782	0.	-839.2
131	19.374	3.3712	0.	-1009.8
132	18.382	3.5078	0.	-1187.9
133	17.487	3.4359	0.	-1433.1
134	16.558	3.4161	0.	-1653.
135	15.625	3.4048	0.	-1878.9
136	14.693	3.3967	0.	-2111.2
137	13.755	3.3853	0.	-2350.5
138	12.819	3.3777	0.	-2599.9
139	11.898	3.3723	0.	-2870.2
140	10.984	3.3925	0.	-3116.9
141	12.803	2.5701	0.	-2621.3
142	13.749	2.5861	0.	-2351.1
143	14.689	2.5999	0.	-2111.3
144	15.631	2.6029	0.	-1876.1
145	16.568	2.5954	0.	-1652.5
146	17.504	2.5963	0.	-1421.2
147	18.473	2.5928	0.	-1149.9
148	19.269	2.2736	0.	-1051.6
149	19.613	2.7176	0.	-839.33
150	4.2765	2.9897	0.	-4956.9
151	3.0989	2.9654	0.	-5339.9
152	10.153	3.5439	0.	-3537.1
153	9.306	3.5513	0.	-4548.2
154	10.887	2.6416	0.	-3205.9
155	6.3562	1.8499	0.	-4395.3
156	20.001	2.1023	0.	-866.82
157	5.2518	3.4133	0.	-4900.1
158	7.5431	2.2178	0.	-7821.1
159	7.1396	2.5089	0.	-6009.6
160	9.5242	1.6866	0.	-3156.9
161	9.839	1.3259	0.	-3390.6
162	9.839	1.3259	0.1	-302.42
163	9.5242	1.6866	0.1	-166.25
164	7.1396	2.5089	0.1	-341.28
165	7.5431	2.2178	0.1	105.32
166	5.2518	3.4133	0.1	-22.464
167	20.001	2.1023	0.1	9.6791
168	6.3562	1.8499	0.1	-179.57
169	10.887	2.6416	0.1	69.945
170	9.306	3.5513	0.1	37.958
171	10.153	3.5439	0.1	65.665
172	3.0989	2.9654	0.1	-85.047
173	4.2765	2.9897	0.1	4.5272
174	19.613	2.7176	0.1	-27.798
175	19.269	2.2736	0.1	-75.038
176	18.473	2.5928	0.1	-7.2215
177	17.504	2.5963	0.1	-15.007
178	16.568	2.5954	0.1	-0.37495
179	15.631	2.6029	0.1	-0.47984
180	14.689	2.5999	0.1	0.26441
181	13.749	2.5861	0.1	-1.7759
182	12.803	2.5701	0.1	12.791
183	10.984	3.3925	0.1	-26.378
184	11.898	3.3723	0.1	7.6511e-002
185	12.819	3.3777	0.1	7.0479
186	13.755	3.3853	0.1	-2.5313
187	14.693	3.3967	0.1	-0.20414
188	15.625	3.4048	0.1	-7.5406e-003
189	16.558	3.4161	0.1	1.6666
190	17.487	3.4359	0.1	-9.0598
191	18.382	3.5078	0.1	-56.451
192	19.374	3.3712	0.1	-90.296
193	20.332	2.5782	0.1	-78.537
194	20.378	3.3176	0.1	-56.912
195	21.264	3.1914	0.1	-76.991
196	9.1307	3.2275	0.1	98.408
197	6.4458	3.0325	0.1	88.241
198	5.8548	2.6897	0.1	-48.121
199	2.0284	2.9601	0.1	273.66
200	21.138	2.0671	0.1	-34.329
201	22.132	3.108	0.1	-97.532
202	10.245	4.4159	0.1	-4.1431
203	8.6241	3.0065	0.1	-123.17
204	9.4108	4.0583	0.1	-23.552
205	4.9678	4.2249	0.1	4.3106
206	5.8925	4.4284	0.1	-31.031
207	6.1561	1.3609	0.1	-251.37
208	6.6097	2.2416	0.1	61.886
209	11.815	1.751	0.1	-50.144
210	10.748	1.8079	0.1	26.248
211	11.05	4.2863	0.1	-11.107
212	7.9789	2.8988	0.1	-962.5
213	8.9597	2.5936	0.1	-88.51
214	7.6135	3.3502	0.1	-604.82
215	2.0062	3.9573	0.1	226.11
216	22.115	2.1101	0.1	-84.783
217	9.5052	4.5459	0.1	-96.85
218	7.436	2.8013	0.1	-101.4
219	8.5769	3.8233	0.1	-77.165
220	8.8645	1.5844	0.1	-475.47
221	8.9904	1.0772	0.1	-470.39
222	7.4203	3.9194	0.1	-303.95
223	7.3492	4.4746	0.1	-1155.4
224	7.4348	4.9175	0.1	-1866.4
225	1.9876	4.9716	0.1	193.25
226	2.9609	5.0013	0.1	-31.835
227	3.9756	5.0543	0.1	2.4308
228	4.9338	5.1119	0.1	-16.909
229	5.9084	5.1995	0.1	-117.1
230	6.9187	5.2996	0.1	-412.57
231	1.002	1.9699	0.1	-1154.1
232	0.99566	2.9623	0.1	-1125.7
233	0.99201	3.9852	0.1	-1149.1
234	0.97514	5.0123	0.1	-963.11
235	6.027	0.70307	0.1	-163.23
236	4.9932	0.83348	0.1	-33.05
237	4.0012	0.92957	0.1	7.7988
238	3.0123	0.96349	0.1	-24.62
239	2.0083	0.97486	0.1	194.34
240	0.9877	0.97514	0.1	-970.71
241	7.2081	1.0433	0.1	-817.66
242	6.9822	0.56274	0.1	-300.83
243	22.127	1.0429	0.1	-59.097
244	21.226	0.98909	0.1	-49.328
245	20.287	0.86493	0.1	-37.129
246	19.321	0.80497	0.1	-24.494
247	18.379	0.83822	0.1	-19.488
248	17.467	0.86888	0.1	-13.256
249	16.543	0.88709	0.1	-5.4828
250	15.618	0.90592	0.1	0.38985
251	14.686	0.90592	0.1	1.1767
252	13.755	0.90592	0.1	-0.30026
253	12.808	0.89651	0.1	13.614
254	11.865	0.91799	0.1	-40.622
255	10.953	0.86749	0.1	-53.854
256	23.079	4.0401	0.1	-115.73
257	23.069	3.0363	0.1	-127.74
258	23.057	2.0226	0.1	-110.85
259	23.06	1.0232	0.1	-73.273
260	8.7986	4.5436	0.1	-650.88
261	8.722	4.9196	0.1	-1362.6
262	9.2028	5.2861	0.1	-272.78
263	10.148	5.217	0.1	-103.78
264	11.033	5.1554	0.1	-1.5539
265	11.93	5.1245	0.1	-3.2832
266	12.831	5.1025	0.1	-0.43932
267	13.755	5.0941	0.1	1.0295
268	14.683	5.1043	0.1	0.97876
269	15.615	5.1131	0.1	-1.1592
270	16.546	5.1216	0.1	-9.5123
271	17.482	5.1299	0.1	-15.935
272	18.423	5.1303	0.1	-16.01
273	19.365	5.118	0.1	-21.609
274	20.299	5.0984	0.1	-29.182
275	21.229	5.074	0.1	-39.871
276	22.158	5.0462	0.1	-56.247
277	23.081	5.0204	0.1	-75.021
278	8.3288	2.4713	0.1	-2335.2
279	8.1279	3.4281	0.1	-1780.8
280	11.923	4.2407	0.1	1.8646
281	12.824	4.1882	0.1	-2.8733
282	13.755	4.1882	0.1	-1.2047
283	14.687	4.2091	0.1	0.48436
284	15.618	4.2284	0.1	1.8145e-002
285	16.544	4.2364	0.1	-3.7392
286	17.474	4.2682	0.1	-18.756
287	18.432	4.278	0.1	-17.943
288	19.383	4.2389	0.1	-34.655
289	20.318	4.1986	0.1	-31.851
290	21.248	4.1519	0.1	-55.557
291	20.206	1.5809	0.1	-42.317
292	19.244	1.5816	0.1	-33.778
293	18.373	1.7132	0.1	-21.478
294	17.485	1.7447	0.1	-6.8549
295	16.556	1.7684	0.1	2.0525
296	15.618	1.8118	0.1	0.18866
297	14.686	1.8118	0.1	-0.61767
298	13.754	1.7774	0.1	-0.14433
299	12.813	1.7774	0.1	3.4113
300	11.844	2.5835	0.1	-47.674
301	5.0591	1.6525	0.1	-5.5715
302	4.057	1.9063	0.1	5.5267
303	3.0647	1.9701	0.1	-86.975
304	2.0218	1.944	0.1	229.86
305	3.0263	3.9658	0.1	-87.155
306	4.0217	4.0439	0.1	12.381
307	22.164	4.0813	0.1	-85.356
308	5.287	2.3061	0.1	-69.585
309	7.3625	1.5	0.1	-787.62
310	9.9081	2.7825	0.1	143.94
311	6.0497	3.6706	0.1	28.772
312	9.6906	2.1846	0.1	-191.54
313	10.059	0.71624	0.1	-147.82
314	7.0603	3.2344	0.1	-59.267
315	9.1164	0.57551	0.1	-237.01
316	6.815	3.8168	0.1	-55.879
317	6.6827	4.4937	0.1	-223.92
318	8.9636	2.1067	0.1	125.91
319	8.5987	4.0572	0.1	103.99
320	7.4976	1.8367	0.1	-218.94
321	8.3172	3.6537	0.1	-1513.
322	7.792	2.3627	0.1	-1594.6
323	8.1667	5.5	0.1	231.9
324	8.1667	5.	0.1	-361.24
325	8.1667	4.5	0.1	-1567.3
326	8.1667	4.	0.1	-853.68
327	8.	4.	0.1	-1090.8
328	8.	4.5	0.1	-2597.3
329	8.	5.	0.1	-481.48
330	8.	5.5	0.1	252.41
331	8.1667	0.5	0.1	303.35
332	8.1667	1.	0.1	40.874
333	8.1667	1.5	0.1	-1838.1
334	8.1667	2.	0.1	570.24
335	8.	2.	0.1	-2310.3
336	8.	1.5	0.1	-2085.6
337	8.	1.	0.1	-114.79
338	8.	0.5	0.1	314.4
339	8.1667	6.	0.1	303.42
340	9.098	6.	0.1	-299.42
341	10.029	6.	0.1	-145.49
342	10.961	6.	0.1	-17.232
343	11.892	6.	0.1	-3.8657
344	12.824	6.	0.1	2.9609
345	13.755	6.	0.1	0.83543
346	14.686	6.	0.1	-5.2076
347	15.618	6.	0.1	-11.042
348	16.549	6.	0.1	-15.919
349	17.48	6.	0.1	-19.482
350	18.412	6.	0.1	-23.072
351	19.343	6.	0.1	-27.325
352	20.275	6.	0.1	-32.971
353	21.206	6.	0.1	-41.2
354	22.137	6.	0.1	-51.873
355	23.069	6.	0.1	-61.225
356	24.	6.	0.1	-52.648
357	24.	5.	0.1	-84.662
358	24.	4.	0.1	-130.83
359	24.	3.	0.1	-144.46
360	24.	2.	0.1	-126.61
361	24.	1.	0.1	-81.109
362	8.7419e-015	1.	0.1	3698.3
363	1.7484e-014	2.	0.1	3990.5
364	2.6226e-014	3.	0.1	4123.1
365	3.4968e-014	4.	0.1	3998.4
366	4.371e-014	5.	0.1	3717.8
367	24.	0.	0.1	-51.802
368	23.069	0.	0.1	-65.885
369	22.137	0.	0.1	-58.75
370	21.206	0.	0.1	-50.445
371	20.275	0.	0.1	-37.336
372	19.343	0.	0.1	-29.1
373	18.412	0.	0.1	-25.916
374	17.48	0.	0.1	-24.56
375	16.549	0.	0.1	-15.585
376	15.618	0.	0.1	-6.7118
377	14.686	0.	0.1	1.6828
378	13.755	0.	0.1	1.0173
379	12.824	0.	0.1	4.5222
380	11.892	0.	0.1	-12.174
381	10.961	0.	0.1	-72.731
382	10.029	0.	0.1	-181.34
383	9.098	0.	0.1	-158.06
384	8.1667	0.	0.1	291.89
385	8.	0.	0.1	310.13
386	7.	1.0615e-030	0.1	-232.77
387	6.	9.0989e-031	0.1	-121.58
388	5.	7.5824e-031	0.1	8.2162
389	4.	6.0659e-031	0.1	35.671
390	3.	4.5494e-031	0.1	28.113
391	2.	3.033e-031	0.1	162.78
392	1.	1.5165e-031	0.1	-594.4
393	0.	0.	0.1	1934.7
394	3.937e-014	6.	0.1	1923.7
395	1.	6.	0.1	-586.2
396	2.	6.	0.1	167.38
397	3.	6.	0.1	36.157
398	4.	6.	0.1	42.176
399	5.	6.	0.1	-2.0284
400	6.	6.	0.1	-186.2
401	7.	6.	0.1	-346.4
402	8.	6.	0.1	416.63
403	7.	6.	0.	-2455.2
404	6.	6.	0.	-3907.9
405	5.	6.	0.	-4816.1
406	4.	6.	0.	-5336.4
407	3.	6.	0.	-5769.6
408	2.	6.	0.	-6271.6
409	1.	6.	0.	-5471.8
410	8.	6.	0.	-1881.5
411	3.937e-014	6.	0.	-5001.9
412	1.	1.5165e-031	0.	-5459.8
413	2.	3.033e-031	0.	-6259.9
414	3.	4.5494e-031	0.	-5757.3
415	4.	6.0659e-031	0.	-5317.
416	5.	7.5824e-031	0.	-4788.5
417	6.	9.0989e-031	0.	-3967.7
418	7.	1.0615e-030	0.	-2437.5
419	8.	0.	0.	-1803.6
420	0.	0.	0.	-4982.
421	9.098	0.	0.	-1873.8
422	10.029	0.	0.	-2643.8
423	10.961	0.	0.	-2824.9
424	11.892	0.	0.	-2792.2
425	12.824	0.	0.	-2622.4
426	13.755	0.	0.	-2389.6
427	14.686	0.	0.	-2144.
428	15.618	0.	0.	-1905.1
429	16.549	0.	0.	-1670.6
430	17.48	0.	0.	-1438.
431	18.412	0.	0.	-1219.7
432	19.343	0.	0.	-1014.
433	20.275	0.	0.	-782.09
434	21.206	0.	0.	-572.87
435	22.137	0.	0.	-366.41
436	23.069	0.	0.	-175.79
437	8.1667	0.	0.	-1323.1
438	24.	0.	0.	-72.109
439	4.371e-014	5.	0.	-7560.6
440	3.4968e-014	4.	0.	-8137.6
441	2.6226e-014	3.	0.	-8360.7
442	1.7484e-014	2.	0.	-8113.5
443	8.7419e-015	1.	0.	-7525.9
444	24.	1.	0.	-102.7
445	24.	2.	0.	-108.38
446	24.	3.	0.	-104.68
447	24.	4.	0.	-103.21
448	24.	5.	0.	-95.75
449	24.	6.	0.	-68.597
450	23.069	6.	0.	-175.27
451	22.137	6.	0.	-373.38
452	21.206	6.	0.	-583.82
453	20.275	6.	0.	-794.19
454	19.343	6.	0.	-1005.9
455	18.412	6.	0.	-1217.8
456	17.48	6.	0.	-1437.5
457	16.549	6.	0.	-1664.4
458	15.618	6.	0.	-1897.4
459	14.686	6.	0.	-2134.8
460	13.755	6.	0.	-2372.8
461	12.824	6.	0.	-2605.5
462	11.892	6.	0.	-2813.9
463	10.961	6.	0.	-2924.5
464	10.029	6.	0.	-2664.4
465	9.098	6.	0.	-1842.
466	8.1667	6.	0.	-1467.4
467	8.	1.5	0.	-5172.8
468	8.	1.	0.	-3486.6
469	8.	0.5	0.	-2490.
470	8.	2.	0.	-14815
471	8.1667	0.5	0.	-1979.1
472	8.1667	1.	0.	-3189.1
473	8.1667	1.5	0.	-6018.
474	8.1667	2.	0.	-15365
475	8.	4.5	0.	-5487.9
476	8.	5.	0.	-2701.3
477	8.	5.5	0.	-2782.9
478	8.	4.	0.	-14599
479	8.1667	5.5	0.	-2218.3
480	8.1667	5.	0.	-2413.9
481	8.1667	4.5	0.	-4419.1
482	8.1667	4.	0.	-16130
483	8.0604	2.417	0.	-7898.4
484	7.614	2.582	0.	-7876.6
485	7.6675	2.2902	0.	-8170.6
486	7.792	2.3627	5.e-002	-228.33
487	7.896	2.1814	0.	-11533
488	8.2225	3.5409	0.	-8176.6
489	8.447	3.7385	0.	-7692.1
490	8.7239	3.4406	0.	-6837.1
491	8.3172	3.6537	5.e-002	-147.04
492	8.2419	3.8269	0.	-11946
493	7.43	1.6683	0.	-5523.6
494	7.0536	2.0391	0.	-5604.
495	7.5203	2.0272	0.	-7169.3
496	7.4976	1.8367	5.e-002	-172.73
497	7.7488	1.9183	0.	-10657
498	8.6987	4.3004	0.	-4970.
499	8.5878	3.9403	0.	-6916.
500	9.0048	4.0578	0.	-5215.3
501	8.5987	4.0572	5.e-002	-220.62
502	8.3827	4.0286	0.	-11244
503	9.3271	2.1456	0.	-4483.9
504	8.914	1.8456	0.	-4486.2
505	8.9617	2.3502	0.	-5615.
506	8.9636	2.1067	5.e-002	-151.29
507	8.5651	2.0533	0.	-10242
508	6.7488	4.1552	0.	-4688.5
509	6.8007	4.8966	0.	-3677.6
510	7.016	4.4841	0.	-4152.2
511	6.2876	4.461	0.	-4480.3
512	6.6827	4.4937	5.e-002	-64.884
513	6.9376	3.5256	0.	-5562.3
514	6.4323	3.7437	0.	-4925.5
515	7.1177	3.8681	0.	-5660.8
516	6.815	3.8168	5.e-002	-82.229
517	9.5877	0.64588	0.	-2471.4
518	9.0534	0.82634	0.	-2316.4
519	9.1164	0.57551	5.e-002	-103.76
520	9.1072	0.28776	0.	-2016.5
521	8.6415	0.53776	0.	-2002.
522	7.2482	3.0178	0.	-6651.1
523	7.3369	3.2923	0.	-6887.2
524	6.753	3.1334	0.	-5549.4
525	7.0603	3.2344	5.e-002	-119.48
526	10.506	0.79187	0.	-2875.6
527	9.9489	1.0211	0.	-3099.2
528	10.059	0.71624	5.e-002	-30.29
529	10.044	0.35812	0.	-2727.
530	9.7993	2.4835	0.	-3945.8
531	10.219	1.9962	0.	-3486.2
532	9.6074	1.9356	0.	-3521.5
533	9.6906	2.1846	5.e-002	-133.4
534	5.9711	4.0495	0.	-4723.2
535	6.2477	3.3515	0.	-4915.8
536	5.6507	3.5419	0.	-4870.5
537	6.0497	3.6706	5.e-002	-21.618
538	9.4339	2.6881	0.	-5030.9
539	9.5194	3.005	0.	-4811.9
540	10.03	3.1632	0.	-3744.5
541	10.397	2.712	0.	-3578.4
542	9.9081	2.7825	5.e-002	-105.82
543	7.2853	1.2717	0.	-3787.5
544	6.8593	1.675	0.	-4396.
545	7.3625	1.5	5.e-002	-167.99
546	7.6813	1.5	0.	-4597.2
547	5.1731	1.9793	0.	-4804.3
548	5.5709	2.4979	0.	-4860.1
549	4.7818	2.6479	0.	-4894.6
550	5.8216	2.078	0.	-4611.
551	5.287	2.3061	5.e-002	-53.934
552	21.706	4.1166	0.	-482.53
553	22.161	4.5638	0.	-382.75
554	22.622	4.0607	0.	-293.85
555	22.148	3.5947	0.	-390.8
556	22.164	4.0813	5.e-002	-9.6951
557	3.524	4.0048	0.	-5228.9
558	3.9986	4.5491	0.	-5141.2
559	4.4947	4.1344	0.	-4953.5
560	4.1491	3.5168	0.	-5026.5
561	4.0217	4.0439	5.e-002	-20.167
562	2.9936	4.4836	0.	-5418.5
563	2.5163	3.9616	0.	-5654.5
564	3.0626	3.4656	0.	-5347.
565	3.0263	3.9658	5.e-002	-18.091
566	2.5433	1.957	0.	-5649.3
567	2.0151	1.4594	0.	-5919.3
568	1.5119	1.957	0.	-5853.3
569	2.0251	2.452	0.	-5957.
570	2.0218	1.944	5.e-002	-56.623
571	3.5609	1.9382	0.	-5233.2
572	3.0385	1.4668	0.	-5416.1
573	3.0818	2.4677	0.	-5347.
574	3.0647	1.9701	5.e-002	-15.889
575	4.558	1.7794	0.	-4942.1
576	4.0291	1.4179	0.	-5144.3
577	4.1668	2.448	0.	-5031.3
578	4.057	1.9063	5.e-002	-12.557
579	5.0261	1.243	0.	-4768.8
580	5.6076	1.5067	0.	-4472.2
581	5.0591	1.6525	5.e-002	-17.642
582	11.829	2.1673	0.	-2894.6
583	11.871	2.9779	0.	-2891.4
584	12.323	2.5768	0.	-2766.9
585	11.365	2.6125	0.	-3058.9
586	11.844	2.5835	5.e-002	-29.642
587	13.284	1.7774	0.	-2487.5
588	12.81	1.3369	0.	-2623.2
589	12.314	1.7642	0.	-2749.6
590	12.808	2.1737	0.	-2621.8
591	12.813	1.7774	5.e-002	-16.244
592	14.22	1.7946	0.	-2234.2
593	13.755	1.3417	0.	-2360.1
594	13.752	2.1818	0.	-2351.8
595	13.754	1.7774	5.e-002	-11.967
596	15.152	1.8118	0.	-2000.
597	14.686	1.3589	0.	-2121.2
598	14.688	2.2059	0.	-2113.3
599	14.686	1.8118	5.e-002	-11.997
600	16.087	1.7901	0.	-1770.6
601	15.618	1.3589	0.	-1888.
602	15.624	2.2074	0.	-1879.9
603	15.618	1.8118	5.e-002	-11.817
604	17.02	1.7565	0.	-1548.1
605	16.549	1.3278	0.	-1660.8
606	16.562	2.1819	0.	-1654.5
607	16.556	1.7684	5.e-002	-11.68
608	17.929	1.7289	0.	-1331.3
609	17.476	1.3068	0.	-1440.4
610	17.495	2.1705	0.	-1429.8
611	17.485	1.7447	5.e-002	-9.7243
612	18.809	1.6474	0.	-1113.4
613	18.376	1.2757	0.	-1219.7
614	18.423	2.153	0.	-1186.5
615	18.373	1.7132	5.e-002	-14.689
616	19.725	1.5813	0.	-932.44
617	19.282	1.1933	0.	-1005.7
618	19.257	1.9276	0.	-1026.6
619	19.244	1.5816	5.e-002	-11.598
620	20.247	1.2229	0.	-824.62
621	20.672	1.824	0.	-719.17
622	20.104	1.8416	0.	-863.6
623	20.206	1.5809	5.e-002	-17.588
624	20.783	4.1752	0.	-684.46
625	21.239	4.613	0.	-581.75
626	21.256	3.6717	0.	-577.2
627	21.248	4.1519	5.e-002	-10.98
628	19.85	4.2187	0.	-889.44
629	20.308	4.6485	0.	-788.41
630	20.348	3.7581	0.	-775.23
631	20.318	4.1986	5.e-002	-14.546
632	18.908	4.2584	0.	-1092.6
633	19.374	4.6784	0.	-994.79
634	19.378	3.8051	0.	-999.56
635	19.383	4.2389	5.e-002	-10.031
636	17.953	4.2731	0.	-1311.
637	18.428	4.7041	0.	-1203.4
638	18.407	3.8929	0.	-1190.8
639	18.432	4.278	5.e-002	-8.4635
640	17.009	4.2523	0.	-1541.7
641	17.478	4.6991	0.	-1427.4
642	17.481	3.8521	0.	-1429.9
643	17.474	4.2682	5.e-002	-11.941
644	16.081	4.2324	0.	-1769.6
645	16.545	4.679	0.	-1656.7
646	16.551	3.8262	0.	-1654.3
647	16.544	4.2364	5.e-002	-12.218
648	15.153	4.2188	0.	-1999.7
649	15.616	4.6707	0.	-1886.4
650	15.622	3.8166	0.	-1880.8
651	15.618	4.2284	5.e-002	-11.746
652	14.221	4.1986	0.	-2234.8
653	14.685	4.6567	0.	-2119.7
654	14.69	3.8029	0.	-2113.5
655	14.687	4.2091	5.e-002	-12.025
656	13.289	4.1882	0.	-2471.5
657	13.755	4.6411	0.	-2356.2
658	13.755	3.7867	0.	-2351.8
659	13.755	4.1882	5.e-002	-12.978
660	12.373	4.2144	0.	-2706.
661	12.827	4.6453	0.	-2590.1
662	12.821	3.7829	0.	-2594.6
663	12.824	4.1882	5.e-002	-12.532
664	11.926	4.6826	0.	-2811.8
665	11.487	4.2635	0.	-2934.1
666	11.91	3.8065	0.	-2846.3
667	11.923	4.2407	5.e-002	-9.8078
668	7.8707	3.3892	0.	-8021.8
669	8.376	3.2173	0.	-7788.8
670	8.1279	3.4281	5.e-002	-112.87
671	8.0639	3.7141	0.	-11343
672	8.6443	2.5325	0.	-6808.5
673	8.1538	2.6851	0.	-7791.4
674	8.3288	2.4713	5.e-002	-248.21
675	8.2477	2.2357	0.	-11282
676	22.62	5.0333	0.	-289.67
677	23.08	4.5302	0.	-199.82
678	23.081	5.0204	5.e-002	-9.8593
679	23.541	5.0102	0.	-146.02
680	23.075	5.5102	0.	-184.98
681	21.694	5.0601	0.	-483.06
682	22.158	5.0462	5.e-002	-9.5005
683	22.148	5.5231	0.	-376.61
684	20.764	5.0862	0.	-686.7
685	21.229	5.074	5.e-002	-9.7758
686	21.218	5.537	0.	-583.03
687	19.832	5.1082	0.	-894.72
688	20.299	5.0984	5.e-002	-9.8555
689	20.287	5.5492	0.	-791.21
690	18.894	5.1241	0.	-1106.5
691	19.365	5.118	5.e-002	-10.711
692	19.354	5.559	0.	-1002.4
693	17.953	5.1301	0.	-1320.7
694	18.423	5.1303	5.e-002	-11.23
695	18.418	5.5651	0.	-1215.
696	17.014	5.1258	0.	-1543.1
697	17.482	5.1299	5.e-002	-11.568
698	17.481	5.565	0.	-1432.5
699	16.08	5.1173	0.	-1774.
700	16.546	5.1216	5.e-002	-11.626
701	16.548	5.5608	0.	-1660.8
702	15.149	5.1087	0.	-2007.
703	15.615	5.1131	5.e-002	-11.732
704	15.616	5.5565	0.	-1893.5
705	14.219	5.0992	0.	-2241.6
706	14.683	5.1043	5.e-002	-11.88
707	14.685	5.5521	0.	-2129.
708	13.293	5.0983	0.	-2475.2
709	13.755	5.0941	5.e-002	-11.738
710	13.755	5.547	0.	-2365.8
711	12.38	5.1135	0.	-2696.2
712	12.831	5.1025	5.e-002	-12.
713	12.827	5.5512	0.	-2598.
714	11.481	5.1399	0.	-2884.4
715	11.93	5.1245	5.e-002	-9.8507
716	11.911	5.5622	0.	-2807.5
717	10.59	5.1862	0.	-2944.5
718	11.042	4.7209	0.	-3006.5
719	11.033	5.1554	5.e-002	-8.2737
720	10.997	5.5777	0.	-2945.8
721	9.6753	5.2515	0.	-2631.
722	10.196	4.8164	0.	-3080.7
723	10.148	5.217	5.e-002	-20.768
724	10.089	5.6085	0.	-2793.7
725	8.9624	5.1028	0.	-2191.3
726	9.354	4.916	0.	-2891.8
727	9.2028	5.2861	5.e-002	-85.054
728	9.1504	5.643	0.	-2113.7
729	8.6847	5.393	0.	-2224.6
730	8.7603	4.7316	0.	-2833.4
731	8.722	4.9196	5.e-002	-90.347
732	8.4444	4.9598	0.	-2197.7
733	9.1519	4.5447	0.	-3431.4
734	8.7986	4.5436	5.e-002	-175.17
735	8.4827	4.5218	0.	-3821.4
736	23.059	1.5229	0.	-208.72
737	22.594	1.033	0.	-297.71
738	23.06	1.0232	5.e-002	-10.334
739	23.064	0.51158	0.	-189.18
740	23.53	1.0116	0.	-153.58
741	23.063	2.5294	0.	-210.44
742	22.586	2.0664	0.	-304.41
743	23.057	2.0226	5.e-002	-11.579
744	23.529	2.0113	0.	-160.48
745	23.074	3.5382	0.	-205.57
746	22.601	3.0721	0.	-302.9
747	23.069	3.0363	5.e-002	-10.253
748	23.535	3.0181	0.	-156.32
749	23.079	4.0401	5.e-002	-9.3401
750	23.54	4.0201	0.	-153.02
751	11.409	0.89274	0.	-2895.
752	10.85	1.3377	0.	-2988.3
753	10.953	0.86749	5.e-002	-40.371
754	10.957	0.43374	0.	-2882.6
755	12.336	0.90725	0.	-2737.6
756	11.84	1.3345	0.	-2863.7
757	11.865	0.91799	5.e-002	-26.545
758	11.879	0.459	0.	-2821.4
759	13.281	0.90121	0.	-2495.9
760	12.808	0.89651	5.e-002	-12.064
761	12.816	0.44825	0.	-2623.
762	14.221	0.90592	0.	-2247.5
763	13.755	0.90592	5.e-002	-12.05
764	13.755	0.45296	0.	-2378.4
765	15.152	0.90592	0.	-2009.7
766	14.686	0.90592	5.e-002	-12.052
767	14.686	0.45296	0.	-2135.3
768	16.08	0.8965	0.	-1778.7
769	15.618	0.90592	5.e-002	-11.295
770	15.618	0.45296	0.	-1898.4
771	17.005	0.87798	0.	-1553.8
772	16.543	0.88709	5.e-002	-11.825
773	16.546	0.44354	0.	-1667.6
774	17.923	0.85355	0.	-1329.9
775	17.467	0.86888	5.e-002	-11.949
776	17.474	0.43444	0.	-1439.8
777	18.85	0.8216	0.	-1112.5
778	18.379	0.83822	5.e-002	-9.2
779	18.396	0.41911	0.	-1218.
780	19.804	0.83495	0.	-898.25
781	19.321	0.80497	5.e-002	-9.7342
782	19.332	0.40248	0.	-1010.5
783	20.757	0.92701	0.	-681.87
784	20.287	0.86493	5.e-002	-14.121
785	20.281	0.43247	0.	-784.82
786	21.677	1.016	0.	-482.69
787	21.182	1.5281	0.	-575.8
788	21.226	0.98909	5.e-002	-6.9819
789	21.216	0.49454	0.	-572.93
790	22.121	1.5765	0.	-392.56
791	22.127	1.0429	5.e-002	-9.6803
792	22.132	0.52147	0.	-377.07
793	7.0952	0.80303	0.	-2952.7
794	6.5046	0.6329	0.	-3460.2
795	6.9822	0.56274	5.e-002	-108.65
796	6.9911	0.28137	0.	-2654.
797	7.4911	0.53137	0.	-2587.3
798	6.6821	1.2021	0.	-3551.5
799	7.2081	1.0433	5.e-002	-143.35
800	7.604	1.0217	0.	-3146.5
801	1.498	0.975	0.	-5632.7
802	0.99487	1.4725	0.	-5553.5
803	0.9877	0.97514	5.e-002	-63.591
804	0.99385	0.48757	0.	-5391.8
805	0.49385	0.98757	0.	-6418.1
806	2.5103	0.96918	0.	-5688.6
807	2.0083	0.97486	5.e-002	-41.374
808	2.0041	0.48743	0.	-6082.1
809	3.5067	0.94653	0.	-5327.1
810	3.0123	0.96349	5.e-002	-19.574
811	3.0062	0.48175	0.	-5616.4
812	4.4972	0.88153	0.	-4970.7
813	4.0012	0.92957	5.e-002	-19.042
814	4.0006	0.46479	0.	-5248.7
815	5.5101	0.76827	0.	-4410.6
816	4.9932	0.83348	5.e-002	-22.421
817	4.9966	0.41674	0.	-4774.7
818	6.0916	1.032	0.	-4117.6
819	6.027	0.70307	5.e-002	-53.721
820	6.0135	0.35153	0.	-4014.3
821	0.98358	4.4987	0.	-5554.8
822	1.4814	4.992	0.	-5629.1
823	0.97514	5.0123	5.e-002	-62.701
824	0.98757	5.5062	0.	-5393.1
825	0.48757	5.0062	0.	-6432.4
826	0.99384	3.4737	0.	-5826.5
827	1.4991	3.9713	0.	-5863.7
828	0.99201	3.9852	5.e-002	-23.069
829	0.49601	3.9926	0.	-6954.1
830	0.99885	2.4661	0.	-5820.6
831	1.512	2.9612	0.	-5931.4
832	0.99566	2.9623	5.e-002	-33.859
833	0.49783	2.9811	0.	-7120.9
834	1.002	1.9699	5.e-002	-23.887
835	0.50102	1.985	0.	-6936.
836	6.4135	5.2496	0.	-3589.
837	7.1767	5.1085	0.	-2647.5
838	6.9187	5.2996	5.e-002	-118.59
839	6.9594	5.6498	0.	-2732.
840	7.4594	5.3998	0.	-2804.5
841	5.4211	5.1557	0.	-4520.9
842	5.9004	4.8139	0.	-4412.6
843	5.9084	5.1995	5.e-002	-35.977
844	5.9542	5.5998	0.	-4063.
845	4.4547	5.0831	0.	-5002.9
846	4.9508	4.6684	0.	-4815.9
847	4.9338	5.1119	5.e-002	-20.305
848	4.9669	5.5559	0.	-4819.6
849	3.4683	5.0278	0.	-5331.1
850	3.9756	5.0543	5.e-002	-15.195
851	3.9878	5.5272	0.	-5259.8
852	2.4743	4.9865	0.	-5691.4
853	2.9609	5.0013	5.e-002	-21.214
854	2.9805	5.5007	0.	-5625.
855	1.9969	4.4645	0.	-5924.
856	1.9876	4.9716	5.e-002	-41.275
857	1.9938	5.4858	0.	-6088.2
858	7.392	4.696	0.	-3198.
859	7.4348	4.9175	5.e-002	-127.56
860	7.7174	4.9588	0.	-2492.3
861	7.3848	4.197	0.	-5196.
862	7.3492	4.4746	5.e-002	-190.22
863	7.6746	4.4873	0.	-4542.9
864	7.5169	3.6348	0.	-6975.8
865	7.4203	3.9194	5.e-002	-177.11
866	7.7102	3.9597	0.	-10485
867	8.9274	1.3308	0.	-3139.7
868	9.4147	1.2015	0.	-2897.1
869	8.9904	1.0772	5.e-002	-78.218
870	8.5785	1.0386	0.	-2701.8
871	9.1943	1.6355	0.	-3474.5
872	8.8645	1.5844	5.e-002	-75.754
873	8.5156	1.5422	0.	-4662.8
874	8.9415	3.6873	0.	-5930.7
875	8.5769	3.8233	5.e-002	-138.88
876	7.7075	2.85	0.	-7665.7
877	7.2878	2.6551	0.	-6610.
878	7.436	2.8013	5.e-002	-105.29
879	9.458	4.3021	0.	-3814.1
880	9.875	4.4809	0.	-3328.9
881	9.5052	4.5459	5.e-002	-50.724
882	22.123	2.6091	0.	-396.32
883	21.626	2.0886	0.	-487.
884	22.115	2.1101	5.e-002	-10.199
885	2.0173	3.4587	0.	-5961.4
886	2.0062	3.9573	5.e-002	-56.824
887	7.7962	3.1245	0.	-7890.4
888	7.6135	3.3502	5.e-002	-333.81
889	8.7919	2.8001	0.	-6624.3
890	8.9597	2.5936	5.e-002	-247.91
891	8.3015	2.9527	0.	-7644.5
892	7.9789	2.8988	5.e-002	-49.165
893	10.648	4.3511	0.	-3142.
894	11.017	3.8394	0.	-3081.4
895	11.05	4.2863	5.e-002	-18.109
896	11.282	1.7794	0.	-2955.6
897	10.817	2.2247	0.	-3119.1
898	10.293	1.5669	0.	-3208.5
899	10.748	1.8079	5.e-002	-34.971
900	11.815	1.751	5.e-002	-19.164
901	6.2322	2.4656	0.	-4833.6
902	6.4829	2.0458	0.	-4589.2
903	6.8746	2.3753	0.	-5395.4
904	6.6097	2.2416	5.e-002	-73.296
905	6.2562	1.6054	0.	-4283.9
906	6.1561	1.3609	5.e-002	-69.733
907	5.4301	4.3267	0.	-4706.9
908	5.8925	4.4284	5.e-002	-18.524
909	5.1098	3.8191	0.	-4854.4
910	4.9678	4.2249	5.e-002	-16.159
911	9.7818	3.8011	0.	-3861.7
912	9.3584	3.8048	0.	-4372.4
913	9.4108	4.0583	5.e-002	-42.653
914	8.8774	3.117	0.	-6417.2
915	8.6241	3.0065	5.e-002	-195.35
916	10.199	3.9799	0.	-3387.1
917	10.245	4.4159	5.e-002	-13.962
918	21.698	3.1497	0.	-485.98
919	22.132	3.108	5.e-002	-12.186
920	21.201	2.6292	0.	-575.37
921	20.735	2.3227	0.	-708.1
922	21.138	2.0671	5.e-002	-3.2192
923	2.5637	2.9627	0.	-5660.5
924	2.0284	2.9601	5.e-002	-37.908
925	6.1503	2.8611	0.	-4939.2
926	5.5533	3.0515	0.	-4892.8
927	5.8548	2.6897	5.e-002	-38.394
928	6.7927	2.7707	0.	-5489.
929	6.4458	3.0325	5.e-002	-42.412
930	9.2183	3.3894	0.	-5118.
931	9.1307	3.2275	5.e-002	-36.816
932	20.821	3.2545	0.	-668.71
933	21.264	3.1914	5.e-002	-5.9999
934	20.355	2.9479	0.	-801.02
935	19.876	3.3444	0.	-886.4
936	20.378	3.3176	5.e-002	-10.662
937	19.972	2.6479	0.	-839.13
938	20.167	2.3403	0.	-852.22
939	20.332	2.5782	5.e-002	-15.959
940	18.878	3.4395	0.	-1098.8
941	18.923	2.982	0.	-1079.5
942	19.493	3.0444	0.	-924.26
943	19.374	3.3712	5.e-002	-16.2
944	17.935	3.4718	0.	-1310.5
945	18.428	3.0503	0.	-1168.7
946	18.382	3.5078	5.e-002	-18.011
947	17.023	3.426	0.	-1543.
948	17.496	3.0161	0.	-1426.9
949	17.487	3.4359	5.e-002	-11.844
950	16.092	3.4104	0.	-1766.
951	16.563	3.0057	0.	-1652.5
952	16.558	3.4161	5.e-002	-11.115
953	15.159	3.4007	0.	-1995.1
954	15.628	3.0039	0.	-1877.3
955	15.625	3.4048	5.e-002	-11.744
956	14.224	3.391	0.	-2230.8
957	14.691	2.9983	0.	-2111.1
958	14.693	3.3967	5.e-002	-12.425
959	13.287	3.3815	0.	-2475.2
960	13.752	2.9857	0.	-2350.6
961	13.755	3.3853	5.e-002	-12.857
962	12.358	3.375	0.	-2735.1
963	12.811	2.9739	0.	-2610.5
964	12.819	3.3777	5.e-002	-11.46
965	11.441	3.3824	0.	-2993.3
966	11.898	3.3723	5.e-002	-13.743
967	10.569	3.4682	0.	-3326.9
968	10.936	3.017	0.	-3161.1
969	10.984	3.3925	5.e-002	-37.365
970	13.276	2.5781	0.	-2486.2
971	12.803	2.5701	5.e-002	-15.68
972	14.219	2.593	0.	-2231.2
973	13.749	2.5861	5.e-002	-11.718
974	15.16	2.6014	0.	-1993.7
975	14.689	2.5999	5.e-002	-12.326
976	16.1	2.5992	0.	-1764.3
977	15.631	2.6029	5.e-002	-12.226
978	17.036	2.5959	0.	-1536.8
979	16.568	2.5954	5.e-002	-11.103
980	17.989	2.5945	0.	-1285.5
981	17.504	2.5963	5.e-002	-10.117
982	18.871	2.4332	0.	-1100.7
983	18.473	2.5928	5.e-002	-20.017
984	19.441	2.4956	0.	-945.28
985	19.635	2.188	0.	-958.5
986	19.269	2.2736	5.e-002	-29.236
987	19.613	2.7176	5.e-002	-4.54
988	3.6877	2.9775	0.	-5148.4
989	4.7642	3.2015	0.	-4928.2
990	4.2765	2.9897	5.e-002	-31.393
991	3.0989	2.9654	5.e-002	-15.377
992	9.7294	3.5476	0.	-4041.1
993	10.153	3.5439	5.e-002	-25.29
994	9.306	3.5513	5.e-002	-35.871
995	10.887	2.6416	5.e-002	-49.478
996	6.3562	1.8499	5.e-002	-43.421
997	20.001	2.1023	5.e-002	-7.851
998	5.2518	3.4133	5.e-002	-29.647
999	7.3413	2.3634	0.	-6894.9
1000	7.5431	2.2178	5.e-002	-137.14
1001	7.1396	2.5089	5.e-002	-126.28
1002	9.6816	1.5062	0.	-3270.6
1003	9.5242	1.6866	5.e-002	-80.549
1004	9.839	1.3259	5.e-002	-132.02
1005	9.6816	1.5062	0.1	-196.34
1006	10.293	1.5669	0.1	-73.683
1007	9.4147	1.2015	0.1	-318.46
1008	9.9489	1.0211	0.1	-218.67
1009	9.1943	1.6355	0.1	-217.77
1010	9.6074	1.9356	0.1	-110.31
1011	7.3413	2.3634	0.1	-64.436
1012	6.7927	2.7707	0.1	-38.549
1013	6.8746	2.3753	0.1	-53.114
1014	7.2878	2.6551	0.1	-218.06
1015	7.5203	2.0272	0.1	-12.203
1016	7.6675	2.2902	0.1	-689.18
1017	4.7642	3.2015	0.1	-8.1852
1018	5.5533	3.0515	0.1	-35.262
1019	5.1098	3.8191	0.1	-9.052
1020	5.6507	3.5419	0.1	3.1958
1021	19.635	2.188	0.1	-23.908
1022	20.167	2.3403	0.1	-23.307
1023	20.104	1.8416	0.1	-9.0294
1024	6.2562	1.6054	0.1	-214.01
1025	6.4829	2.0458	0.1	6.132
1026	5.8216	2.078	0.1	-62.625
1027	6.8593	1.675	0.1	-416.02
1028	10.936	3.017	0.1	28.931
1029	10.817	2.2247	0.1	52.135
1030	11.365	2.6125	0.1	18.538
1031	10.397	2.712	0.1	108.46
1032	9.7294	3.5476	0.1	53.462
1033	9.2183	3.3894	0.1	68.76
1034	9.3584	3.8048	0.1	7.6673
1035	8.9415	3.6873	0.1	-9.5112
1036	10.569	3.4682	0.1	19.861
1037	10.199	3.9799	0.1	30.844
1038	9.7818	3.8011	0.1	21.758
1039	10.03	3.1632	0.1	107.73
1040	3.6877	2.9775	0.1	-40.238
1041	2.5637	2.9627	0.1	94.328
1042	3.0818	2.4677	0.1	-85.961
1043	3.0626	3.4656	0.1	-86.07
1044	4.1668	2.448	0.1	5.0696
1045	4.1491	3.5168	0.1	8.594
1046	4.7818	2.6479	0.1	-31.142
1047	19.441	2.4956	0.1	-40.551
1048	19.493	3.0444	0.1	-44.561
1049	19.972	2.6479	0.1	-38.842
1050	18.871	2.4332	0.1	-33.933
1051	19.257	1.9276	0.1	-52.673
1052	17.989	2.5945	0.1	-7.6663
1053	18.428	3.0503	0.1	-22.621
1054	18.923	2.982	0.1	-39.514
1055	18.423	2.153	0.1	-7.5844
1056	17.036	2.5959	0.1	-4.558
1057	17.496	3.0161	0.1	-10.364
1058	17.495	2.1705	0.1	-9.6532
1059	16.1	2.5992	0.1	-0.41807
1060	16.563	3.0057	0.1	1.1497
1061	16.562	2.1819	0.1	1.0005
1062	15.16	2.6014	0.1	-0.10738
1063	15.628	3.0039	0.1	-0.24243
1064	15.624	2.2074	0.1	-0.1422
1065	14.219	2.593	0.1	-0.75499
1066	14.691	2.9983	0.1	3.0906e-002
1067	14.688	2.2059	0.1	-0.17636
1068	13.276	2.5781	0.1	5.5085
1069	13.752	2.9857	0.1	-2.1467
1070	13.752	2.1818	0.1	-0.95956
1071	12.811	2.9739	0.1	9.9222
1072	12.808	2.1737	0.1	8.1018
1073	12.323	2.5768	0.1	-17.157
1074	11.441	3.3824	0.1	-12.991
1075	11.017	3.8394	0.1	-18.57
1076	12.358	3.375	0.1	3.5922
1077	11.91	3.8065	0.1	0.97878
1078	11.871	2.9779	0.1	-23.628
1079	13.287	3.3815	0.1	2.2731
1080	12.821	3.7829	0.1	2.1295
1081	14.224	3.391	0.1	-1.3673
1082	13.755	3.7867	0.1	-1.8674
1083	15.159	3.4007	0.1	-0.10306
1084	14.69	3.8029	0.1	0.14056
1085	16.092	3.4104	0.1	1.3468
1086	15.622	3.8166	0.1	5.3769e-003
1087	17.023	3.426	0.1	-3.4982
1088	16.551	3.8262	0.1	-0.75455
1089	17.935	3.4718	0.1	-31.234
1090	17.481	3.8521	0.1	-12.371
1091	18.878	3.4395	0.1	-73.225
1092	18.407	3.8929	0.1	-36.373
1093	19.876	3.3444	0.1	-73.589
1094	19.378	3.8051	0.1	-61.758
1095	20.355	2.9479	0.1	-67.665
1096	20.735	2.3227	0.1	-55.483
1097	20.821	3.2545	0.1	-66.655
1098	20.348	3.7581	0.1	-43.747
1099	21.201	2.6292	0.1	-54.732
1100	21.698	3.1497	0.1	-87.18
1101	21.256	3.6717	0.1	-65.951
1102	8.8774	3.117	0.1	55.423
1103	9.5194	3.005	0.1	122.58
1104	8.7239	3.4406	0.1	-490.26
1105	6.1503	2.8611	0.1	20.669
1106	6.2477	3.3515	0.1	58.635
1107	6.753	3.1334	0.1	28.51
1108	6.2322	2.4656	0.1	8.2221
1109	5.5709	2.4979	0.1	-55.583
1110	2.0173	3.4587	0.1	250.21
1111	1.512	2.9612	0.1	-426.03
1112	2.0251	2.452	0.1	252.07
1113	21.626	2.0886	0.1	-59.552
1114	21.182	1.5281	0.1	-40.911
1115	20.672	1.824	0.1	-37.14
1116	22.123	2.6091	0.1	-90.65
1117	22.601	3.0721	0.1	-112.6
1118	22.148	3.5947	0.1	-91.141
1119	10.648	4.3511	0.1	-7.5668
1120	9.875	4.4809	0.1	-47.664
1121	10.196	4.8164	0.1	-51.533
1122	8.3015	2.9527	0.1	-488.95
1123	8.7919	2.8001	0.1	-81.577
1124	8.376	3.2173	0.1	-890.2
1125	9.458	4.3021	0.1	-54.332
1126	9.0048	4.0578	0.1	252.58
1127	5.4301	4.3267	0.1	-12.51
1128	4.9508	4.6684	0.1	-5.5314
1129	4.4947	4.1344	0.1	8.4653
1130	5.9004	4.8139	0.1	-71.248
1131	5.9711	4.0495	0.1	0.15089
1132	6.2876	4.461	0.1	-63.808
1133	6.0916	1.032	0.1	-207.23
1134	6.6821	1.2021	0.1	-475.95
1135	5.6076	1.5067	0.1	-71.315
1136	7.0536	2.0391	0.1	119.69
1137	11.282	1.7794	0.1	-11.71
1138	11.84	1.3345	0.1	-44.613
1139	12.314	1.7642	0.1	-23.298
1140	11.829	2.1673	0.1	-47.964
1141	10.85	1.3377	0.1	41.4
1142	10.219	1.9962	0.1	-16.41
1143	11.042	4.7209	0.1	-6.2535
1144	11.487	4.2635	0.1	-4.6132
1145	7.7962	3.1245	0.1	-749.07
1146	7.7075	2.85	0.1	-512.78
1147	8.1538	2.6851	0.1	-1623.
1148	8.6443	2.5325	0.1	-994.05
1149	9.4339	2.6881	0.1	69.8
1150	8.9617	2.3502	0.1	74.777
1151	7.5169	3.6348	0.1	-355.49
1152	7.8707	3.3892	0.1	-1141.9
1153	7.3369	3.2923	0.1	-318.71
1154	1.9969	4.4645	0.1	209.87
1155	1.4991	3.9713	0.1	-461.07
1156	2.5163	3.9616	0.1	69.605
1157	22.121	1.5765	0.1	-71.371
1158	22.586	2.0664	0.1	-97.812
1159	9.1519	4.5447	0.1	-274.8
1160	9.354	4.916	0.1	-151.15
1161	7.2482	3.0178	0.1	-60.765
1162	7.614	2.582	0.1	-835.44
1163	8.5878	3.9403	0.1	65.453
1164	8.447	3.7385	0.1	-710.15
1165	8.9274	1.3308	0.1	-469.79
1166	8.914	1.8456	0.1	-132.47
1167	8.5156	1.5422	0.1	-914.62
1168	9.0534	0.82634	0.1	-344.46
1169	8.5785	1.0386	0.1	-74.641
1170	7.3848	4.197	0.1	-714.74
1171	7.1177	3.8681	0.1	-114.43
1172	7.7102	3.9597	0.1	-649.53
1173	7.392	4.696	0.1	-1488.2
1174	7.016	4.4841	0.1	-635.08
1175	7.6746	4.4873	0.1	-1650.7
1176	7.1767	5.1085	0.1	-1082.7
1177	7.7174	4.9588	0.1	-984.38
1178	2.4743	4.9865	0.1	80.761
1179	1.4814	4.992	0.1	-384.75
1180	1.9938	5.4858	0.1	182.89
1181	3.4683	5.0278	0.1	-14.701
1182	2.9936	4.4836	0.1	-59.292
1183	2.9805	5.5007	0.1	2.2296
1184	4.4547	5.0831	0.1	-7.2257
1185	3.9986	4.5491	0.1	7.8198
1186	3.9878	5.5272	0.1	22.436
1187	5.4211	5.1557	0.1	-63.927
1188	4.9669	5.5559	0.1	-9.4507
1189	6.4135	5.2496	0.1	-228.59
1190	5.9542	5.5998	0.1	-138.93
1191	6.8007	4.8966	0.1	-306.21
1192	7.4594	5.3998	0.1	89.145
1193	6.9594	5.6498	0.1	-371.03
1194	0.99885	2.4661	0.1	-1139.9
1195	0.99487	1.4725	0.1	-1061.8
1196	1.5119	1.957	0.1	-461.67
1197	0.50102	1.985	0.1	1425.4
1198	0.99384	3.4737	0.1	-1137.4
1199	0.49783	2.9811	0.1	1499.
1200	0.98358	4.4987	0.1	-1055.5
1201	0.49601	3.9926	0.1	1433.6
1202	0.48757	5.0062	0.1	1381.7
1203	0.98757	5.5062	0.1	-772.65
1204	5.5101	0.76827	0.1	-80.729
1205	6.5046	0.6329	0.1	-219.21
1206	6.0135	0.35153	0.1	-141.47
1207	4.4972	0.88153	0.1	-12.322
1208	5.0261	1.243	0.1	-18.209
1209	4.9966	0.41674	0.1	-11.978
1210	3.5067	0.94653	0.1	-8.3996
1211	4.0291	1.4179	0.1	7.1423
1212	4.0006	0.46479	0.1	21.805
1213	2.5103	0.96918	0.1	84.938
1214	3.0385	1.4668	0.1	-55.633
1215	3.0062	0.48175	0.1	1.8175
1216	1.498	0.975	0.1	-387.94
1217	2.0151	1.4594	0.1	212.33
1218	2.0041	0.48743	0.1	182.06
1219	0.49385	0.98757	0.1	1369.8
1220	0.99385	0.48757	0.1	-780.84
1221	7.0952	0.80303	0.1	-545.72
1222	7.2853	1.2717	0.1	-802.44
1223	7.604	1.0217	0.1	-318.67
1224	7.4911	0.53137	0.1	192.78
1225	6.9911	0.28137	0.1	-259.46
1226	21.677	1.016	0.1	-54.089
1227	22.594	1.033	0.1	-66.159
1228	22.132	0.52147	0.1	-57.546
1229	20.757	0.92701	0.1	-43.139
1230	21.216	0.49454	0.1	-48.803
1231	19.804	0.83495	0.1	-30.08
1232	20.247	1.2229	0.1	-39.375
1233	20.281	0.43247	0.1	-36.723
1234	18.85	0.8216	0.1	-21.744
1235	19.282	1.1933	0.1	-28.354
1236	19.332	0.40248	0.1	-25.7
1237	17.923	0.85355	0.1	-16.264
1238	18.376	1.2757	0.1	-19.403
1239	18.396	0.41911	0.1	-21.944
1240	17.005	0.87798	0.1	-9.3192
1241	17.476	1.3068	0.1	-7.3385
1242	17.474	0.43444	0.1	-18.557
1243	16.08	0.8965	0.1	-1.2814
1244	16.549	1.3278	0.1	-1.0061
1245	16.546	0.44354	0.1	-10.219
1246	15.152	0.90592	0.1	0.79027
1247	15.618	1.3589	0.1	0.29074
1248	15.618	0.45296	0.1	-1.6664
1249	14.221	0.90592	0.1	0.43865
1250	14.686	1.3589	0.1	0.27968
1251	14.686	0.45296	0.1	2.5343
1252	13.281	0.90121	0.1	6.6587
1253	13.755	1.3417	0.1	-0.22156
1254	13.755	0.45296	0.1	0.40592
1255	12.336	0.90725	0.1	-13.102
1256	12.81	1.3369	0.1	8.5229
1257	12.816	0.44825	0.1	9.8179
1258	11.409	0.89274	0.1	-1.7006
1259	11.879	0.459	0.1	-22.05
1260	10.506	0.79187	0.1	-100.42
1261	10.957	0.43374	0.1	-61.763
1262	23.074	3.5382	0.1	-121.5
1263	23.08	4.5302	0.1	-94.913
1264	22.622	4.0607	0.1	-100.54
1265	23.54	4.0201	0.1	-123.25
1266	23.063	2.5294	0.1	-119.13
1267	23.535	3.0181	0.1	-136.1
1268	23.059	1.5229	0.1	-91.66
1269	23.529	2.0113	0.1	-118.71
1270	23.53	1.0116	0.1	-76.982
1271	23.064	0.51158	0.1	-68.179
1272	8.7603	4.7316	0.1	-994.46
1273	8.6987	4.3004	0.1	-268.39
1274	8.4827	4.5218	0.1	-920.05
1275	8.9624	5.1028	0.1	-769.1
1276	8.4444	4.9598	0.1	-685.84
1277	9.6753	5.2515	0.1	-147.19
1278	8.6847	5.393	0.1	106.38
1279	9.1504	5.643	0.1	-280.49
1280	10.59	5.1862	0.1	-51.503
1281	10.089	5.6085	0.1	-105.72
1282	11.481	5.1399	0.1	-2.4181
1283	10.997	5.5777	0.1	-4.6298
1284	12.38	5.1135	0.1	-1.8596
1285	11.926	4.6826	0.1	-0.62894
1286	11.911	5.5622	0.1	-3.4759
1287	13.293	5.0983	0.1	0.30145
1288	12.827	4.6453	0.1	-1.6419
1289	12.827	5.5512	0.1	1.3772
1290	14.219	5.0992	0.1	1.0073
1291	13.755	4.6411	0.1	-8.5583e-002
1292	13.755	5.547	0.1	1.5007
1293	15.149	5.1087	0.1	0.69839
1294	14.685	4.6567	0.1	0.73157
1295	14.685	5.5521	0.1	0.65119
1296	16.08	5.1173	0.1	-5.2947
1297	15.616	4.6707	0.1	0.21851
1298	15.616	5.5565	0.1	-5.7916
1299	17.014	5.1258	0.1	-12.676
1300	16.545	4.679	0.1	-6.2925
1301	16.548	5.5608	0.1	-12.344
1302	17.953	5.1301	0.1	-15.918
1303	17.478	4.6991	0.1	-16.883
1304	17.481	5.565	0.1	-17.342
1305	18.894	5.1241	0.1	-18.728
1306	18.428	4.7041	0.1	-16.235
1307	18.418	5.5651	0.1	-19.132
1308	19.832	5.1082	0.1	-25.377
1309	19.374	4.6784	0.1	-27.633
1310	19.354	5.559	0.1	-23.844
1311	20.764	5.0862	0.1	-34.478
1312	20.308	4.6485	0.1	-30.001
1313	20.287	5.5492	0.1	-30.29
1314	21.694	5.0601	0.1	-48.051
1315	21.239	4.613	0.1	-47.147
1316	21.218	5.537	0.1	-39.627
1317	22.62	5.0333	0.1	-65.629
1318	22.161	4.5638	0.1	-70.177
1319	22.148	5.5231	0.1	-52.847
1320	23.075	5.5102	0.1	-66.81
1321	23.541	5.0102	0.1	-79.585
1322	8.0604	2.417	0.1	-1825.1
1323	8.2477	2.2357	0.1	-736.01
1324	8.2225	3.5409	0.1	-1610.3
1325	8.0639	3.7141	0.1	-1254.
1326	12.373	4.2144	0.1	-0.48631
1327	13.289	4.1882	0.1	-2.0366
1328	14.221	4.1986	0.1	-0.35705
1329	15.153	4.2188	0.1	0.25178
1330	16.081	4.2324	0.1	0.42438
1331	17.009	4.2523	0.1	-11.208
1332	17.953	4.2731	0.1	-18.239
1333	18.908	4.2584	0.1	-26.047
1334	19.85	4.2187	0.1	-33.221
1335	20.783	4.1752	0.1	-43.695
1336	21.706	4.1166	0.1	-70.448
1337	19.725	1.5813	0.1	-37.377
1338	18.809	1.6474	0.1	-27.133
1339	17.929	1.7289	0.1	-11.375
1340	17.02	1.7565	0.1	-1.8395
1341	16.087	1.7901	0.1	1.2997
1342	15.152	1.8118	0.1	-0.20704
1343	14.22	1.7946	0.1	-0.3805
1344	13.284	1.7774	0.1	1.6344
1345	4.558	1.7794	0.1	-1.3716e-002
1346	5.1731	1.9793	0.1	-37.033
1347	3.5609	1.9382	0.1	-40.583
1348	2.5433	1.957	0.1	71.578
1349	3.524	4.0048	0.1	-37.187
1350	7.43	1.6683	0.1	-497.98
1351	7.6813	1.5	0.1	-1198.5
1352	9.7993	2.4835	0.1	35.085
1353	6.4323	3.7437	0.1	7.2061
1354	9.3271	2.1456	0.1	1.4204
1355	9.5877	0.64588	0.1	-161.09
1356	10.044	0.35812	0.1	-161.19
1357	6.9376	3.5256	0.1	-56.154
1358	8.6415	0.53776	0.1	107.83
1359	9.1072	0.28776	0.1	-186.27
1360	6.7488	4.1552	0.1	-119.37
1361	8.5651	2.0533	0.1	425.21
1362	8.3827	4.0286	0.1	-359.43
1363	7.7488	1.9183	0.1	-1252.9
1364	8.2419	3.8269	0.1	-1063.9
1365	7.896	2.1814	0.1	-1777.4
1366	8.1667	5.25	0.1	-42.946
1367	8.1667	5.75	0.1	292.53
1368	8.1667	5.5	5.e-002	-184.45
1369	8.1667	4.75	0.1	-831.49
1370	8.1667	5.	5.e-002	-359.99
1371	8.1667	4.25	0.1	-803.91
1372	8.1667	4.5	5.e-002	-409.61
1373	8.0833	4.	0.1	177.
1374	8.1667	4.	5.e-002	-255.46
1375	8.	4.25	0.1	-1250.8
1376	8.	4.	5.e-002	-688.43
1377	8.	4.75	0.1	-1408.4
1378	8.	4.5	5.e-002	-521.76
1379	8.	5.25	0.1	-93.437
1380	8.	5.	5.e-002	-449.29
1381	8.	5.75	0.1	380.8
1382	8.	5.5	5.e-002	-255.29
1383	8.1667	0.75	0.1	226.39
1384	8.1667	0.25	0.1	303.73
1385	8.1667	0.5	5.e-002	-140.06
1386	8.1667	1.25	0.1	-877.3
1387	8.1667	1.	5.e-002	-271.45
1388	8.1667	1.75	0.1	-346.07
1389	8.1667	1.5	5.e-002	-661.1
1390	8.0833	2.	0.1	723.01
1391	8.1667	2.	5.e-002	-109.58
1392	8.	1.75	0.1	-1886.6
1393	8.	2.	5.e-002	-506.43
1394	8.	1.25	0.1	-1080.2
1395	8.	1.5	5.e-002	-731.54
1396	8.	0.75	0.1	192.07
1397	8.	1.	5.e-002	-293.82
1398	8.	0.25	0.1	326.14
1399	8.	0.5	5.e-002	-182.66
1400	8.6324	6.	0.1	127.58
1401	8.1667	6.	5.e-002	-132.89
1402	9.5637	6.	0.1	-206.79
1403	9.098	6.	5.e-002	-22.971
1404	10.495	6.	0.1	-80.985
1405	10.029	6.	5.e-002	-11.412
1406	11.426	6.	0.1	-7.3059
1407	10.961	6.	5.e-002	-13.351
1408	12.358	6.	0.1	-0.43421
1409	11.892	6.	5.e-002	-23.8
1410	13.289	6.	0.1	2.2759
1411	12.824	6.	5.e-002	-26.258
1412	14.221	6.	0.1	-2.018
1413	13.755	6.	5.e-002	-27.654
1414	15.152	6.	0.1	-8.0668
1415	14.686	6.	5.e-002	-29.315
1416	16.083	6.	0.1	-13.426
1417	15.618	6.	5.e-002	-29.763
1418	17.015	6.	0.1	-17.636
1419	16.549	6.	5.e-002	-29.306
1420	17.946	6.	0.1	-21.185
1421	17.48	6.	5.e-002	-29.122
1422	18.877	6.	0.1	-25.096
1423	18.412	6.	5.e-002	-28.302
1424	19.809	6.	0.1	-30.04
1425	19.343	6.	5.e-002	-27.197
1426	20.74	6.	0.1	-36.881
1427	20.275	6.	5.e-002	-25.486
1428	21.672	6.	0.1	-46.342
1429	21.206	6.	5.e-002	-23.757
1430	22.603	6.	0.1	-56.448
1431	22.137	6.	5.e-002	-19.567
1432	23.534	6.	0.1	-56.617
1433	23.069	6.	5.e-002	-16.101
1434	24.	5.5	0.1	-68.07
1435	24.	6.	5.e-002	-9.7042
1436	24.	4.5	0.1	-107.69
1437	24.	5.	5.e-002	-10.842
1438	24.	3.5	0.1	-137.56
1439	24.	4.	5.e-002	-10.472
1440	24.	2.5	0.1	-135.5
1441	24.	3.	5.e-002	-10.266
1442	24.	1.5	0.1	-103.81
1443	24.	2.	5.e-002	-10.793
1444	24.	0.5	0.1	-65.796
1445	24.	1.	5.e-002	-11.291
1446	1.3113e-014	1.5	0.1	3857.9
1447	4.371e-015	0.5	0.1	2941.6
1448	8.8602e-015	1.	5.e-002	-150.39
1449	2.1855e-014	2.5	0.1	4058.3
1450	1.772e-014	2.	5.e-002	-56.969
1451	3.0597e-014	3.5	0.1	4062.6
1452	2.6581e-014	3.	5.e-002	-48.393
1453	3.9339e-014	4.5	0.1	3870.3
1454	3.5441e-014	4.	5.e-002	-65.398
1455	4.8081e-014	5.5	0.1	2948.8
1456	4.4301e-014	5.	5.e-002	-150.39
1457	23.534	0.	0.1	-58.591
1458	24.	0.	5.e-002	-10.216
1459	22.603	0.	0.1	-62.221
1460	23.069	0.	5.e-002	-15.669
1461	21.672	0.	0.1	-54.528
1462	22.137	0.	5.e-002	-18.18
1463	20.74	0.	0.1	-43.497
1464	21.206	0.	5.e-002	-22.744
1465	19.809	0.	0.1	-33.173
1466	20.275	0.	5.e-002	-27.389
1467	18.877	0.	0.1	-27.301
1468	19.343	0.	5.e-002	-31.867
1469	17.946	0.	0.1	-25.167
1470	18.412	0.	5.e-002	-28.739
1471	17.015	0.	0.1	-19.998
1472	17.48	0.	5.e-002	-29.741
1473	16.083	0.	0.1	-11.063
1474	16.549	0.	5.e-002	-29.435
1475	15.152	0.	0.1	-2.2868
1476	15.618	0.	5.e-002	-28.89
1477	14.221	0.	0.1	2.494
1478	14.686	0.	5.e-002	-29.209
1479	13.289	0.	0.1	3.4862
1480	13.755	0.	5.e-002	-28.619
1481	12.358	0.	0.1	-3.3567
1482	12.824	0.	5.e-002	-22.849
1483	11.426	0.	0.1	-41.293
1484	11.892	0.	5.e-002	-16.705
1485	10.495	0.	0.1	-126.71
1486	10.961	0.	5.e-002	-26.509
1487	9.5637	0.	0.1	-163.53
1488	10.029	0.	5.e-002	-21.864
1489	8.6324	0.	0.1	128.2
1490	9.098	0.	5.e-002	-19.337
1491	8.1667	0.	5.e-002	-69.244
1492	7.5	1.1374e-030	0.1	136.51
1493	8.	1.2132e-030	5.e-002	-97.969
1494	6.5	9.8571e-031	0.1	-174.24
1495	7.	0.	5.e-002	-58.923
1496	5.5	8.3406e-031	0.1	-48.758
1497	6.	0.	5.e-002	-23.796
1498	4.5	6.8242e-031	0.1	22.184
1499	5.	0.	5.e-002	-22.924
1500	3.5	5.3077e-031	0.1	31.964
1501	4.	0.	5.e-002	-11.485
1502	2.5	3.7912e-031	0.1	97.464
1503	3.	0.	5.e-002	-34.417
1504	1.5	2.2747e-031	0.1	-211.45
1505	2.	0.	5.e-002	-112.8
1506	0.5	7.5824e-032	0.1	779.17
1507	1.	0.	5.e-002	-154.05
1508	0.	0.	5.e-002	-936.04
1509	0.5	6.	0.1	783.67
1510	5.2451e-014	6.	5.e-002	-954.54
1511	1.5	6.	0.1	-205.58
1512	1.	6.	5.e-002	-155.36
1513	2.5	6.	0.1	102.92
1514	2.	6.	5.e-002	-103.9
1515	3.5	6.	0.1	39.318
1516	3.	6.	5.e-002	-35.995
1517	4.5	6.	0.1	20.086
1518	4.	6.	5.e-002	-12.466
1519	5.5	6.	0.1	-68.691
1520	5.	6.	5.e-002	-24.708
1521	6.5	6.	0.1	-250.43
1522	6.	6.	5.e-002	-46.181
1523	7.5	6.	0.1	179.11
1524	7.	6.	5.e-002	-39.121
1525	8.	6.	5.e-002	-148.42
1526	6.5	6.	0.	-3165.6
1527	7.5	6.	0.	-2167.3
1528	5.5	6.	0.	-4361.9
1529	4.5	6.	0.	-5075.9
1530	3.5	6.	0.	-5551.
1531	2.5	6.	0.	-6012.3
1532	1.5	6.	0.	-5852.
1533	0.5	6.	0.	-5117.3
1534	8.	5.75	0.	-2265.3
1535	4.8081e-014	5.5	0.	-6153.2
1536	1.5	2.2747e-031	0.	-5840.6
1537	0.5	7.5824e-032	0.	-5104.5
1538	2.5	3.7912e-031	0.	-5999.
1539	3.5	5.3077e-031	0.	-5535.8
1540	4.5	6.8242e-031	0.	-5052.2
1541	5.5	8.3406e-031	0.	-4377.7
1542	6.5	9.8571e-031	0.	-3200.2
1543	7.5	1.1374e-030	0.	-2104.3
1544	8.	0.25	0.	-2110.4
1545	4.371e-015	0.5	0.	-6129.4
1546	9.5637	0.	0.	-2253.4
1547	8.6324	0.	0.	-1590.5
1548	10.495	0.	0.	-2734.3
1549	11.426	0.	0.	-2808.
1550	12.358	0.	0.	-2707.2
1551	13.289	0.	0.	-2505.9
1552	14.221	0.	0.	-2266.7
1553	15.152	0.	0.	-2024.5
1554	16.083	0.	0.	-1787.8
1555	17.015	0.	0.	-1554.2
1556	17.946	0.	0.	-1328.7
1557	18.877	0.	0.	-1116.6
1558	19.809	0.	0.	-898.01
1559	20.74	0.	0.	-677.09
1560	21.672	0.	0.	-469.58
1561	22.603	0.	0.	-270.95
1562	23.534	0.	0.	-123.61
1563	8.1667	0.25	0.	-1621.2
1564	24.	0.5	0.	-86.749
1565	3.9339e-014	4.5	0.	-7846.3
1566	3.0597e-014	3.5	0.	-8249.2
1567	2.1855e-014	2.5	0.	-8237.1
1568	1.3113e-014	1.5	0.	-7817.
1569	24.	1.5	0.	-105.51
1570	24.	2.5	0.	-106.49
1571	24.	3.5	0.	-103.87
1572	24.	4.5	0.	-99.446
1573	24.	5.5	0.	-81.601
1574	23.534	6.	0.	-121.56
1575	22.603	6.	0.	-274.17
1576	21.672	6.	0.	-478.4
1577	20.74	6.	0.	-688.8
1578	19.809	6.	0.	-899.94
1579	18.877	6.	0.	-1111.7
1580	17.946	6.	0.	-1327.5
1581	17.015	6.	0.	-1550.9
1582	16.083	6.	0.	-1780.9
1583	15.152	6.	0.	-2016.
1584	14.221	6.	0.	-2253.7
1585	13.289	6.	0.	-2489.1
1586	12.358	6.	0.	-2709.6
1587	11.426	6.	0.	-2869.1
1588	10.495	6.	0.	-2794.3
1589	9.5637	6.	0.	-2237.7
1590	8.6324	6.	0.	-1650.2
1591	8.1667	5.75	0.	-1766.9
1592	8.	1.25	0.	-4323.3
1593	8.	1.75	0.	-9645.9
1594	8.	0.75	0.	-2984.3
1595	8.0833	2.	0.	-13405
1596	8.1667	0.75	0.	-2579.1
1597	8.1667	1.25	0.	-4600.1
1598	8.1667	1.75	0.	-10362
1599	8.	4.75	0.	-4094.5
1600	8.	4.25	0.	-9427.5
1601	8.	5.25	0.	-2732.2
1602	8.0833	4.	0.	-14157
1603	8.1667	5.25	0.	-2305.8
1604	8.1667	4.75	0.	-3416.4
1605	8.1667	4.25	0.	-9847.1
