Node Number	X Location (in)	Y Location (in)	Z Location (in)	Middle Principal Elastic Strain (in/in)
1	3.1931	2.9533	0.	3.4327e-004
2	4.2179	3.4228	0.	2.446e-004
3	5.2885	1.5512	0.	1.4635e-004
4	3.6305	3.3486	0.	2.2921e-004
5	5.3335	3.4552	0.	1.2654e-004
6	2.2753	1.6653	0.	1.8742e-004
7	2.316	0.64263	0.	1.4408e-004
8	2.1764	5.1903	0.	1.4576e-004
9	4.2483	5.0729	0.	8.9625e-005
10	4.7236	4.7004	0.	1.5252e-004
11	5.2004	2.5976	0.	1.0668e-004
12	4.6039	0.64272	0.	1.1208e-004
13	4.4771	5.4614	0.	9.5013e-005
14	5.6378	0.92859	0.	1.323e-004
15	1.0924	2.4739	0.	1.0486e-005
16	1.2072	1.2177	0.	6.1619e-005
17	1.0698	4.9288	0.	6.8561e-005
18	6.692	1.1544	0.	1.3488e-004
19	7.9248	1.1934	0.	1.2318e-004
20	9.1278	1.2037	0.	1.1568e-004
21	10.313	1.215	0.	1.062e-004
22	11.484	1.2131	0.	9.6968e-005
23	12.634	1.2116	0.	8.7575e-005
24	13.779	1.2114	0.	7.7598e-005
25	14.909	1.2091	0.	6.7833e-005
26	16.044	1.1998	0.	5.8309e-005
27	17.18	1.1944	0.	4.9107e-005
28	18.319	1.1804	0.	4.0071e-005
29	19.453	1.1818	0.	3.1239e-005
30	20.588	1.1916	0.	2.2497e-005
31	21.724	1.1927	0.	1.3828e-005
32	22.861	1.1955	0.	5.0341e-006
33	1.2382	3.7226	0.	1.2174e-005
34	22.853	2.3939	0.	3.9427e-006
35	22.849	3.6005	0.	3.9678e-006
36	22.855	4.7962	0.	5.0656e-006
37	21.716	4.7969	0.	1.3876e-005
38	20.575	4.7942	0.	2.2586e-005
39	19.442	4.7912	0.	3.1304e-005
40	18.306	4.7888	0.	4.0166e-005
41	17.176	4.7901	0.	4.9139e-005
42	16.04	4.7973	0.	5.8359e-005
43	14.915	4.8361	0.	6.781e-005
44	13.768	4.8198	0.	7.7635e-005
45	12.624	4.8139	0.	8.7557e-005
46	11.47	4.8042	0.	9.6958e-005
47	10.3	4.7989	0.	1.0638e-004
48	9.1057	4.7867	0.	1.1586e-004
49	7.8535	4.7693	0.	1.1949e-004
50	6.4472	4.7704	0.	1.3947e-004
51	5.4074	5.2297	0.	1.2092e-004
52	6.4131	2.2793	0.	1.1391e-004
53	6.5799	3.5163	0.	1.1931e-004
54	7.8051	2.3778	0.	1.1371e-004
55	9.0501	2.401	0.	1.1037e-004
56	10.269	2.4157	0.	1.0389e-004
57	11.465	2.4278	0.	9.5555e-005
58	12.618	2.4232	0.	8.676e-005
59	13.755	2.426	0.	7.7671e-005
60	14.881	2.4198	0.	6.7956e-005
61	16.024	2.3907	0.	5.8473e-005
62	17.173	2.3853	0.	4.9053e-005
63	18.305	2.3867	0.	3.9968e-005
64	19.438	2.3893	0.	3.103e-005
65	20.571	2.3927	0.	2.2217e-005
66	21.709	2.3911	0.	1.3225e-005
67	21.71	3.5973	0.	1.3215e-005
68	20.561	3.5902	0.	2.2282e-005
69	19.428	3.5808	0.	3.1145e-005
70	18.301	3.5884	0.	3.9995e-005
71	17.165	3.5883	0.	4.907e-005
72	16.022	3.5971	0.	5.8397e-005
73	14.894	3.6185	0.	6.7918e-005
74	13.759	3.65	0.	7.7711e-005
75	12.613	3.6334	0.	8.6908e-005
76	11.452	3.6147	0.	9.5595e-005
77	10.261	3.6146	0.	1.0322e-004
78	9.0356	3.6014	0.	1.1098e-004
79	7.7743	3.5677	0.	1.1582e-004
80	5.1572	4.1701	0.	1.3816e-004
81	2.5833	1.1065	0.	1.0883e-004
82	2.2679	2.4601	0.	1.5492e-004
83	2.2924	3.2051	0.	1.1043e-004
84	2.6532	3.9449	0.	1.3817e-004
85	4.0575	2.589	0.	2.811e-004
86	3.0952	3.6705	0.	2.5192e-004
87	4.4414	1.1702	0.	1.1645e-004
88	4.5164	1.9309	0.	1.4496e-004
89	4.1902	1.5165	0.	1.4294e-004
90	2.3191	4.4906	0.	1.8034e-004
91	2.3191	4.4906	0.1	-1.8034e-004
92	4.1902	1.5165	0.1	-1.4294e-004
93	4.5164	1.9309	0.1	-1.4496e-004
94	4.4414	1.1702	0.1	-1.1645e-004
95	3.0952	3.6705	0.1	-2.5192e-004
96	4.0575	2.589	0.1	-2.811e-004
97	2.6532	3.9449	0.1	-1.3817e-004
98	2.2924	3.2051	0.1	-1.1043e-004
99	2.2679	2.4601	0.1	-1.5492e-004
100	2.5833	1.1065	0.1	-1.0883e-004
101	5.1572	4.1701	0.1	-1.3816e-004
102	7.7743	3.5677	0.1	-1.1582e-004
103	9.0356	3.6014	0.1	-1.1098e-004
104	10.261	3.6146	0.1	-1.0322e-004
105	11.452	3.6147	0.1	-9.5595e-005
106	12.613	3.6334	0.1	-8.6908e-005
107	13.759	3.65	0.1	-7.7711e-005
108	14.894	3.6185	0.1	-6.7918e-005
109	16.022	3.5971	0.1	-5.8397e-005
110	17.165	3.5883	0.1	-4.907e-005
111	18.301	3.5884	0.1	-3.9995e-005
112	19.428	3.5808	0.1	-3.1145e-005
113	20.561	3.5902	0.1	-2.2282e-005
114	21.71	3.5973	0.1	-1.3215e-005
115	21.709	2.3911	0.1	-1.3225e-005
116	20.571	2.3927	0.1	-2.2217e-005
117	19.438	2.3893	0.1	-3.103e-005
118	18.305	2.3867	0.1	-3.9968e-005
119	17.173	2.3853	0.1	-4.9053e-005
120	16.024	2.3907	0.1	-5.8473e-005
121	14.881	2.4198	0.1	-6.7956e-005
122	13.755	2.426	0.1	-7.7671e-005
123	12.618	2.4232	0.1	-8.676e-005
124	11.465	2.4278	0.1	-9.5555e-005
125	10.269	2.4157	0.1	-1.0389e-004
126	9.0501	2.401	0.1	-1.1037e-004
127	7.8051	2.3778	0.1	-1.1371e-004
128	6.5799	3.5163	0.1	-1.1931e-004
129	6.4131	2.2793	0.1	-1.1391e-004
130	5.4074	5.2297	0.1	-1.2092e-004
131	6.4472	4.7704	0.1	-1.3947e-004
132	7.8535	4.7693	0.1	-1.1949e-004
133	9.1057	4.7867	0.1	-1.1586e-004
134	10.3	4.7989	0.1	-1.0638e-004
135	11.47	4.8042	0.1	-9.6958e-005
136	12.624	4.8139	0.1	-8.7557e-005
137	13.768	4.8198	0.1	-7.7635e-005
138	14.915	4.8361	0.1	-6.781e-005
139	16.04	4.7973	0.1	-5.8359e-005
140	17.176	4.7901	0.1	-4.9139e-005
141	18.306	4.7888	0.1	-4.0166e-005
142	19.442	4.7912	0.1	-3.1304e-005
143	20.575	4.7942	0.1	-2.2586e-005
144	21.716	4.7969	0.1	-1.3876e-005
145	22.855	4.7962	0.1	-5.0656e-006
146	22.849	3.6005	0.1	-3.9678e-006
147	22.853	2.3939	0.1	-3.9427e-006
148	1.2382	3.7226	0.1	-1.2174e-005
149	22.861	1.1955	0.1	-5.0341e-006
150	21.724	1.1927	0.1	-1.3828e-005
151	20.588	1.1916	0.1	-2.2497e-005
152	19.453	1.1818	0.1	-3.1239e-005
153	18.319	1.1804	0.1	-4.0071e-005
154	17.18	1.1944	0.1	-4.9107e-005
155	16.044	1.1998	0.1	-5.8309e-005
156	14.909	1.2091	0.1	-6.7833e-005
157	13.779	1.2114	0.1	-7.7598e-005
158	12.634	1.2116	0.1	-8.7575e-005
159	11.484	1.2131	0.1	-9.6968e-005
160	10.313	1.215	0.1	-1.062e-004
161	9.1278	1.2037	0.1	-1.1568e-004
162	7.9248	1.1934	0.1	-1.2318e-004
163	6.692	1.1544	0.1	-1.3488e-004
164	1.0698	4.9288	0.1	-6.8561e-005
165	1.2072	1.2177	0.1	-6.1619e-005
166	1.0924	2.4739	0.1	-1.0486e-005
167	5.6378	0.92859	0.1	-1.323e-004
168	4.4771	5.4614	0.1	-9.5013e-005
169	4.6039	0.64272	0.1	-1.1208e-004
170	5.2004	2.5976	0.1	-1.0668e-004
171	4.7236	4.7004	0.1	-1.5252e-004
172	4.2483	5.0729	0.1	-8.9625e-005
173	2.1764	5.1903	0.1	-1.4576e-004
174	2.316	0.64263	0.1	-1.4408e-004
175	2.2753	1.6653	0.1	-1.8742e-004
176	5.3335	3.4552	0.1	-1.2654e-004
177	3.6305	3.3486	0.1	-2.2921e-004
178	5.2885	1.5512	0.1	-1.4635e-004
179	4.2179	3.4228	0.1	-2.446e-004
180	3.1931	2.9533	0.1	-3.4327e-004
181	3.5867	4.	0.1	-2.6338e-004
182	3.5867	4.5	0.1	-6.9594e-005
183	3.5867	5.	0.1	2.3094e-005
184	3.5867	5.5	0.1	-2.0675e-005
185	3.42	5.5	0.1	-5.4568e-005
186	3.42	5.	0.1	-8.3625e-005
187	3.42	4.5	0.1	3.242e-006
188	3.42	4.	0.1	-6.3833e-004
189	3.5867	2.	0.1	-4.4749e-004
190	3.5867	1.5	0.1	3.5722e-005
191	3.5867	1.	0.1	-4.3586e-005
192	3.5867	0.5	0.1	-4.0734e-005
193	3.42	0.5	0.1	-1.3243e-005
194	3.42	1.	0.1	-1.4879e-005
195	3.42	1.5	0.1	-8.247e-005
196	3.42	2.	0.1	-4.4671e-004
197	3.5867	6.	0.1	-6.3928e-006
198	4.7207	6.	0.1	-1.0109e-004
199	5.8548	6.	0.1	-1.3399e-004
200	6.9889	6.	0.1	-1.0506e-004
201	8.123	6.	0.1	-1.2874e-004
202	9.257	6.	0.1	-1.1759e-004
203	10.391	6.	0.1	-1.0757e-004
204	11.525	6.	0.1	-9.7541e-005
205	12.659	6.	0.1	-8.7467e-005
206	13.793	6.	0.1	-7.7384e-005
207	14.927	6.	0.1	-6.7764e-005
208	16.061	6.	0.1	-5.847e-005
209	17.196	6.	0.1	-4.923e-005
210	18.33	6.	0.1	-4.0321e-005
211	19.464	6.	0.1	-3.1646e-005
212	20.598	6.	0.1	-2.3184e-005
213	21.732	6.	0.1	-1.4989e-005
214	22.866	6.	0.1	-6.786e-006
215	24.	6.	0.1	4.5507e-007
216	24.	4.8	0.1	4.3232e-006
217	24.	3.6	0.1	5.6732e-006
218	24.	2.4	0.1	5.6932e-006
219	24.	1.2	0.1	4.3248e-006
220	0.	1.2	0.1	2.068e-005
221	0.	2.4	0.1	2.4733e-005
222	0.	3.6	0.1	2.2351e-005
223	0.	4.8	0.1	7.4505e-006
224	24.	0.	0.1	4.432e-007
225	22.866	0.	0.1	-6.7755e-006
226	21.732	0.	0.1	-1.496e-005
227	20.598	0.	0.1	-2.3167e-005
228	19.464	0.	0.1	-3.1668e-005
229	18.33	0.	0.1	-4.0313e-005
230	17.196	0.	0.1	-4.9228e-005
231	16.061	0.	0.1	-5.8458e-005
232	14.927	0.	0.1	-6.7823e-005
233	13.793	0.	0.1	-7.7439e-005
234	12.659	0.	0.1	-8.7391e-005
235	11.525	0.	0.1	-9.7679e-005
236	10.391	0.	0.1	-1.0796e-004
237	9.257	0.	0.1	-1.1862e-004
238	8.123	0.	0.1	-1.2839e-004
239	6.9889	0.	0.1	-1.3283e-004
240	5.8548	0.	0.1	-1.3789e-004
241	4.7207	0.	0.1	-1.0704e-004
242	3.5867	0.	0.1	-7.1443e-006
243	3.42	0.	0.1	-3.2097e-005
244	2.28	0.	0.1	-1.035e-004
245	1.14	0.	0.1	-2.28e-004
246	0.	0.	0.1	8.0605e-006
247	0.	6.	0.1	-7.3275e-006
248	1.14	6.	0.1	-2.2583e-004
249	2.28	6.	0.1	-1.1127e-004
250	3.42	6.	0.1	-2.1168e-005
251	2.28	6.	0.	1.1127e-004
252	1.14	6.	0.	2.2583e-004
253	3.42	6.	0.	2.1168e-005
254	0.	6.	0.	7.3275e-006
255	1.14	0.	0.	2.28e-004
256	2.28	0.	0.	1.035e-004
257	3.42	0.	0.	3.2097e-005
258	0.	0.	0.	-8.0605e-006
259	4.7207	0.	0.	1.0704e-004
260	5.8548	0.	0.	1.3789e-004
261	6.9889	0.	0.	1.3283e-004
262	8.123	0.	0.	1.2839e-004
263	9.257	0.	0.	1.1862e-004
264	10.391	0.	0.	1.0796e-004
265	11.525	0.	0.	9.7679e-005
266	12.659	0.	0.	8.7391e-005
267	13.793	0.	0.	7.7439e-005
268	14.927	0.	0.	6.7823e-005
269	16.061	0.	0.	5.8458e-005
270	17.196	0.	0.	4.9228e-005
271	18.33	0.	0.	4.0313e-005
272	19.464	0.	0.	3.1668e-005
273	20.598	0.	0.	2.3167e-005
274	21.732	0.	0.	1.496e-005
275	22.866	0.	0.	6.7755e-006
276	3.5867	0.	0.	7.1443e-006
277	24.	0.	0.	-4.432e-007
278	0.	4.8	0.	-7.4505e-006
279	0.	3.6	0.	-2.2351e-005
280	0.	2.4	0.	-2.4733e-005
281	0.	1.2	0.	-2.068e-005
282	24.	1.2	0.	-4.3248e-006
283	24.	2.4	0.	-5.6932e-006
284	24.	3.6	0.	-5.6732e-006
285	24.	4.8	0.	-4.3232e-006
286	24.	6.	0.	-4.5507e-007
287	22.866	6.	0.	6.786e-006
288	21.732	6.	0.	1.4989e-005
289	20.598	6.	0.	2.3184e-005
290	19.464	6.	0.	3.1646e-005
291	18.33	6.	0.	4.0321e-005
292	17.196	6.	0.	4.923e-005
293	16.061	6.	0.	5.847e-005
294	14.927	6.	0.	6.7764e-005
295	13.793	6.	0.	7.7384e-005
296	12.659	6.	0.	8.7467e-005
297	11.525	6.	0.	9.7541e-005
298	10.391	6.	0.	1.0757e-004
299	9.257	6.	0.	1.1759e-004
300	8.123	6.	0.	1.2874e-004
301	6.9889	6.	0.	1.0506e-004
302	5.8548	6.	0.	1.3399e-004
303	4.7207	6.	0.	1.0109e-004
304	3.5867	6.	0.	6.3928e-006
305	3.42	1.5	0.	8.247e-005
306	3.42	1.	0.	1.4879e-005
307	3.42	0.5	0.	1.3243e-005
308	3.42	2.	0.	4.4671e-004
309	3.5867	0.5	0.	4.0734e-005
310	3.5867	1.	0.	4.3586e-005
311	3.5867	1.5	0.	-3.5722e-005
312	3.5867	2.	0.	4.4749e-004
313	3.42	4.5	0.	-3.242e-006
314	3.42	5.	0.	8.3625e-005
315	3.42	5.5	0.	5.4568e-005
316	3.42	4.	0.	6.3833e-004
317	3.5867	5.5	0.	2.0675e-005
318	3.5867	5.	0.	-2.3094e-005
319	3.5867	4.5	0.	6.9594e-005
320	3.5867	4.	0.	2.6338e-004
321	3.4118	3.151	0.	2.8625e-004
322	2.7427	3.0792	0.	2.8044e-004
323	3.6253	2.7712	0.	3.1907e-004
324	3.1441	3.3119	0.	2.9479e-004
325	3.1931	2.9533	5.e-002	1.7127e-013
326	3.3065	2.4767	0.	4.3711e-004
327	3.9242	3.3857	0.	2.4695e-004
328	4.7757	3.439	0.	1.8552e-004
329	4.1377	3.0059	0.	2.5997e-004
330	4.2179	3.4228	5.e-002	3.5384e-012
331	3.9023	3.7114	0.	2.6433e-004
332	5.4631	1.2399	0.	1.4547e-004
333	5.8508	1.9153	0.	1.3111e-004
334	4.8649	1.3607	0.	1.4385e-004
335	4.9024	1.7411	0.	1.5453e-004
336	5.2885	1.5512	5.e-002	-2.2068e-014
337	3.6305	3.3486	5.e-002	-9.6276e-012
338	3.5253	3.6743	0.	4.988e-004
339	5.2669	3.0264	0.	1.1692e-004
340	5.9567	3.4858	0.	1.23e-004
341	5.2454	3.8127	0.	1.3277e-004
342	5.3335	3.4552	5.e-002	-2.8497e-013
343	1.7412	1.4415	0.	1.2832e-004
344	2.4293	1.3859	0.	1.301e-004
345	2.2716	2.0627	0.	1.7194e-004
346	2.2753	1.6653	5.e-002	-1.7248e-012
347	2.8476	1.5827	0.	1.5682e-004
348	1.7616	0.93017	0.	1.2549e-004
349	2.4496	0.87455	0.	1.3622e-004
350	2.316	0.64263	5.e-002	-2.4939e-021
351	2.298	0.32132	0.	1.246e-004
352	2.868	0.57132	0.	6.9915e-005
353	1.6231	5.0595	0.	1.156e-004
354	2.2478	4.8404	0.	1.6321e-004
355	2.1764	5.1903	5.e-002	-1.469e-021
356	2.2282	5.5951	0.	1.2931e-004
357	2.7982	5.3451	0.	9.9157e-005
358	4.4859	4.8867	0.	1.2714e-004
359	4.3627	5.2671	0.	9.2548e-005
360	4.2483	5.0729	5.e-002	-5.8638e-013
361	3.9175	5.0365	0.	3.3219e-005
362	5.0655	4.9651	0.	1.5473e-004
363	4.9404	4.4353	0.	1.4813e-004
364	4.7236	4.7004	5.e-002	-9.5588e-013
365	4.1551	4.6002	0.	1.2667e-004
366	5.8068	2.4385	0.	1.1019e-004
367	4.629	2.5933	0.	1.9364e-004
368	4.8584	2.2643	0.	1.6534e-004
369	5.2004	2.5976	5.e-002	7.3505e-013
370	5.1208	0.78566	0.	1.2235e-004
371	4.5226	0.90648	0.	1.1469e-004
372	4.6039	0.64272	5.e-002	1.6628e-012
373	4.6623	0.32136	0.	1.0976e-004
374	4.0953	0.57136	0.	7.523e-005
375	4.9422	5.3455	0.	1.1702e-004
376	4.4771	5.4614	5.e-002	-1.5032e-013
377	4.5989	5.7307	0.	1.0243e-004
378	4.0319	5.4807	0.	5.6236e-005
379	6.1649	1.0415	0.	1.4022e-004
380	5.6378	0.92859	5.e-002	4.908e-013
381	5.7463	0.4643	0.	1.3637e-004
382	1.1498	1.8458	0.	3.3688e-005
383	1.1653	3.0983	0.	1.0598e-005
384	1.6801	2.467	0.	8.1484e-005
385	1.0924	2.4739	5.e-002	-5.1765e-013
386	0.54618	2.437	0.	3.5938e-006
387	1.2072	1.2177	5.e-002	7.1714e-013
388	1.1736	0.60886	0.	1.5867e-004
389	0.60361	1.2089	0.	2.6421e-005
390	1.154	4.3257	0.	3.8755e-005
391	1.0698	4.9288	5.e-002	1.2534e-013
392	1.1049	5.4644	0.	1.4675e-004
393	0.53491	4.8644	0.	2.9583e-005
394	7.3084	1.1739	0.	1.2906e-004
395	6.5526	1.7169	0.	1.2432e-004
396	6.692	1.1544	5.e-002	-1.1987e-013
397	6.8405	0.57719	0.	1.3386e-004
398	8.5263	1.1985	0.	1.1942e-004
399	7.865	1.7856	0.	1.1844e-004
400	7.9248	1.1934	5.e-002	1.6394e-014
401	8.0239	0.59668	0.	1.2842e-004
402	9.7205	1.2093	0.	1.1093e-004
403	9.089	1.8024	0.	1.13e-004
404	9.1278	1.2037	5.e-002	-8.3765e-013
405	9.1924	0.60187	0.	1.1716e-004
406	10.899	1.2141	0.	1.0158e-004
407	10.291	1.8153	0.	1.05e-004
408	10.313	1.215	5.e-002	2.6435e-013
409	10.352	0.60748	0.	1.0771e-004
410	12.059	1.2124	0.	9.2337e-005
411	11.475	1.8205	0.	9.6211e-005
412	11.484	1.2131	5.e-002	-5.9939e-023
413	11.505	0.60657	0.	9.7679e-005
414	13.206	1.2115	0.	8.2602e-005
415	12.626	1.8174	0.	8.718e-005
416	12.634	1.2116	5.e-002	4.8562e-014
417	12.646	0.60578	0.	8.7514e-005
418	14.344	1.2103	0.	7.2717e-005
419	13.767	1.8187	0.	7.764e-005
420	13.779	1.2114	5.e-002	-4.1579e-023
421	13.786	0.60569	0.	7.7528e-005
422	15.476	1.2045	0.	6.3072e-005
423	14.895	1.8145	0.	6.7896e-005
424	14.909	1.2091	5.e-002	-4.7012e-013
425	14.918	0.60456	0.	6.7834e-005
426	16.612	1.1971	0.	5.3708e-005
427	16.034	1.7952	0.	5.8391e-005
428	16.044	1.1998	5.e-002	-3.5962e-023
429	16.053	0.59989	0.	5.8386e-005
430	17.75	1.1874	0.	4.4589e-005
431	17.176	1.7898	0.	4.908e-005
432	17.18	1.1944	5.e-002	-4.2518e-013
433	17.188	0.59718	0.	4.9171e-005
434	18.886	1.1811	0.	3.5655e-005
435	18.312	1.7835	0.	4.0019e-005
436	18.319	1.1804	5.e-002	-4.4727e-013
437	18.324	0.59021	0.	4.0197e-005
438	20.021	1.1867	0.	2.6868e-005
439	19.445	1.7855	0.	3.1135e-005
440	19.453	1.1818	5.e-002	1.7602e-015
441	19.458	0.59088	0.	3.1461e-005
442	21.156	1.1921	0.	1.8162e-005
443	20.58	1.7921	0.	2.2357e-005
444	20.588	1.1916	5.e-002	-3.6943e-023
445	20.593	0.59578	0.	2.2843e-005
446	22.293	1.1941	0.	9.4307e-006
447	21.717	1.7919	0.	1.3527e-005
448	21.724	1.1927	5.e-002	-2.3398e-014
449	21.728	0.59637	0.	1.441e-005
450	22.857	1.7947	0.	4.4885e-006
451	22.861	1.1955	5.e-002	-7.8411e-014
452	22.863	0.59776	0.	5.9226e-006
453	23.431	1.1978	0.	1.5945e-007
454	1.7653	3.4639	0.	6.1597e-005
455	1.7787	4.1066	0.	9.8162e-005
456	1.2382	3.7226	5.e-002	3.89e-014
457	0.6191	3.6613	0.	2.9316e-006
458	22.851	2.9972	0.	3.9554e-006
459	22.281	2.3925	0.	8.5835e-006
460	22.853	2.3939	5.e-002	-2.4434e-014
461	23.426	2.397	0.	-1.0161e-006
462	22.852	4.1983	0.	4.517e-006
463	22.279	3.5989	0.	8.5912e-006
464	22.849	3.6005	5.e-002	3.5111e-014
465	23.425	3.6002	0.	-1.0163e-006
466	22.286	4.7965	0.	9.4704e-006
467	22.855	4.7962	5.e-002	1.5342e-014
468	23.428	4.7981	0.	1.8643e-007
469	22.861	5.3981	0.	5.9403e-006
470	21.146	4.7955	0.	1.8231e-005
471	21.713	4.1971	0.	1.3546e-005
472	21.716	4.7969	5.e-002	2.3913e-013
473	21.724	5.3984	0.	1.4445e-005
474	20.009	4.7927	0.	2.6945e-005
475	20.568	4.1922	0.	2.2434e-005
476	20.575	4.7942	5.e-002	1.5478e-013
477	20.586	5.3971	0.	2.2892e-005
478	18.874	4.79	0.	3.5735e-005
479	19.435	4.186	0.	3.1225e-005
480	19.442	4.7912	5.e-002	3.0304e-014
481	19.453	5.3956	0.	3.1478e-005
482	17.741	4.7894	0.	4.4653e-005
483	18.304	4.1886	0.	4.0081e-005
484	18.306	4.7888	5.e-002	1.312e-013
485	18.318	5.3944	0.	4.0244e-005
486	16.608	4.7937	0.	5.3749e-005
487	17.171	4.1892	0.	4.9105e-005
488	17.176	4.7901	5.e-002	1.2742e-013
489	17.186	5.395	0.	4.9183e-005
490	15.478	4.8167	0.	6.3084e-005
491	16.031	4.1972	0.	5.838e-005
492	16.04	4.7973	5.e-002	5.4494e-013
493	16.051	5.3987	0.	5.8412e-005
494	14.342	4.828	0.	7.2723e-005
495	14.905	4.2273	0.	6.7867e-005
496	14.915	4.8361	5.e-002	-4.8287e-013
497	14.921	5.4181	0.	6.7784e-005
498	13.196	4.8169	0.	8.263e-005
499	13.763	4.2349	0.	7.7673e-005
500	13.768	4.8198	5.e-002	6.9956e-013
501	13.781	5.4099	0.	7.7511e-005
502	12.047	4.8091	0.	9.2328e-005
503	12.619	4.2237	0.	8.7274e-005
504	12.624	4.8139	5.e-002	5.6493e-014
505	12.642	5.407	0.	8.7579e-005
506	10.885	4.8016	0.	1.0167e-004
507	11.461	4.2095	0.	9.6242e-005
508	11.47	4.8042	5.e-002	3.9433e-013
509	11.498	5.4021	0.	9.7757e-005
510	9.7026	4.7928	0.	1.1114e-004
511	10.28	4.2068	0.	1.0478e-004
512	10.3	4.7989	5.e-002	2.4576e-013
513	10.345	5.3995	0.	1.0808e-004
514	8.4796	4.778	0.	1.1768e-004
515	9.0707	4.194	0.	1.134e-004
516	9.1057	4.7867	5.e-002	-8.1435e-014
517	9.1814	5.3933	0.	1.1746e-004
518	7.1503	4.7699	0.	1.3332e-004
519	7.8139	4.1685	0.	1.1763e-004
520	7.8535	4.7693	5.e-002	3.3216e-015
521	7.9882	5.3847	0.	1.2776e-004
522	5.9273	5.0001	0.	1.3084e-004
523	6.5136	4.1434	0.	1.3292e-004
524	5.8022	4.4703	0.	1.426e-004
525	6.4472	4.7704	5.e-002	-1.2142e-013
526	6.7181	5.3852	0.	1.256e-004
527	5.4074	5.2297	5.e-002	-3.5852e-012
528	5.6311	5.6149	0.	1.2759e-004
529	6.4965	2.8978	0.	1.1799e-004
530	7.1091	2.3286	0.	1.1384e-004
531	6.4131	2.2793	5.e-002	2.8148e-012
532	7.1771	3.542	0.	1.1818e-004
533	6.5799	3.5163	5.e-002	3.5172e-014
534	8.4276	2.3894	0.	1.1204e-004
535	7.7897	2.9728	0.	1.1477e-004
536	7.8051	2.3778	5.e-002	2.0594e-013
537	9.6596	2.4084	0.	1.0713e-004
538	9.0429	3.0012	0.	1.1066e-004
539	9.0501	2.401	5.e-002	1.2829e-013
540	10.867	2.4218	0.	9.9724e-005
541	10.265	3.0151	0.	1.0353e-004
542	10.269	2.4157	5.e-002	-1.6808e-013
543	12.042	2.4255	0.	9.1157e-005
544	11.459	3.0213	0.	9.5526e-005
545	11.465	2.4278	5.e-002	-1.0017e-013
546	13.187	2.4246	0.	8.2372e-005
547	12.616	3.0283	0.	8.6772e-005
548	12.618	2.4232	5.e-002	-1.9806e-014
549	14.318	2.4229	0.	7.2814e-005
550	13.757	3.038	0.	7.7691e-005
551	13.755	2.426	5.e-002	-3.1717e-014
552	15.452	2.4053	0.	6.3214e-005
553	14.888	3.0192	0.	6.7937e-005
554	14.881	2.4198	5.e-002	-7.1969e-014
555	16.598	2.388	0.	5.3763e-005
556	16.023	2.9939	0.	5.8435e-005
557	16.024	2.3907	5.e-002	-9.3338e-013
558	17.739	2.386	0.	4.4511e-005
559	17.169	2.9868	0.	4.9062e-005
560	17.173	2.3853	5.e-002	-8.375e-014
561	18.871	2.388	0.	3.5499e-005
562	18.303	2.9875	0.	3.9982e-005
563	18.305	2.3867	5.e-002	-9.2694e-014
564	20.004	2.391	0.	2.6624e-005
565	19.433	2.985	0.	3.1087e-005
566	19.438	2.3893	5.e-002	-8.4593e-015
567	21.14	2.3919	0.	1.7721e-005
568	20.566	2.9914	0.	2.225e-005
569	20.571	2.3927	5.e-002	2.0638e-016
570	21.709	2.9942	0.	1.322e-005
571	21.709	2.3911	5.e-002	2.1779e-013
572	21.136	3.5938	0.	1.7749e-005
573	21.71	3.5973	5.e-002	-3.6494e-015
574	19.995	3.5855	0.	2.6713e-005
575	20.561	3.5902	5.e-002	2.2589e-013
576	18.865	3.5846	0.	3.557e-005
577	19.428	3.5808	5.e-002	-2.948e-016
578	17.733	3.5883	0.	4.4533e-005
579	18.301	3.5884	5.e-002	8.9013e-015
580	16.594	3.5927	0.	5.3734e-005
581	17.165	3.5883	5.e-002	4.6262e-013
582	15.458	3.6078	0.	6.3158e-005
583	16.022	3.5971	5.e-002	-5.3841e-014
584	14.327	3.6343	0.	7.2815e-005
585	14.894	3.6185	5.e-002	7.8325e-013
586	13.186	3.6417	0.	8.2396e-005
587	13.759	3.65	5.e-002	1.4545e-015
588	12.033	3.624	0.	9.1251e-005
589	12.613	3.6334	5.e-002	-2.4388e-014
590	10.856	3.6147	0.	9.9409e-005
591	11.452	3.6147	5.e-002	-1.7687e-014
592	9.6481	3.608	0.	1.071e-004
593	10.261	3.6146	5.e-002	1.4433e-013
594	8.405	3.5846	0.	1.134e-004
595	9.0356	3.6014	5.e-002	-4.2035e-014
596	7.7743	3.5677	5.e-002	-1.6948e-013
597	5.1572	4.1701	5.e-002	6.0701e-013
598	4.3719	4.0851	0.	2.2106e-004
599	2.5833	1.1065	5.e-002	2.6242e-013
600	3.0016	1.0532	0.	1.0331e-004
601	2.2801	2.8326	0.	1.2396e-004
602	2.2679	2.4601	5.e-002	-2.9767e-012
603	2.8439	2.2301	0.	2.9642e-004
604	2.4728	3.575	0.	1.2164e-004
605	2.2924	3.2051	5.e-002	-3.2557e-012
606	2.8742	3.8077	0.	2.6292e-004
607	2.4862	4.2177	0.	1.6579e-004
608	2.6532	3.9449	5.e-002	-1.141e-012
609	3.0366	4.2225	0.	1.7088e-004
610	4.0575	2.589	5.e-002	5.189e-012
611	3.8221	2.2945	0.	3.7186e-004
612	3.0952	3.6705	5.e-002	-2.0364e-013
613	3.2576	3.8353	0.	5.2814e-004
614	4.3158	1.3434	0.	1.4434e-004
615	4.4414	1.1702	5.e-002	-1.5984e-012
616	4.014	1.0851	0.	8.1567e-005
617	4.3533	1.7237	0.	1.5227e-004
618	4.5164	1.9309	5.e-002	-3.2764e-021
619	4.0515	1.9655	0.	3.0039e-004
620	4.1902	1.5165	5.e-002	4.9835e-013
621	3.8884	1.5083	0.	8.6687e-005
622	2.3191	4.4906	5.e-002	3.6512e-013
623	2.8696	4.7453	0.	1.3347e-004
624	2.4862	4.2177	0.1	-1.6579e-004
625	1.7787	4.1066	0.1	-9.8162e-005
626	2.2478	4.8404	0.1	-1.6321e-004
627	2.8696	4.7453	0.1	-1.3347e-004
628	4.3533	1.7237	0.1	-1.5227e-004
629	4.3158	1.3434	0.1	-1.4434e-004
630	3.8884	1.5083	0.1	-8.6687e-005
631	4.8584	2.2643	0.1	-1.6534e-004
632	4.9024	1.7411	0.1	-1.5453e-004
633	4.0515	1.9655	0.1	-3.0039e-004
634	4.5226	0.90648	0.1	-1.1469e-004
635	4.8649	1.3607	0.1	-1.4385e-004
636	4.014	1.0851	0.1	-8.1567e-005
637	2.8742	3.8077	0.1	-2.6292e-004
638	3.1441	3.3119	0.1	-2.9479e-004
639	3.2576	3.8353	0.1	-5.2814e-004
640	4.629	2.5933	0.1	-1.9364e-004
641	4.1377	3.0059	0.1	-2.5997e-004
642	3.6253	2.7712	0.1	-3.1907e-004
643	3.8221	2.2945	0.1	-3.7186e-004
644	2.4728	3.575	0.1	-1.2164e-004
645	3.0366	4.2225	0.1	-1.7088e-004
646	2.2801	2.8326	0.1	-1.2396e-004
647	1.7653	3.4639	0.1	-6.1597e-005
648	2.7427	3.0792	0.1	-2.8044e-004
649	1.6801	2.467	0.1	-8.1484e-005
650	2.2716	2.0627	0.1	-1.7194e-004
651	2.8439	2.2301	0.1	-2.9642e-004
652	2.4496	0.87455	0.1	-1.3622e-004
653	2.4293	1.3859	0.1	-1.301e-004
654	3.0016	1.0532	0.1	-1.0331e-004
655	5.8022	4.4703	0.1	-1.426e-004
656	4.9404	4.4353	0.1	-1.4813e-004
657	5.2454	3.8127	0.1	-1.3277e-004
658	4.3719	4.0851	0.1	-2.2106e-004
659	8.405	3.5846	0.1	-1.134e-004
660	7.7897	2.9728	0.1	-1.1477e-004
661	7.1771	3.542	0.1	-1.1818e-004
662	7.8139	4.1685	0.1	-1.1763e-004
663	9.6481	3.608	0.1	-1.071e-004
664	9.0429	3.0012	0.1	-1.1066e-004
665	9.0707	4.194	0.1	-1.134e-004
666	10.856	3.6147	0.1	-9.9409e-005
667	10.265	3.0151	0.1	-1.0353e-004
668	10.28	4.2068	0.1	-1.0478e-004
669	12.033	3.624	0.1	-9.1251e-005
670	11.459	3.0213	0.1	-9.5526e-005
671	11.461	4.2095	0.1	-9.6242e-005
672	13.186	3.6417	0.1	-8.2396e-005
673	12.616	3.0283	0.1	-8.6772e-005
674	12.619	4.2237	0.1	-8.7274e-005
675	14.327	3.6343	0.1	-7.2815e-005
676	13.757	3.038	0.1	-7.7691e-005
677	13.763	4.2349	0.1	-7.7673e-005
678	15.458	3.6078	0.1	-6.3158e-005
679	14.888	3.0192	0.1	-6.7937e-005
680	14.905	4.2273	0.1	-6.7867e-005
681	16.594	3.5927	0.1	-5.3734e-005
682	16.023	2.9939	0.1	-5.8435e-005
683	16.031	4.1972	0.1	-5.838e-005
684	17.733	3.5883	0.1	-4.4533e-005
685	17.169	2.9868	0.1	-4.9062e-005
686	17.171	4.1892	0.1	-4.9105e-005
687	18.865	3.5846	0.1	-3.557e-005
688	18.303	2.9875	0.1	-3.9982e-005
689	18.304	4.1886	0.1	-4.0081e-005
690	19.995	3.5855	0.1	-2.6713e-005
691	19.433	2.985	0.1	-3.1087e-005
692	19.435	4.186	0.1	-3.1225e-005
693	21.136	3.5938	0.1	-1.7749e-005
694	20.566	2.9914	0.1	-2.225e-005
695	20.568	4.1922	0.1	-2.2434e-005
696	21.709	2.9942	0.1	-1.322e-005
697	21.713	4.1971	0.1	-1.3546e-005
698	22.279	3.5989	0.1	-8.5912e-006
699	21.14	2.3919	0.1	-1.7721e-005
700	22.281	2.3925	0.1	-8.5835e-006
701	21.717	1.7919	0.1	-1.3527e-005
702	20.004	2.391	0.1	-2.6624e-005
703	20.58	1.7921	0.1	-2.2357e-005
704	18.871	2.388	0.1	-3.5499e-005
705	19.445	1.7855	0.1	-3.1135e-005
706	17.739	2.386	0.1	-4.4511e-005
707	18.312	1.7835	0.1	-4.0019e-005
708	16.598	2.388	0.1	-5.3763e-005
709	17.176	1.7898	0.1	-4.908e-005
710	15.452	2.4053	0.1	-6.3214e-005
711	16.034	1.7952	0.1	-5.8391e-005
712	14.318	2.4229	0.1	-7.2814e-005
713	14.895	1.8145	0.1	-6.7896e-005
714	13.187	2.4246	0.1	-8.2372e-005
715	13.767	1.8187	0.1	-7.764e-005
716	12.042	2.4255	0.1	-9.1157e-005
717	12.626	1.8174	0.1	-8.718e-005
718	10.867	2.4218	0.1	-9.9724e-005
719	11.475	1.8205	0.1	-9.6211e-005
720	9.6596	2.4084	0.1	-1.0713e-004
721	10.291	1.8153	0.1	-1.05e-004
722	8.4276	2.3894	0.1	-1.1204e-004
723	9.089	1.8024	0.1	-1.13e-004
724	7.1091	2.3286	0.1	-1.1384e-004
725	7.865	1.7856	0.1	-1.1844e-004
726	6.4965	2.8978	0.1	-1.1799e-004
727	6.5136	4.1434	0.1	-1.3292e-004
728	5.9567	3.4858	0.1	-1.23e-004
729	6.5526	1.7169	0.1	-1.2432e-004
730	5.8068	2.4385	0.1	-1.1019e-004
731	5.8508	1.9153	0.1	-1.3111e-004
732	5.9273	5.0001	0.1	-1.3084e-004
733	4.9422	5.3455	0.1	-1.1702e-004
734	5.0655	4.9651	0.1	-1.5473e-004
735	5.6311	5.6149	0.1	-1.2759e-004
736	7.1503	4.7699	0.1	-1.3332e-004
737	6.7181	5.3852	0.1	-1.256e-004
738	8.4796	4.778	0.1	-1.1768e-004
739	7.9882	5.3847	0.1	-1.2776e-004
740	9.7026	4.7928	0.1	-1.1114e-004
741	9.1814	5.3933	0.1	-1.1746e-004
742	10.885	4.8016	0.1	-1.0167e-004
743	10.345	5.3995	0.1	-1.0808e-004
744	12.047	4.8091	0.1	-9.2328e-005
745	11.498	5.4021	0.1	-9.7757e-005
746	13.196	4.8169	0.1	-8.263e-005
747	12.642	5.407	0.1	-8.7579e-005
748	14.342	4.828	0.1	-7.2723e-005
749	13.781	5.4099	0.1	-7.7511e-005
750	15.478	4.8167	0.1	-6.3084e-005
751	14.921	5.4181	0.1	-6.7784e-005
752	16.608	4.7937	0.1	-5.3749e-005
753	16.051	5.3987	0.1	-5.8412e-005
754	17.741	4.7894	0.1	-4.4653e-005
755	17.186	5.395	0.1	-4.9183e-005
756	18.874	4.79	0.1	-3.5735e-005
757	18.318	5.3944	0.1	-4.0244e-005
758	20.009	4.7927	0.1	-2.6945e-005
759	19.453	5.3956	0.1	-3.1478e-005
760	21.146	4.7955	0.1	-1.8231e-005
761	20.586	5.3971	0.1	-2.2892e-005
762	22.286	4.7965	0.1	-9.4704e-006
763	21.724	5.3984	0.1	-1.4445e-005
764	22.852	4.1983	0.1	-4.517e-006
765	22.861	5.3981	0.1	-5.9403e-006
766	23.428	4.7981	0.1	-1.8643e-007
767	22.851	2.9972	0.1	-3.9554e-006
768	23.425	3.6002	0.1	1.0163e-006
769	22.857	1.7947	0.1	-4.4885e-006
770	23.426	2.397	0.1	1.0161e-006
771	1.154	4.3257	0.1	-3.8755e-005
772	1.1653	3.0983	0.1	-1.0598e-005
773	0.6191	3.6613	0.1	-2.9316e-006
774	22.293	1.1941	0.1	-9.4307e-006
775	23.431	1.1978	0.1	-1.5945e-007
776	22.863	0.59776	0.1	-5.9226e-006
777	21.156	1.1921	0.1	-1.8162e-005
778	21.728	0.59637	0.1	-1.441e-005
779	20.021	1.1867	0.1	-2.6868e-005
780	20.593	0.59578	0.1	-2.2843e-005
781	18.886	1.1811	0.1	-3.5655e-005
782	19.458	0.59088	0.1	-3.1461e-005
783	17.75	1.1874	0.1	-4.4589e-005
784	18.324	0.59021	0.1	-4.0197e-005
785	16.612	1.1971	0.1	-5.3708e-005
786	17.188	0.59718	0.1	-4.9171e-005
787	15.476	1.2045	0.1	-6.3072e-005
788	16.053	0.59989	0.1	-5.8386e-005
789	14.344	1.2103	0.1	-7.2717e-005
790	14.918	0.60456	0.1	-6.7834e-005
791	13.206	1.2115	0.1	-8.2602e-005
792	13.786	0.60569	0.1	-7.7528e-005
793	12.059	1.2124	0.1	-9.2337e-005
794	12.646	0.60578	0.1	-8.7514e-005
795	10.899	1.2141	0.1	-1.0158e-004
796	11.505	0.60657	0.1	-9.7679e-005
797	9.7205	1.2093	0.1	-1.1093e-004
798	10.352	0.60748	0.1	-1.0771e-004
799	8.5263	1.1985	0.1	-1.1942e-004
800	9.1924	0.60187	0.1	-1.1716e-004
801	7.3084	1.1739	0.1	-1.2906e-004
802	8.0239	0.59668	0.1	-1.2842e-004
803	6.1649	1.0415	0.1	-1.4022e-004
804	6.8405	0.57719	0.1	-1.3386e-004
805	1.6231	5.0595	0.1	-1.156e-004
806	0.53491	4.8644	0.1	-2.9583e-005
807	1.1049	5.4644	0.1	-1.4675e-004
808	1.1498	1.8458	0.1	-3.3688e-005
809	1.7616	0.93017	0.1	-1.2549e-004
810	1.7412	1.4415	0.1	-1.2832e-004
811	0.60361	1.2089	0.1	-2.6421e-005
812	1.1736	0.60886	0.1	-1.5867e-004
813	0.54618	2.437	0.1	-3.5938e-006
814	5.1208	0.78566	0.1	-1.2235e-004
815	5.4631	1.2399	0.1	-1.4547e-004
816	5.7463	0.4643	0.1	-1.3637e-004
817	4.3627	5.2671	0.1	-9.2548e-005
818	4.0319	5.4807	0.1	-5.6236e-005
819	4.5989	5.7307	0.1	-1.0243e-004
820	4.0953	0.57136	0.1	-7.523e-005
821	4.6623	0.32136	0.1	-1.0976e-004
822	5.2669	3.0264	0.1	-1.1692e-004
823	4.4859	4.8867	0.1	-1.2714e-004
824	4.1551	4.6002	0.1	-1.2667e-004
825	3.9175	5.0365	0.1	-3.3219e-005
826	2.7982	5.3451	0.1	-9.9157e-005
827	2.2282	5.5951	0.1	-1.2931e-004
828	2.868	0.57132	0.1	-6.9915e-005
829	2.298	0.32132	0.1	-1.246e-004
830	2.8476	1.5827	0.1	-1.5682e-004
831	4.7757	3.439	0.1	-1.8552e-004
832	3.9242	3.3857	0.1	-2.4695e-004
833	3.4118	3.151	0.1	-2.8625e-004
834	3.5253	3.6743	0.1	-4.988e-004
835	3.9023	3.7114	0.1	-2.6433e-004
836	3.3065	2.4767	0.1	-4.3711e-004
837	3.5867	4.25	0.1	-1.6655e-004
838	3.5033	4.	0.1	-4.3654e-004
839	3.5867	4.	5.e-002	-2.4084e-020
840	3.5867	4.75	0.1	-2.442e-005
841	3.5867	4.5	5.e-002	-7.7142e-013
842	3.5867	5.25	0.1	-1.1732e-005
843	3.5867	5.	5.e-002	-1.8977e-020
844	3.5867	5.75	0.1	-1.594e-005
845	3.5867	5.5	5.e-002	-7.4257e-021
846	3.42	5.25	0.1	-6.9511e-005
847	3.42	5.75	0.1	-3.4826e-005
848	3.42	5.5	5.e-002	-2.7176e-021
849	3.42	4.75	0.1	-3.9853e-005
850	3.42	5.	5.e-002	-4.0882e-012
851	3.42	4.25	0.1	-3.8756e-004
852	3.42	4.5	5.e-002	8.8961e-013
853	3.42	4.	5.e-002	-4.5256e-020
854	3.5867	1.75	0.1	-1.9533e-004
855	3.5033	2.	0.1	-4.335e-004
856	3.5867	2.	5.e-002	1.8349e-011
857	3.5867	1.25	0.1	-6.6125e-006
858	3.5867	1.5	5.e-002	-4.0715e-012
859	3.5867	0.75	0.1	-4.2161e-005
860	3.5867	1.	5.e-002	-5.8977e-021
861	3.5867	0.25	0.1	-2.4552e-005
862	3.5867	0.5	5.e-002	-3.9348e-021
863	3.42	0.75	0.1	-1.7596e-005
864	3.42	0.25	0.1	-1.5621e-005
865	3.42	0.5	5.e-002	-3.1e-021
866	3.42	1.25	0.1	-5.0045e-005
867	3.42	1.	5.e-002	-1.4694e-020
868	3.42	1.75	0.1	-3.1537e-004
869	3.42	1.5	5.e-002	-1.7409e-012
870	3.42	2.	5.e-002	-8.3894e-021
871	4.1537	6.	0.1	-6.3761e-005
872	3.5867	6.	5.e-002	4.5422e-014
873	5.2878	6.	0.1	-1.298e-004
874	4.7207	6.	5.e-002	-1.8803e-021
875	6.4219	6.	0.1	-1.2895e-004
876	5.8548	6.	5.e-002	-1.8112e-021
877	7.5559	6.	0.1	-1.201e-004
878	6.9889	6.	5.e-002	-7.5154e-021
879	8.69	6.	0.1	-1.2324e-004
880	8.123	6.	5.e-002	-1.2628e-022
881	9.8241	6.	0.1	-1.1259e-004
882	9.257	6.	5.e-002	7.3775e-013
883	10.958	6.	0.1	-1.0256e-004
884	10.391	6.	5.e-002	-1.0242e-021
885	12.092	6.	0.1	-9.2505e-005
886	11.525	6.	5.e-002	-1.2417e-013
887	13.226	6.	0.1	-8.2429e-005
888	12.659	6.	5.e-002	-4.6797e-022
889	14.36	6.	0.1	-7.2575e-005
890	13.793	6.	5.e-002	1.8664e-012
891	15.494	6.	0.1	-6.3117e-005
892	14.927	6.	5.e-002	-2.6584e-015
893	16.629	6.	0.1	-5.385e-005
894	16.061	6.	5.e-002	-4.3883e-022
895	17.763	6.	0.1	-4.4776e-005
896	17.196	6.	5.e-002	-4.1909e-022
897	18.897	6.	0.1	-3.5984e-005
898	18.33	6.	5.e-002	-4.0665e-022
899	20.031	6.	0.1	-2.7415e-005
900	19.464	6.	5.e-002	-2.9929e-022
901	21.165	6.	0.1	-1.9087e-005
902	20.598	6.	5.e-002	-4.3916e-016
903	22.299	6.	0.1	-1.0888e-005
904	21.732	6.	5.e-002	-2.9917e-022
905	23.433	6.	0.1	-3.1458e-006
906	22.866	6.	5.e-002	6.7664e-015
907	24.	5.4	0.1	2.0572e-006
908	24.	6.	5.e-002	6.126e-014
909	24.	4.2	0.1	4.9978e-006
910	24.	4.8	5.e-002	2.3204e-013
911	24.	3.	0.1	5.6792e-006
912	24.	3.6	5.e-002	7.9402e-016
913	24.	1.8	0.1	5.0095e-006
914	24.	2.4	5.e-002	-1.4756e-014
915	24.	0.6	0.1	2.0579e-006
916	24.	1.2	5.e-002	-2.1512e-013
917	0.	1.8	0.1	2.2724e-005
918	0.	0.6	0.1	4.5771e-006
919	0.	1.2	5.e-002	-2.9906e-020
920	0.	3.	0.1	3.5625e-006
921	0.	2.4	5.e-002	-2.3116e-020
922	0.	4.2	0.1	1.0034e-005
923	0.	3.6	5.e-002	-2.4709e-012
924	0.	5.4	0.1	5.7448e-006
925	0.	4.8	5.e-002	-1.0803e-011
926	23.433	0.	0.1	-3.1409e-006
927	24.	0.	5.e-002	-1.705e-013
928	22.299	0.	0.1	-1.0868e-005
929	22.866	0.	5.e-002	2.1573e-014
930	21.165	0.	0.1	-1.9063e-005
931	21.732	0.	5.e-002	2.1934e-014
932	20.031	0.	0.1	-2.7417e-005
933	20.598	0.	5.e-002	2.2129e-015
934	18.897	0.	0.1	-3.5991e-005
935	19.464	0.	5.e-002	5.1519e-016
936	17.763	0.	0.1	-4.477e-005
937	18.33	0.	5.e-002	2.9589e-016
938	16.629	0.	0.1	-5.3843e-005
939	17.196	0.	5.e-002	-4.2453e-022
940	15.494	0.	0.1	-6.3141e-005
941	16.061	0.	5.e-002	-9.0947e-013
942	14.36	0.	0.1	-7.2631e-005
943	14.927	0.	5.e-002	-1.819e-012
944	13.226	0.	0.1	-8.2415e-005
945	13.793	0.	5.e-002	-1.819e-012
946	12.092	0.	0.1	-9.2536e-005
947	12.659	0.	5.e-002	-4.61e-022
948	10.958	0.	0.1	-1.0282e-004
949	11.525	0.	5.e-002	-4.5554e-022
950	9.8241	0.	0.1	-1.1361e-004
951	10.391	0.	5.e-002	-4.4541e-022
952	8.69	0.	0.1	-1.2391e-004
953	9.257	0.	5.e-002	-1.7696e-012
954	7.5559	0.	0.1	-1.3258e-004
955	8.123	0.	5.e-002	-7.2733e-022
956	6.4219	0.	0.1	-1.3542e-004
957	6.9889	0.	5.e-002	-2.748e-022
958	5.2878	0.	0.1	-1.2379e-004
959	5.8548	0.	5.e-002	-4.031e-022
960	4.1537	0.	0.1	-5.6989e-005
961	4.7207	0.	5.e-002	-4.9334e-022
962	3.5867	0.	5.e-002	-8.8168e-013
963	2.85	0.	0.1	-7.4525e-005
964	3.42	0.	5.e-002	-4.3276e-021
965	1.71	0.	0.1	-1.6603e-004
966	2.28	0.	5.e-002	-3.7974e-021
967	0.57	0.	0.1	-1.1261e-004
968	1.14	0.	5.e-002	-8.687e-022
969	0.	0.	5.e-002	6.1334e-014
970	0.57	6.	0.1	-1.15e-004
971	0.	6.	5.e-002	-2.0911e-020
972	1.71	6.	0.1	-1.7317e-004
973	1.14	6.	5.e-002	-1.1902e-021
974	2.85	6.	0.1	-6.7405e-005
975	2.28	6.	5.e-002	-3.0258e-021
976	3.42	6.	5.e-002	-2.3293e-021
977	1.71	6.	0.	1.7317e-004
978	2.85	6.	0.	6.7405e-005
979	0.57	6.	0.	1.15e-004
980	3.42	5.75	0.	3.4826e-005
981	0.	5.4	0.	-5.7448e-006
982	1.71	0.	0.	1.6603e-004
983	0.57	0.	0.	1.1261e-004
984	2.85	0.	0.	7.4525e-005
985	3.42	0.25	0.	1.5621e-005
986	0.	0.6	0.	-4.5771e-006
987	5.2878	0.	0.	1.2379e-004
988	4.1537	0.	0.	5.6989e-005
989	6.4219	0.	0.	1.3542e-004
990	7.5559	0.	0.	1.3258e-004
991	8.69	0.	0.	1.2391e-004
992	9.8241	0.	0.	1.1361e-004
993	10.958	0.	0.	1.0282e-004
994	12.092	0.	0.	9.2536e-005
995	13.226	0.	0.	8.2415e-005
996	14.36	0.	0.	7.2631e-005
997	15.494	0.	0.	6.3141e-005
998	16.629	0.	0.	5.3843e-005
999	17.763	0.	0.	4.477e-005
1000	18.897	0.	0.	3.5991e-005
1001	20.031	0.	0.	2.7417e-005
1002	21.165	0.	0.	1.9063e-005
1003	22.299	0.	0.	1.0868e-005
1004	23.433	0.	0.	3.1409e-006
1005	3.5867	0.25	0.	2.4552e-005
1006	24.	0.6	0.	-2.0579e-006
1007	0.	4.2	0.	-1.0034e-005
1008	0.	3.	0.	-3.5625e-006
1009	0.	1.8	0.	-2.2724e-005
1010	24.	1.8	0.	-5.0095e-006
1011	24.	3.	0.	-5.6792e-006
1012	24.	4.2	0.	-4.9978e-006
1013	24.	5.4	0.	-2.0572e-006
1014	23.433	6.	0.	3.1458e-006
1015	22.299	6.	0.	1.0888e-005
1016	21.165	6.	0.	1.9087e-005
1017	20.031	6.	0.	2.7415e-005
1018	18.897	6.	0.	3.5984e-005
1019	17.763	6.	0.	4.4776e-005
1020	16.629	6.	0.	5.385e-005
1021	15.494	6.	0.	6.3117e-005
1022	14.36	6.	0.	7.2575e-005
1023	13.226	6.	0.	8.2429e-005
1024	12.092	6.	0.	9.2505e-005
1025	10.958	6.	0.	1.0256e-004
1026	9.8241	6.	0.	1.1259e-004
1027	8.69	6.	0.	1.2324e-004
1028	7.5559	6.	0.	1.201e-004
1029	6.4219	6.	0.	1.2895e-004
1030	5.2878	6.	0.	1.298e-004
1031	4.1537	6.	0.	6.3761e-005
1032	3.5867	5.75	0.	1.594e-005
1033	3.42	1.25	0.	5.0045e-005
1034	3.42	1.75	0.	3.1537e-004
1035	3.42	0.75	0.	1.7596e-005
1036	3.5033	2.	0.	4.335e-004
1037	3.5867	0.75	0.	4.2161e-005
1038	3.5867	1.25	0.	6.6125e-006
1039	3.5867	1.75	0.	1.9533e-004
1040	3.42	4.75	0.	3.9853e-005
1041	3.42	4.25	0.	3.8756e-004
1042	3.42	5.25	0.	6.9511e-005
1043	3.5033	4.	0.	4.3654e-004
1044	3.5867	5.25	0.	1.1732e-005
1045	3.5867	4.75	0.	2.442e-005
1046	3.5867	4.25	0.	1.6655e-004
