Node Number	X Location (in)	Y Location (in)	Z Location (in)	Equivalent (von-Mises) Stress (psi)
1	8.1994	2.5583	0.	9955.5
2	8.3223	3.4346	0.	7423.7
3	9.3413	2.0599	0.	3595.8
4	6.2811	2.6487	0.	4329.
5	9.481	3.4534	0.	3346.2
6	6.5364	1.0192	0.	4007.2
7	8.6655	3.1229	0.	7506.3
8	9.5581	2.75	0.	3890.4
9	7.6494	2.7641	0.	7369.4
10	8.6928	2.6192	0.	5495.4
11	10.59	1.2547	0.	2394.2
12	12.928	2.1161	0.	2135.1
13	15.247	1.996	0.	1954.1
14	17.486	1.9776	0.	1427.2
15	19.671	1.9727	0.	942.65
16	21.849	1.9869	0.	502.45
17	21.944	3.9707	0.	483.86
18	19.857	3.9643	0.	901.1
19	17.764	3.9624	0.	1357.2
20	15.683	3.982	0.	1831.1
21	13.75	4.145	0.	2182.9
22	11.797	4.6266	0.	2560.3
23	11.332	3.3262	0.	2825.8
24	9.5659	4.3209	0.	2928.7
25	6.9845	2.0441	0.	4339.7
26	1.819	2.0789	0.	5558.1
27	3.7203	2.3257	0.	4512.8
28	5.1653	1.4482	0.	4585.5
29	1.9051	4.0785	0.	5573.6
30	5.7132	4.6397	0.	4164.2
31	3.7456	4.2642	0.	4743.5
32	5.7405	3.4856	0.	4356.6
33	9.2199	1.6656	0.	3788.
34	10.437	2.3895	0.	2945.6
35	9.7726	5.0324	0.	2503.8
36	9.7726	5.0324	0.1	2503.8
37	10.437	2.3895	0.1	2945.6
38	9.2199	1.6656	0.1	3788.
39	5.7405	3.4856	0.1	4356.6
40	3.7456	4.2642	0.1	4743.5
41	5.7132	4.6397	0.1	4164.2
42	1.9051	4.0785	0.1	5573.6
43	5.1653	1.4482	0.1	4585.5
44	3.7203	2.3257	0.1	4512.8
45	1.819	2.0789	0.1	5558.1
46	6.9845	2.0441	0.1	4339.7
47	9.5659	4.3209	0.1	2928.7
48	11.332	3.3262	0.1	2825.8
49	11.797	4.6266	0.1	2560.3
50	13.75	4.145	0.1	2182.9
51	15.683	3.982	0.1	1831.1
52	17.764	3.9624	0.1	1357.2
53	19.857	3.9643	0.1	901.1
54	21.944	3.9707	0.1	483.86
55	21.849	1.9869	0.1	502.45
56	19.671	1.9727	0.1	942.65
57	17.486	1.9776	0.1	1427.2
58	15.247	1.996	0.1	1954.1
59	12.928	2.1161	0.1	2135.1
60	10.59	1.2547	0.1	2394.2
61	8.6928	2.6192	0.1	5495.4
62	7.6494	2.7641	0.1	7369.4
63	9.5581	2.75	0.1	3890.4
64	8.6655	3.1229	0.1	7506.3
65	6.5364	1.0192	0.1	4007.2
66	9.481	3.4534	0.1	3346.2
67	6.2811	2.6487	0.1	4329.
68	9.3413	2.0599	0.1	3595.8
69	8.3223	3.4346	0.1	7423.7
70	8.1994	2.5583	0.1	9955.5
71	8.1667	5.	0.1	2988.7
72	8.1667	4.5	0.1	5756.
73	8.1667	4.	0.1	12975
74	8.	4.	0.1	11630
75	8.	4.5	0.1	6731.1
76	8.	5.	0.1	4604.2
77	8.1667	1.	0.1	4493.
78	8.1667	1.5	0.1	6024.7
79	8.1667	2.	0.1	11874
80	8.	2.	0.1	16892
81	8.	1.5	0.1	7473.9
82	8.	1.	0.1	3594.2
83	8.1667	6.	0.1	1758.1
84	10.146	6.	0.1	2257.8
85	12.125	6.	0.1	2617.9
86	14.104	6.	0.1	2108.6
87	16.083	6.	0.1	1746.5
88	18.063	6.	0.1	1304.3
89	20.042	6.	0.1	872.75
90	22.021	6.	0.1	457.7
91	24.	6.	0.1	243.01
92	24.	4.	0.1	280.74
93	24.	2.	0.1	286.99
94	1.7484e-014	2.	0.1	3950.3
95	3.4968e-014	4.	0.1	3971.9
96	24.	0.	0.1	271.11
97	21.738	0.	0.1	513.24
98	19.476	0.	0.1	994.64
99	17.214	0.	0.1	1510.4
100	14.952	0.	0.1	2097.4
101	12.69	0.	0.1	2340.9
102	10.429	0.	0.1	1891.8
103	8.1667	0.	0.1	2776.6
104	8.	0.	0.1	2364.2
105	6.4	9.7055e-031	0.1	3427.5
106	4.8	7.2791e-031	0.1	4663.2
107	3.2	4.8527e-031	0.1	5287.4
108	1.6	2.4264e-031	0.1	5490.2
109	0.	0.	0.1	3289.
110	3.937e-014	6.	0.1	3548.1
111	2.	6.	0.1	5475.6
112	4.	6.	0.1	4950.6
113	6.	6.	0.1	3861.5
114	8.	6.	0.1	3361.5
115	6.	6.	0.	3861.5
116	4.	6.	0.	4950.6
117	2.	6.	0.	5475.6
118	8.	6.	0.	3361.5
119	3.937e-014	6.	0.	3548.1
120	1.6	2.4264e-031	0.	5490.2
121	3.2	4.8527e-031	0.	5287.4
122	4.8	7.2791e-031	0.	4663.2
123	6.4	9.7055e-031	0.	3427.5
124	8.	0.	0.	2364.2
125	0.	0.	0.	3289.
126	10.429	0.	0.	1891.8
127	12.69	0.	0.	2340.9
128	14.952	0.	0.	2097.4
129	17.214	0.	0.	1510.4
130	19.476	0.	0.	994.64
131	21.738	0.	0.	513.24
132	8.1667	0.	0.	2776.6
133	24.	0.	0.	271.11
134	3.4968e-014	4.	0.	3971.9
135	1.7484e-014	2.	0.	3950.3
136	24.	2.	0.	286.99
137	24.	4.	0.	280.74
138	24.	6.	0.	243.01
139	22.021	6.	0.	457.7
140	20.042	6.	0.	872.75
141	18.063	6.	0.	1304.3
142	16.083	6.	0.	1746.5
143	14.104	6.	0.	2108.6
144	12.125	6.	0.	2617.9
145	10.146	6.	0.	2257.8
146	8.1667	6.	0.	1758.1
147	8.	1.5	0.	7473.9
148	8.	1.	0.	3594.2
149	8.	2.	0.	16892
150	8.1667	1.	0.	4493.
151	8.1667	1.5	0.	6024.7
152	8.1667	2.	0.	11874
153	8.	4.5	0.	6731.1
154	8.	5.	0.	4604.2
155	8.	4.	0.	11630
156	8.1667	5.	0.	2988.7
157	8.1667	4.5	0.	5756.
158	8.1667	4.	0.	12975
159	7.9244	2.6612	0.	8514.9
160	8.4461	2.5887	0.	7694.9
161	8.1994	2.5583	5.e-002	909.95
162	8.0997	2.2791	0.	12980
163	8.4939	3.2787	0.	7403.1
164	7.9858	3.0993	0.	7389.1
165	8.3223	3.4346	5.e-002	312.51
166	8.2445	3.7173	0.	9929.4
167	9.4497	2.4049	0.	3732.7
168	9.2806	1.8627	0.	3604.6
169	9.8892	2.2247	0.	3191.8
170	9.3413	2.0599	5.e-002	320.46
171	8.754	2.0299	0.	7660.8
172	6.6328	2.3464	0.	4319.4
173	5.7232	2.0484	0.	4455.6
174	6.0108	3.0671	0.	4338.
175	6.2811	2.6487	5.e-002	88.048
176	7.1405	3.3243	0.	7788.5
177	9.0732	3.2882	0.	5357.1
178	9.5196	3.1017	0.	3513.8
179	10.406	3.3898	0.	3062.3
180	9.5235	3.8872	0.	3112.1
181	9.481	3.4534	5.e-002	169.07
182	8.8239	3.7267	0.	8088.
183	6.7604	1.5317	0.	4166.6
184	5.8509	1.2337	0.	4256.4
185	6.5364	1.0192	5.e-002	92.165
186	6.4682	0.50959	0.	3694.2
187	7.2682	1.0096	0.	3619.1
188	8.1574	2.9435	0.	7359.2
189	8.6791	2.8711	0.	6472.3
190	8.6655	3.1229	5.e-002	291.82
191	9.1255	2.6846	0.	4625.1
192	9.9976	2.5698	0.	3363.3
193	9.5581	2.75	5.e-002	334.83
194	7.3169	2.4041	0.	5812.4
195	7.6494	2.7641	5.e-002	261.25
196	7.8247	2.3821	0.	11976
197	7.8247	3.3821	0.	9072.6
198	8.6928	2.6192	5.e-002	190.86
199	8.4297	2.3096	0.	8272.7
200	11.759	1.6854	0.	2225.2
201	9.905	1.4602	0.	2989.
202	10.514	1.8221	0.	2629.4
203	10.59	1.2547	5.e-002	272.54
204	10.509	0.62737	0.	2117.6
205	9.3784	1.1274	0.	3272.9
206	14.088	2.056	0.	2040.2
207	13.339	3.1305	0.	2156.2
208	12.13	2.7212	0.	2472.7
209	12.928	2.1161	5.e-002	53.423
210	12.809	1.058	0.	2232.1
211	16.367	1.9868	0.	1690.4
212	15.465	2.989	0.	1891.9
213	15.247	1.996	5.e-002	42.23
214	15.1	0.99798	0.	2022.8
215	18.578	1.9752	0.	1184.5
216	17.625	2.97	0.	1391.
217	17.486	1.9776	5.e-002	9.9716
218	17.35	0.9888	0.	1466.4
219	20.76	1.9798	0.	721.11
220	19.764	2.9685	0.	919.6
221	19.671	1.9727	5.e-002	18.744
222	19.573	0.98636	0.	965.99
223	21.896	2.9788	0.	490.8
224	21.849	1.9869	5.e-002	18.54
225	21.793	0.99345	0.	504.77
226	22.924	1.9935	0.	392.74
227	20.9	3.9675	0.	691.13
228	21.944	3.9707	5.e-002	18.343
229	22.972	3.9854	0.	380.29
230	21.982	4.9854	0.	467.02
231	18.81	3.9633	0.	1128.9
232	19.857	3.9643	5.e-002	15.925
233	19.949	4.9821	0.	883.22
234	16.723	3.9722	0.	1593.8
235	17.764	3.9624	5.e-002	10.294
236	17.913	4.9812	0.	1327.6
237	14.716	4.0635	0.	2005.4
238	15.683	3.982	5.e-002	34.597
239	15.883	4.991	0.	1785.7
240	12.773	4.3858	0.	2371.2
241	13.75	4.145	5.e-002	75.239
242	13.927	5.0725	0.	2142.4
243	11.564	3.9764	0.	2685.4
244	10.785	4.8295	0.	2529.3
245	11.797	4.6266	5.e-002	100.33
246	11.961	5.3133	0.	2587.3
247	10.449	3.8236	0.	2862.8
248	10.884	2.8579	0.	2878.3
249	11.332	3.3262	5.e-002	250.28
250	9.6693	4.6767	0.	2712.6
251	9.5659	4.3209	5.e-002	38.538
252	8.8663	4.4105	0.	3896.7
253	6.9845	2.0441	5.e-002	134.8
254	7.4922	1.7721	0.	5662.2
255	2.7697	2.2023	0.	5013.5
256	1.862	3.0787	0.	5551.6
257	1.819	2.0789	5.e-002	118.85
258	1.7095	1.0394	0.	5480.2
259	0.90952	2.0394	0.	4689.6
260	4.4428	1.887	0.	4543.9
261	3.7329	3.2949	0.	4615.7
262	4.7304	2.9057	0.	4419.4
263	3.7203	2.3257	5.e-002	190.9
264	3.4601	1.1629	0.	4883.2
265	5.1653	1.4482	5.e-002	160.48
266	4.9827	0.7241	0.	4615.9
267	2.8253	4.1713	0.	5123.2
268	1.9051	4.0785	5.e-002	133.09
269	1.9525	5.0392	0.	5504.2
270	0.95253	4.0392	0.	4702.4
271	4.7294	4.4519	0.	4441.3
272	5.7268	4.0626	0.	4253.6
273	5.7132	4.6397	5.e-002	58.672
274	5.8566	5.3198	0.	4010.9
275	6.8566	4.8198	0.	4252.1
276	3.7456	4.2642	5.e-002	121.56
277	3.8728	5.1321	0.	4835.8
278	5.7405	3.4856	5.e-002	152.75
279	6.8703	3.9928	0.	5319.6
280	9.2199	1.6656	5.e-002	652.61
281	8.6933	1.5828	0.	4491.
282	10.437	2.3895	5.e-002	62.39
283	9.7726	5.0324	5.e-002	30.027
284	9.9592	5.5162	0.	2375.3
285	8.9697	5.0162	0.	2512.6
286	9.6693	4.6767	0.1	2712.6
287	10.785	4.8295	0.1	2529.3
288	8.9697	5.0162	0.1	2512.6
289	9.9592	5.5162	0.1	2375.3
290	10.884	2.8579	0.1	2878.3
291	10.514	1.8221	0.1	2629.4
292	9.9976	2.5698	0.1	3363.3
293	9.8892	2.2247	0.1	3191.8
294	9.905	1.4602	0.1	2989.
295	9.2806	1.8627	0.1	3604.6
296	8.6933	1.5828	0.1	4491.
297	5.7268	4.0626	0.1	4253.6
298	4.7304	2.9057	0.1	4419.4
299	6.0108	3.0671	0.1	4338.
300	6.8703	3.9928	0.1	5319.6
301	4.7294	4.4519	0.1	4441.3
302	2.8253	4.1713	0.1	5123.2
303	3.7329	3.2949	0.1	4615.7
304	3.8728	5.1321	0.1	4835.8
305	6.8566	4.8198	0.1	4252.1
306	5.8566	5.3198	0.1	4010.9
307	1.862	3.0787	0.1	5551.6
308	0.95253	4.0392	0.1	4702.4
309	1.9525	5.0392	0.1	5504.2
310	4.4428	1.887	0.1	4543.9
311	5.8509	1.2337	0.1	4256.4
312	5.7232	2.0484	0.1	4455.6
313	4.9827	0.7241	0.1	4615.9
314	2.7697	2.2023	0.1	5013.5
315	3.4601	1.1629	0.1	4883.2
316	0.90952	2.0394	0.1	4689.6
317	1.7095	1.0394	0.1	5480.2
318	7.3169	2.4041	0.1	5812.4
319	6.7604	1.5317	0.1	4166.6
320	6.6328	2.3464	0.1	4319.4
321	7.4922	1.7721	0.1	5662.2
322	10.449	3.8236	0.1	2862.8
323	9.5235	3.8872	0.1	3112.1
324	8.8663	4.4105	0.1	3896.7
325	11.564	3.9764	0.1	2685.4
326	12.13	2.7212	0.1	2472.7
327	10.406	3.3898	0.1	3062.3
328	12.773	4.3858	0.1	2371.2
329	11.961	5.3133	0.1	2587.3
330	14.716	4.0635	0.1	2005.4
331	13.339	3.1305	0.1	2156.2
332	13.927	5.0725	0.1	2142.4
333	16.723	3.9722	0.1	1593.8
334	15.465	2.989	0.1	1891.9
335	15.883	4.991	0.1	1785.7
336	18.81	3.9633	0.1	1128.9
337	17.625	2.97	0.1	1391.
338	17.913	4.9812	0.1	1327.6
339	20.9	3.9675	0.1	691.13
340	19.764	2.9685	0.1	919.6
341	19.949	4.9821	0.1	883.22
342	21.896	2.9788	0.1	490.8
343	21.982	4.9854	0.1	467.02
344	22.972	3.9854	0.1	380.29
345	20.76	1.9798	0.1	721.11
346	22.924	1.9935	0.1	392.74
347	21.793	0.99345	0.1	504.77
348	18.578	1.9752	0.1	1184.5
349	19.573	0.98636	0.1	965.99
350	16.367	1.9868	0.1	1690.4
351	17.35	0.9888	0.1	1466.4
352	14.088	2.056	0.1	2040.2
353	15.1	0.99798	0.1	2022.8
354	11.759	1.6854	0.1	2225.2
355	12.809	1.058	0.1	2232.1
356	9.3784	1.1274	0.1	3272.9
357	10.509	0.62737	0.1	2117.6
358	9.1255	2.6846	0.1	4625.1
359	8.6791	2.8711	0.1	6472.3
360	8.4461	2.5887	0.1	7694.9
361	8.4297	2.3096	0.1	8272.7
362	8.1574	2.9435	0.1	7359.2
363	7.9858	3.0993	0.1	7389.1
364	7.9244	2.6612	0.1	8514.9
365	7.8247	3.3821	0.1	9072.6
366	7.8247	2.3821	0.1	11976
367	9.5196	3.1017	0.1	3513.8
368	9.4497	2.4049	0.1	3732.7
369	9.0732	3.2882	0.1	5357.1
370	8.4939	3.2787	0.1	7403.1
371	7.2682	1.0096	0.1	3619.1
372	6.4682	0.50959	0.1	3694.2
373	8.8239	3.7267	0.1	8088.
374	7.1405	3.3243	0.1	7788.5
375	8.754	2.0299	0.1	7660.8
376	8.2445	3.7173	0.1	9929.4
377	8.0997	2.2791	0.1	12980
378	8.1667	4.75	0.1	4364.1
379	8.1667	5.5	0.1	2360.3
380	8.1667	5.	5.e-002	356.32
381	8.1667	4.25	0.1	9058.6
382	8.1667	4.5	5.e-002	617.4
383	8.0833	4.	0.1	11031
384	8.1667	4.	5.e-002	1212.
385	8.	4.25	0.1	9141.6
386	8.	4.	5.e-002	342.44
387	8.	4.75	0.1	5666.1
388	8.	4.5	5.e-002	383.85
389	8.	5.5	0.1	3978.7
390	8.	5.	5.e-002	223.77
391	8.1667	1.25	0.1	5207.5
392	8.1667	0.5	0.1	3609.1
393	8.1667	1.	5.e-002	1069.1
394	8.1667	1.75	0.1	8863.9
395	8.1667	1.5	5.e-002	352.56
396	8.0833	2.	0.1	13061
397	8.1667	2.	5.e-002	203.59
398	8.	1.75	0.1	11690
399	8.	2.	5.e-002	2391.4
400	8.	1.25	0.1	5522.1
401	8.	1.5	5.e-002	831.35
402	8.	0.5	0.1	2929.5
403	8.	1.	5.e-002	326.7
404	9.1563	6.	0.1	1866.7
405	8.1667	6.	5.e-002	129.3
406	11.135	6.	0.1	2432.1
407	10.146	6.	5.e-002	96.361
408	13.115	6.	0.1	2361.9
409	12.125	6.	5.e-002	57.939
410	15.094	6.	0.1	1926.9
411	14.104	6.	5.e-002	41.227
412	17.073	6.	0.1	1525.2
413	16.083	6.	5.e-002	43.265
414	19.052	6.	0.1	1087.8
415	18.063	6.	5.e-002	39.475
416	21.031	6.	0.1	663.66
417	20.042	6.	5.e-002	29.155
418	23.01	6.	0.1	349.25
419	22.021	6.	5.e-002	27.244
420	24.	5.	0.1	259.16
421	24.	6.	5.e-002	27.646
422	24.	3.	0.1	283.18
423	24.	4.	5.e-002	26.295
424	24.	1.	0.1	276.02
425	24.	2.	5.e-002	25.13
426	2.6226e-014	3.	0.1	3958.8
427	8.7419e-015	1.	0.1	3564.2
428	1.772e-014	2.	5.e-002	79.919
429	4.371e-014	5.	0.1	3670.1
430	3.5441e-014	4.	5.e-002	214.96
431	22.869	0.	0.1	390.92
432	24.	0.	5.e-002	27.464
433	20.607	0.	0.1	751.66
434	21.738	0.	5.e-002	28.789
435	18.345	0.	0.1	1251.7
436	19.476	0.	5.e-002	37.113
437	16.083	0.	0.1	1803.3
438	17.214	0.	5.e-002	39.765
439	13.821	0.	0.1	2210.
440	14.952	0.	5.e-002	79.163
441	11.56	0.	0.1	2100.1
442	12.69	0.	5.e-002	155.31
443	9.2976	0.	0.1	2029.8
444	10.429	0.	5.e-002	402.77
445	8.1667	0.	5.e-002	302.44
446	7.2	1.0919e-030	0.1	2805.3
447	8.	1.2132e-030	5.e-002	150.5
448	5.6	8.4923e-031	0.1	4042.8
449	6.4	0.	5.e-002	153.8
450	4.	6.0659e-031	0.1	4966.4
451	4.8	0.	5.e-002	283.07
452	2.4	3.6396e-031	0.1	5354.2
453	3.2	0.	5.e-002	126.56
454	0.8	1.2132e-031	0.1	4264.7
455	1.6	0.	5.e-002	242.56
456	0.	0.	5.e-002	1122.6
457	1.	6.	0.1	4360.9
458	5.2451e-014	6.	5.e-002	1336.2
459	3.	6.	0.1	5182.3
460	2.	6.	5.e-002	261.72
461	5.	6.	0.1	4380.1
462	4.	6.	5.e-002	102.7
463	7.	6.	0.1	3488.
464	6.	6.	5.e-002	98.466
465	8.	6.	5.e-002	8.293
466	5.	6.	0.	4380.1
467	7.	6.	0.	3488.
468	3.	6.	0.	5182.3
469	1.	6.	0.	4360.9
470	8.	5.5	0.	3978.7
471	4.371e-014	5.	0.	3670.1
472	2.4	3.6396e-031	0.	5354.2
473	0.8	1.2132e-031	0.	4264.7
474	4.	6.0659e-031	0.	4966.4
475	5.6	8.4923e-031	0.	4042.8
476	7.2	1.0919e-030	0.	2805.3
477	8.	0.5	0.	2929.5
478	8.7419e-015	1.	0.	3564.2
479	11.56	0.	0.	2100.1
480	9.2976	0.	0.	2029.8
481	13.821	0.	0.	2210.
482	16.083	0.	0.	1803.3
483	18.345	0.	0.	1251.7
484	20.607	0.	0.	751.66
485	22.869	0.	0.	390.92
486	8.1667	0.5	0.	3609.1
487	24.	1.	0.	276.02
488	2.6226e-014	3.	0.	3958.8
489	24.	3.	0.	283.18
490	24.	5.	0.	259.16
491	23.01	6.	0.	349.25
492	21.031	6.	0.	663.66
493	19.052	6.	0.	1087.8
494	17.073	6.	0.	1525.2
495	15.094	6.	0.	1926.9
496	13.115	6.	0.	2361.9
497	11.135	6.	0.	2432.1
498	9.1563	6.	0.	1866.7
499	8.1667	5.5	0.	2360.3
500	8.	1.25	0.	5522.1
501	8.	1.75	0.	11690
502	8.0833	2.	0.	13061
503	8.1667	1.25	0.	5207.5
504	8.1667	1.75	0.	8863.9
505	8.	4.75	0.	5666.1
506	8.	4.25	0.	9141.6
507	8.0833	4.	0.	11031
508	8.1667	4.75	0.	4364.1
509	8.1667	4.25	0.	9058.6
