Node Number	X Location (in)	Y Location (in)	Z Location (in)	Maximum Principal Stress (psi)
1	6.1927	3.3469	0.	102.15
2	6.9687	1.8176	0.	-72.838
3	4.2426	2.8371	0.	-18.436
4	7.3627	3.4825	0.	-31.676
5	4.2881	0.65563	0.	67.815
6	6.4698	0.48427	0.	107.96
7	4.5445	4.6536	0.	206.89
8	6.672	4.7122	0.	118.73
9	6.2559	5.0576	0.	84.575
10	3.8188	1.8451	0.	65.021
11	4.605	5.404	0.	158.14
12	6.4514	5.4594	0.	95.36
13	3.2851	0.9232	0.	68.532
14	3.7317	5.1618	0.	17.583
15	2.7172	4.5597	0.	-41.999
16	1.3047	4.6911	0.	255.82
17	1.1432	1.1827	0.	266.45
18	2.2687	1.1043	0.	-50.557
19	7.4476	0.72181	0.	9.0524
20	8.3602	1.2193	0.	-13.781
21	9.8435	1.2016	0.	3.2242
22	11.14	1.2044	0.	-3.1749
23	12.356	1.2091	0.	0.15246
24	13.556	1.1977	0.	3.1128
25	14.741	1.1875	0.	5.4358
26	15.91	1.1861	0.	6.8767
27	17.061	1.1871	0.	7.8237
28	18.219	1.1873	0.	8.2417
29	19.376	1.1948	0.	8.442
30	20.529	1.196	0.	8.4386
31	21.689	1.1936	0.	8.1649
32	22.844	1.1961	0.	7.5893
33	1.3316	3.5056	0.	288.52
34	1.2445	2.3443	0.	287.77
35	22.839	2.3948	0.	10.596
36	22.838	3.5999	0.	10.595
37	22.839	4.8057	0.	7.5688
38	21.68	4.8062	0.	8.1328
39	20.525	4.7977	0.	8.428
40	19.369	4.8006	0.	8.3462
41	18.216	4.7854	0.	8.2219
42	17.063	4.7534	0.	7.8639
43	15.905	4.729	0.	7.0648
44	14.746	4.7736	0.	5.5144
45	13.574	4.7726	0.	3.4822
46	12.378	4.7714	0.	0.80207
47	11.155	4.7706	0.	-4.184
48	9.872	4.7724	0.	6.0852
49	8.3871	4.7598	0.	-9.5109
50	7.49	5.2559	0.	5.435
51	2.6944	3.2743	0.	-60.038
52	2.5315	2.1828	0.	-38.487
53	8.523	3.5609	0.	-11.736
54	8.4196	2.3673	0.	-15.358
55	9.7549	2.3756	0.	0.96203
56	11.049	2.3904	0.	-1.2087
57	12.314	2.3876	0.	-0.71411
58	13.534	2.3765	0.	2.7278
59	14.727	2.3753	0.	6.1861
60	15.903	2.3739	0.	8.0755
61	17.059	2.3746	0.	9.3194
62	18.214	2.3774	0.	9.8999
63	19.363	2.3911	0.	10.24
64	20.518	2.3999	0.	10.466
65	21.68	2.3924	0.	10.569
66	21.676	3.599	0.	10.577
67	20.515	3.5983	0.	10.441
68	19.36	3.592	0.	10.275
69	18.213	3.5808	0.	9.8495
70	17.057	3.5602	0.	9.2425
71	15.9	3.5533	0.	8.1106
72	14.727	3.5663	0.	6.1973
73	13.534	3.573	0.	2.6812
74	12.323	3.5746	0.	-0.59288
75	11.061	3.5735	0.	-2.195
76	9.7624	3.5761	0.	5.7622
77	7.0988	4.1683	0.	-54.402
78	4.4885	1.1298	0.	105.71
79	4.7922	5.029	0.	241.04
80	4.041	3.933	0.	14.335
81	6.2316	0.90459	0.	143.18
82	6.5202	1.2517	0.	135.6
83	5.5029	2.7077	0.	433.49
84	5.1609	3.2084	0.	545.3
85	6.4764	2.7997	0.	50.677
86	6.403	2.3398	0.	59.41
87	7.4652	2.5817	0.	16.946
88	5.6942	2.4006	0.	700.98
89	5.6942	2.4006	0.1	1029.
90	7.4652	2.5817	0.1	935.16
91	6.403	2.3398	0.1	1343.9
92	6.4764	2.7997	0.1	1260.8
93	5.1609	3.2084	0.1	1531.4
94	5.5029	2.7077	0.1	1478.4
95	6.5202	1.2517	0.1	795.77
96	6.2316	0.90459	0.1	425.96
97	4.041	3.933	0.1	1275.2
98	4.7922	5.029	0.1	573.31
99	4.4885	1.1298	0.1	781.72
100	7.0988	4.1683	0.1	976.04
101	9.7624	3.5761	0.1	593.28
102	11.061	3.5735	0.1	493.01
103	12.323	3.5746	0.1	401.9
104	13.534	3.573	0.1	323.76
105	14.727	3.5663	0.1	255.06
106	15.9	3.5533	0.1	195.63
107	17.057	3.5602	0.1	144.83
108	18.213	3.5808	0.1	101.9
109	19.36	3.592	0.1	66.856
110	20.515	3.5983	0.1	39.449
111	21.676	3.599	0.1	19.613
112	21.68	2.3924	0.1	19.575
113	20.518	2.3999	0.1	39.368
114	19.363	2.3911	0.1	66.791
115	18.214	2.3774	0.1	101.83
116	17.059	2.3746	0.1	144.59
117	15.903	2.3739	0.1	195.65
118	14.727	2.3753	0.1	255.13
119	13.534	2.3765	0.1	323.71
120	12.314	2.3876	0.1	403.07
121	11.049	2.3904	0.1	494.78
122	9.7549	2.3756	0.1	594.09
123	8.4196	2.3673	0.1	719.48
124	8.523	3.5609	0.1	710.23
125	2.5315	2.1828	0.1	1403.8
126	2.6944	3.2743	0.1	1398.1
127	7.49	5.2559	0.1	711.85
128	8.3871	4.7598	0.1	698.13
129	9.872	4.7724	0.1	590.46
130	11.155	4.7706	0.1	487.25
131	12.378	4.7714	0.1	398.91
132	13.574	4.7726	0.1	322.29
133	14.746	4.7736	0.1	254.84
134	15.905	4.729	0.1	195.78
135	17.063	4.7534	0.1	144.9
136	18.216	4.7854	0.1	102.03
137	19.369	4.8006	0.1	66.752
138	20.525	4.7977	0.1	39.123
139	21.68	4.8062	0.1	19.212
140	22.839	4.8057	0.1	6.8324
141	22.838	3.5999	0.1	7.3422
142	22.839	2.3948	0.1	7.3357
143	1.2445	2.3443	0.1	1403.4
144	1.3316	3.5056	0.1	1386.4
145	22.844	1.1961	0.1	6.7815
146	21.689	1.1936	0.1	19.11
147	20.529	1.196	0.1	38.983
148	19.376	1.1948	0.1	66.518
149	18.219	1.1873	0.1	101.85
150	17.061	1.1871	0.1	144.87
151	15.91	1.1861	0.1	195.84
152	14.741	1.1875	0.1	255.26
153	13.556	1.1977	0.1	323.65
154	12.356	1.2091	0.1	400.9
155	11.14	1.2044	0.1	489.93
156	9.8435	1.2016	0.1	594.13
157	8.3602	1.2193	0.1	714.37
158	7.4476	0.72181	0.1	683.86
159	2.2687	1.1043	0.1	1396.1
160	1.1432	1.1827	0.1	1333.7
161	1.3047	4.6911	0.1	1332.1
162	2.7172	4.5597	0.1	1324.8
163	3.7317	5.1618	0.1	1051.
164	3.2851	0.9232	0.1	1166.7
165	6.4514	5.4594	0.1	570.05
166	4.605	5.404	0.1	773.04
167	3.8188	1.8451	0.1	1089.5
168	6.2559	5.0576	0.1	580.08
169	6.672	4.7122	0.1	856.85
170	4.5445	4.6536	0.1	1071.3
171	6.4698	0.48427	0.1	542.33
172	4.2881	0.65563	0.1	812.58
173	7.3627	3.4825	0.1	1018.8
174	4.2426	2.8371	0.1	1349.8
175	6.9687	1.8176	0.1	998.38
176	6.1927	3.3469	0.1	1207.8
177	5.5467	5.5	0.1	458.82
178	5.5467	5.	0.1	949.41
179	5.5467	4.5	0.1	997.1
180	5.5467	4.	0.1	2958.7
181	5.38	4.	0.1	3090.3
182	5.38	4.5	0.1	1321.3
183	5.38	5.	0.1	857.73
184	5.38	5.5	0.1	403.06
185	5.5467	0.5	0.1	367.26
186	5.5467	1.	0.1	715.62
187	5.5467	1.5	0.1	964.15
188	5.5467	2.	0.1	3336.
189	5.38	2.	0.1	3936.2
190	5.38	1.5	0.1	1495.7
191	5.38	1.	0.1	1436.3
192	5.38	0.5	0.1	796.07
193	5.5467	6.	0.1	420.07
194	6.7	6.	0.1	548.81
195	7.8533	6.	0.1	653.85
196	9.0067	6.	0.1	628.13
197	10.16	6.	0.1	564.56
198	11.313	6.	0.1	480.58
199	12.467	6.	0.1	394.2
200	13.62	6.	0.1	320.09
201	14.773	6.	0.1	253.05
202	15.927	6.	0.1	193.67
203	17.08	6.	0.1	143.27
204	18.233	6.	0.1	100.25
205	19.387	6.	0.1	64.833
206	20.54	6.	0.1	37.046
207	21.693	6.	0.1	17.033
208	22.847	6.	0.1	4.4465
209	24.	6.	0.1	-0.24329
210	24.	4.8	0.1	2.2748
211	24.	3.6	0.1	3.1904
212	24.	2.4	0.1	3.1855
213	24.	1.2	0.1	2.2601
214	1.049e-014	1.2	0.1	1959.6
215	2.0981e-014	2.4	0.1	2055.7
216	3.1471e-014	3.6	0.1	2077.6
217	4.1961e-014	4.8	0.1	1982.2
218	24.	0.	0.1	-0.24674
219	22.847	0.	0.1	4.4484
220	21.693	0.	0.1	17.096
221	20.54	0.	0.1	37.124
222	19.387	0.	0.1	64.761
223	18.233	0.	0.1	100.08
224	17.08	0.	0.1	143.13
225	15.927	0.	0.1	194.26
226	14.773	0.	0.1	253.21
227	13.62	0.	0.1	319.86
228	12.467	0.	0.1	393.61
229	11.313	0.	0.1	479.09
230	10.16	0.	0.1	569.44
231	9.0067	0.	0.1	638.43
232	7.8533	0.	0.1	653.3
233	6.7	0.	0.1	530.58
234	5.5467	0.	0.1	391.46
235	5.38	0.	0.1	549.7
236	4.304	-1.9411e-031	0.1	731.1
237	3.228	-1.4558e-031	0.1	1181.5
238	2.152	-9.7055e-032	0.1	1471.6
239	1.076	-4.8527e-032	0.1	1339.5
240	0.	0.	0.1	1359.3
241	3.937e-014	6.	0.1	1387.8
242	1.076	6.	0.1	1301.
243	2.152	6.	0.1	1468.4
244	3.228	6.	0.1	1149.9
245	4.304	6.	0.1	807.71
246	5.38	6.	0.1	547.82
247	4.304	6.	0.	-48.284
248	3.228	6.	0.	16.272
249	2.152	6.	0.	-0.39179
250	1.076	6.	0.	194.59
251	5.38	6.	0.	-42.566
252	3.937e-014	6.	0.	-632.34
253	1.076	-4.8527e-032	0.	184.95
254	2.152	-9.7055e-032	0.	-46.051
255	3.228	-1.4558e-031	0.	26.089
256	4.304	-1.9411e-031	0.	61.432
257	5.38	0.	0.	-98.744
258	0.	0.	0.	-580.06
259	6.7	0.	0.	-21.565
260	7.8533	0.	0.	23.435
261	9.0067	0.	0.	52.403
262	10.16	0.	0.	4.5055
263	11.313	0.	0.	5.3896
264	12.467	0.	0.	9.8902
265	13.62	0.	0.	9.3087
266	14.773	0.	0.	9.0059
267	15.927	0.	0.	9.4819
268	17.08	0.	0.	10.253
269	18.233	0.	0.	10.424
270	19.387	0.	0.	10.272
271	20.54	0.	0.	10.058
272	21.693	0.	0.	9.1867
273	22.847	0.	0.	7.5545
274	5.5467	0.	0.	-24.766
275	24.	0.	0.	5.0614
276	4.1961e-014	4.8	0.	-975.83
277	3.1471e-014	3.6	0.	-1024.8
278	2.0981e-014	2.4	0.	-1014.8
279	1.049e-014	1.2	0.	-964.27
280	24.	1.2	0.	6.7101
281	24.	2.4	0.	10.022
282	24.	3.6	0.	10.012
283	24.	4.8	0.	6.7168
284	24.	6.	0.	5.0566
285	22.847	6.	0.	7.5613
286	21.693	6.	0.	9.2771
287	20.54	6.	0.	10.034
288	19.387	6.	0.	10.42
289	18.233	6.	0.	10.702
290	17.08	6.	0.	10.621
291	15.927	6.	0.	9.7912
292	14.773	6.	0.	8.9853
293	13.62	6.	0.	8.4142
294	12.467	6.	0.	8.4399
295	11.313	6.	0.	6.2833
296	10.16	6.	0.	2.6615
297	9.0067	6.	0.	49.678
298	7.8533	6.	0.	38.971
299	6.7	6.	0.	-8.7966
300	5.5467	6.	0.	-44.159
301	5.38	1.5	0.	72.963
302	5.38	1.	0.	317.09
303	5.38	0.5	0.	-108.21
304	5.38	2.	0.	-273.14
305	5.5467	0.5	0.	-71.987
306	5.5467	1.	0.	214.07
307	5.5467	1.5	0.	509.74
308	5.5467	2.	0.	-258.77
309	5.38	4.5	0.	770.39
310	5.38	5.	0.	314.64
311	5.38	5.5	0.	-88.118
312	5.38	4.	0.	-9.3129
313	5.5467	5.5	0.	-81.799
314	5.5467	5.	0.	354.87
315	5.5467	4.5	0.	404.77
316	5.5467	4.	0.	-341.22
317	6.7777	3.4147	0.	15.932
318	5.6768	3.2777	0.	309.25
319	6.3345	3.0733	0.	66.438
320	6.1927	3.3469	5.e-002	12.305
321	5.8697	3.6735	0.	-148.67
322	7.6645	1.5184	0.	-43.553
323	6.7445	1.5346	0.	2.4256
324	6.6858	2.0787	0.	-8.6116
325	7.217	2.1996	0.	-28.307
326	6.9687	1.8176	5.e-002	21.516
327	6.2577	1.9088	0.	-247.98
328	4.0307	2.3411	0.	11.312
329	3.4685	3.0557	0.	-41.933
330	4.1418	3.385	0.	-21.082
331	4.7017	3.0228	0.	178.61
332	4.2426	2.8371	5.e-002	36.914
333	4.8113	2.4186	0.	-223.48
334	7.9429	3.5217	0.	-22.371
335	7.2308	3.8254	0.	-46.256
336	7.414	3.0321	0.	-8.0853
337	7.3627	3.4825	5.e-002	14.331
338	3.7866	0.78942	0.	52.272
339	4.3883	0.89269	0.	86.542
340	4.2881	0.65563	5.e-002	38.8
341	4.296	0.32782	0.	62.155
342	4.834	0.57782	0.	-61.144
343	6.9587	0.60304	0.	20.723
344	6.3507	0.69443	0.	124.25
345	6.4698	0.48427	5.e-002	29.177
346	6.5849	0.24214	0.	38.723
347	6.0082	0.49214	0.	-25.654
348	4.1381	4.9077	0.	105.39
349	4.6683	4.8413	0.	179.8
350	4.2928	4.2933	0.	104.11
351	4.5445	4.6536	5.e-002	105.2
352	4.9623	4.5768	0.	357.52
353	6.4639	4.8849	0.	82.93
354	7.081	4.9841	0.	49.606
355	6.8854	4.4402	0.	25.014
356	6.672	4.7122	5.e-002	74.547
357	6.1093	4.6061	0.	183.09
358	6.3537	5.2585	0.	89.8
359	6.2559	5.0576	5.e-002	3.3042
360	5.9013	5.0288	0.	179.7
361	3.552	1.3841	0.	54.361
362	3.1752	2.0139	0.	-6.432
363	4.1537	1.4874	0.	67.319
364	3.8188	1.8451	5.e-002	46.03
365	4.5994	1.6725	0.	49.316
366	4.1683	5.2829	0.	59.767
367	4.6986	5.2165	0.	195.66
368	4.605	5.404	5.e-002	45.88
369	4.4545	5.702	0.	28.3
370	4.9925	5.452	0.	-19.32
371	6.9707	5.3576	0.	34.312
372	6.4514	5.4594	5.e-002	30.697
373	6.5757	5.7297	0.	37.828
374	5.9991	5.4797	0.	-36.518
375	2.7769	1.0138	0.	8.0701
376	3.2851	0.9232	5.e-002	15.434
377	3.2565	0.4616	0.	46.448
378	3.2244	4.8608	0.	-12.605
379	3.7317	5.1618	5.e-002	31.399
380	3.4798	5.5809	0.	8.648
381	2.0109	4.6254	0.	106.74
382	2.7058	3.917	0.	-51.274
383	3.3791	4.2463	0.	-20.759
384	2.7172	4.5597	5.e-002	17.017
385	2.4346	5.2799	0.	-38.264
386	1.3181	4.0983	0.	272.11
387	1.3047	4.6911	5.e-002	16.103
388	1.1903	5.3456	0.	225.09
389	0.65233	4.7456	0.	-361.61
390	1.7059	1.1435	0.	107.94
391	1.1938	1.7635	0.	277.04
392	1.1432	1.1827	5.e-002	17.078
393	1.1096	0.59133	0.	225.37
394	0.57159	1.1913	0.	-349.93
395	2.4001	1.6436	0.	-44.529
396	2.2687	1.1043	5.e-002	8.5605
397	2.2104	0.55216	0.	-49.249
398	7.9039	0.97057	0.	-2.397
399	6.9839	0.98676	0.	49.992
400	7.4476	0.72181	5.e-002	12.405
401	7.6505	0.36091	0.	6.4996
402	9.1018	1.2105	0.	-5.3056
403	8.3899	1.7933	0.	-14.638
404	8.3602	1.2193	5.e-002	3.6279
405	8.6834	0.60967	0.	8.9057
406	10.492	1.203	0.	-2.9209e-002
407	9.7992	1.7886	0.	2.0627
408	9.8435	1.2016	5.e-002	1.9314
409	10.002	0.6008	0.	3.8332
410	11.748	1.2067	0.	-1.845
411	11.095	1.7974	0.	-2.2118
412	11.14	1.2044	5.e-002	3.5275
413	11.227	0.60219	0.	-0.89021
414	12.956	1.2034	0.	1.5551
415	12.335	1.7984	0.	-0.50897
416	12.356	1.2091	5.e-002	3.4529
417	12.411	0.60455	0.	4.7251
418	14.149	1.1926	0.	4.2574
419	13.545	1.7871	0.	2.7469
420	13.556	1.1977	5.e-002	3.0444
421	13.588	0.59883	0.	5.9825
422	15.325	1.1868	0.	6.1435
423	14.734	1.7814	0.	5.6087
424	14.741	1.1875	5.e-002	2.7145
425	14.757	0.59376	0.	6.9978
426	16.486	1.1866	0.	7.3376
427	15.907	1.78	0.	7.2611
428	15.91	1.1861	5.e-002	2.3597
429	15.918	0.59305	0.	7.9581
430	17.64	1.1872	0.	8.019
431	17.06	1.7808	0.	8.3462
432	17.061	1.1871	5.e-002	2.0323
433	17.071	0.59354	0.	8.8129
434	18.797	1.1911	0.	8.3275
435	18.216	1.7824	0.	8.838
436	18.219	1.1873	5.e-002	1.6883
437	18.226	0.59367	0.	9.1001
438	19.953	1.1954	0.	8.4259
439	19.37	1.793	0.	9.1118
440	19.376	1.1948	5.e-002	1.3616
441	19.382	0.5974	0.	9.1221
442	21.109	1.1948	0.	8.2905
443	20.524	1.7979	0.	9.2379
444	20.529	1.196	5.e-002	1.0268
445	20.535	0.59799	0.	9.0053
446	22.266	1.1948	0.	7.877
447	21.684	1.793	0.	9.1788
448	21.689	1.1936	5.e-002	0.69976
449	21.691	0.5968	0.	8.4319
450	22.841	1.7954	0.	8.9752
451	22.844	1.1961	5.e-002	0.45877
452	22.845	0.59803	0.	7.3471
453	23.422	1.198	0.	7.1113
454	1.2881	2.9249	0.	288.14
455	2.013	3.3899	0.	114.24
456	1.3316	3.5056	5.e-002	9.8818
457	0.66581	3.5528	0.	-368.45
458	1.888	2.2636	0.	124.53
459	1.2445	2.3443	5.e-002	9.7099
460	0.62226	2.3722	0.	-363.64
461	22.838	2.9973	0.	10.525
462	22.259	2.3936	0.	10.583
463	22.839	2.3948	5.e-002	0.43937
464	23.419	2.3974	0.	10.306
465	22.839	4.2028	0.	8.9628
466	22.257	3.5994	0.	10.586
467	22.838	3.5999	5.e-002	0.43621
468	23.419	3.6	0.	10.3
469	22.26	4.806	0.	7.8506
470	22.839	4.8057	5.e-002	0.45496
471	23.42	4.8028	0.	7.1058
472	22.843	5.4028	0.	7.3419
473	21.103	4.802	0.	8.2702
474	21.678	4.2026	0.	9.1676
475	21.68	4.8062	5.e-002	0.70696
476	21.687	5.4031	0.	8.4599
477	19.947	4.7992	0.	8.3707
478	20.52	4.198	0.	9.2136
479	20.525	4.7977	5.e-002	1.0489
480	20.533	5.3989	0.	8.9942
481	18.793	4.793	0.	8.2673
482	19.365	4.1963	0.	9.0813
483	19.369	4.8006	5.e-002	1.38
484	19.378	5.4003	0.	9.1372
485	17.639	4.7694	0.	8.0271
486	18.214	4.1831	0.	8.8043
487	18.216	4.7854	5.e-002	1.7038
488	18.225	5.3927	0.	9.2098
489	16.484	4.7412	0.	7.4528
490	17.06	4.1568	0.	8.329
491	17.063	4.7534	5.e-002	2.0352
492	17.071	5.3767	0.	8.9959
493	15.325	4.7513	0.	6.2796
494	15.903	4.1411	0.	7.3652
495	15.905	4.729	5.e-002	2.374
496	15.916	5.3645	0.	8.1992
497	14.16	4.7731	0.	4.4864
498	14.736	4.17	0.	5.6534
499	14.746	4.7736	5.e-002	2.7016
500	14.76	5.3868	0.	6.9955
501	12.976	4.772	0.	2.0411
502	13.554	4.1728	0.	2.8964
503	13.574	4.7726	5.e-002	2.9752
504	13.597	5.3863	0.	5.7149
505	11.767	4.771	0.	-2.1748
506	12.351	4.173	0.	-0.2173
507	12.378	4.7714	5.e-002	3.4724
508	12.422	5.3857	0.	4.3021
509	10.514	4.7715	0.	0.90188
510	11.108	4.1721	0.	-3.2029
511	11.155	4.7706	5.e-002	2.8407
512	11.234	5.3853	0.	-0.56142
513	9.1296	4.7661	0.	-2.5034
514	9.8172	4.1743	0.	5.9025
515	9.872	4.7724	5.e-002	2.9502
516	10.016	5.3862	0.	4.3362
517	7.9385	5.0079	0.	-6.3109
518	8.4551	4.1603	0.	-10.857
519	7.743	4.464	0.	-32.155
520	8.3871	4.7598	5.e-002	9.2735
521	8.6969	5.3799	0.	4.9805
522	7.49	5.2559	5.e-002	13.969
523	7.6717	5.628	0.	19.421
524	2.613	2.7286	0.	-49.408
525	2.6944	3.2743	5.e-002	9.3296
526	2.5315	2.1828	5.e-002	18.057
527	8.4713	2.9641	0.	-14.343
528	9.1427	3.5685	0.	-3.1903
529	8.523	3.5609	5.e-002	12.515
530	9.0873	2.3715	0.	-7.2339
531	7.9424	2.4745	0.	0.62682
532	8.4196	2.3673	5.e-002	5.6464
533	10.402	2.383	0.	-0.12832
534	9.7587	2.9759	0.	3.3463
535	9.7549	2.3756	5.e-002	1.7704
536	11.682	2.389	0.	-0.99372
537	11.055	2.982	0.	-1.7223
538	11.049	2.3904	5.e-002	4.3542
539	12.924	2.3821	0.	-0.31832
540	12.319	2.9811	0.	-0.7053
541	12.314	2.3876	5.e-002	3.7097
542	14.13	2.3759	0.	4.4527
543	13.534	2.9748	0.	2.5308
544	13.534	2.3765	5.e-002	3.0483
545	15.315	2.3746	0.	7.1293
546	14.727	2.9708	0.	5.9973
547	14.727	2.3753	5.e-002	2.6681
548	16.481	2.3742	0.	8.6962
549	15.902	2.9636	0.	7.8948
550	15.903	2.3739	5.e-002	2.3957
551	17.637	2.376	0.	9.6085
552	17.058	2.9674	0.	9.0696
553	17.059	2.3746	5.e-002	2.0552
554	18.789	2.3843	0.	10.069
555	18.213	2.9791	0.	9.6628
556	18.214	2.3774	5.e-002	1.6867
557	19.941	2.3955	0.	10.352
558	19.362	2.9916	0.	10.053
559	19.363	2.3911	5.e-002	1.369
560	21.099	2.3961	0.	10.517
561	20.517	2.9991	0.	10.273
562	20.518	2.3999	5.e-002	1.0389
563	21.678	2.9957	0.	10.437
564	21.68	2.3924	5.e-002	0.70507
565	21.096	3.5987	0.	10.508
566	21.676	3.599	5.e-002	0.707
567	19.938	3.5952	0.	10.357
568	20.515	3.5983	5.e-002	1.0439
569	18.787	3.5864	0.	10.06
570	19.36	3.592	5.e-002	1.3589
571	17.635	3.5705	0.	9.5442
572	18.213	3.5808	5.e-002	1.6552
573	16.479	3.5567	0.	8.675
574	17.057	3.5602	5.e-002	2.0891
575	15.314	3.5598	0.	7.1536
576	15.9	3.5533	5.e-002	2.4662
577	14.13	3.5697	0.	4.4358
578	14.727	3.5663	5.e-002	2.6625
579	12.928	3.5738	0.	-0.10474
580	13.534	3.573	5.e-002	2.9141
581	11.692	3.574	0.	-1.4326
582	12.323	3.5746	5.e-002	3.5496
583	10.412	3.5748	0.	1.7752
584	11.061	3.5735	5.e-002	3.8867
585	9.7624	3.5761	5.e-002	3.6915
586	7.0988	4.1683	5.e-002	31.675
587	6.3227	4.0841	0.	-267.85
588	4.4885	1.1298	5.e-002	26.405
589	4.9343	1.0649	0.	166.29
590	4.7922	5.029	5.e-002	16.052
591	5.0861	5.0145	0.	257.17
592	4.041	3.933	5.e-002	53.089
593	4.7105	3.9665	0.	-42.052
594	6.3759	1.0782	0.	122.45
595	6.2316	0.90459	5.e-002	9.3277
596	5.8891	0.9523	0.	156.28
597	6.5202	1.2517	5.e-002	60.558
598	6.0334	1.3759	0.	217.25
599	5.3319	2.9581	0.	487.16
600	5.9896	2.7537	0.	241.79
601	5.5985	2.5542	0.	551.69
602	5.5029	2.7077	5.e-002	77.896
603	5.4414	2.3539	0.	42.599
604	5.1609	3.2084	5.e-002	28.683
605	5.2705	3.6042	0.	251.81
606	6.4397	2.5698	0.	32.195
607	6.9708	2.6907	0.	7.8241
608	6.4764	2.7997	5.e-002	14.327
609	6.0486	2.3702	0.	277.09
610	6.403	2.3398	5.e-002	17.561
611	7.4652	2.5817	5.e-002	33.208
612	5.6942	2.4006	5.e-002	48.614
613	5.6204	2.2003	0.	179.51
614	6.0486	2.3702	0.1	1185.9
615	5.5985	2.5542	0.1	1247.1
616	5.6204	2.2003	0.1	2163.8
617	6.9708	2.6907	0.1	1097.7
618	7.9424	2.4745	0.1	827.23
619	7.414	3.0321	0.1	976.01
620	7.217	2.1996	0.1	965.72
621	6.4397	2.5698	0.1	1299.2
622	6.6858	2.0787	0.1	1170.1
623	5.9896	2.7537	0.1	1369.5
624	6.3345	3.0733	0.1	1223.5
625	5.3319	2.9581	0.1	1504.8
626	4.7017	3.0228	0.1	1437.5
627	5.6768	3.2777	0.1	1355.5
628	5.2705	3.6042	0.1	2294.1
629	5.4414	2.3539	0.1	2673.5
630	6.3759	1.0782	0.1	601.16
631	6.9839	0.98676	0.1	738.13
632	6.7445	1.5346	0.1	895.53
633	6.0334	1.3759	0.1	787.73
634	6.3507	0.69443	0.1	482.57
635	5.8891	0.9523	0.1	547.4
636	3.3791	4.2463	0.1	1299.9
637	4.2928	4.2933	0.1	1170.1
638	4.1418	3.385	0.1	1306.8
639	4.7105	3.9665	0.1	2176.5
640	4.6986	5.2165	0.1	669.23
641	4.6683	4.8413	0.1	805.09
642	5.0861	5.0145	0.1	694.94
643	4.1537	1.4874	0.1	935.
644	4.3883	0.89269	0.1	796.94
645	4.9343	1.0649	0.1	1054.
646	7.743	4.464	0.1	836.35
647	6.8854	4.4402	0.1	915.57
648	7.2308	3.8254	0.1	996.73
649	6.3227	4.0841	0.1	1941.
650	10.412	3.5748	0.1	543.14
651	9.7587	2.9759	0.1	593.64
652	9.1427	3.5685	0.1	651.72
653	9.8172	4.1743	0.1	591.84
654	11.692	3.574	0.1	447.45
655	11.055	2.982	0.1	493.83
656	11.108	4.1721	0.1	490.01
657	12.928	3.5738	0.1	362.82
658	12.319	2.9811	0.1	402.37
659	12.351	4.173	0.1	400.25
660	14.13	3.5697	0.1	289.4
661	13.534	2.9748	0.1	323.58
662	13.554	4.1728	0.1	322.84
663	15.314	3.5598	0.1	225.34
664	14.727	2.9708	0.1	254.9
665	14.736	4.17	0.1	254.75
666	16.479	3.5567	0.1	170.23
667	15.902	2.9636	0.1	195.44
668	15.903	4.1411	0.1	195.48
669	17.635	3.5705	0.1	123.36
670	17.058	2.9674	0.1	144.5
671	17.06	4.1568	0.1	144.64
672	18.787	3.5864	0.1	84.375
673	18.213	2.9791	0.1	101.66
674	18.214	4.1831	0.1	101.74
675	19.938	3.5952	0.1	53.151
676	19.362	2.9916	0.1	66.622
677	19.365	4.1963	0.1	66.578
678	21.096	3.5987	0.1	29.53
679	20.517	2.9991	0.1	39.231
680	20.52	4.198	0.1	39.068
681	21.678	2.9957	0.1	19.462
682	21.678	4.2026	0.1	19.228
683	22.257	3.5994	0.1	13.475
684	21.099	2.3961	0.1	29.47
685	22.259	2.3936	0.1	13.453
686	21.684	1.793	0.1	19.156
687	19.941	2.3955	0.1	53.078
688	20.524	1.7979	0.1	38.964
689	18.789	2.3843	0.1	84.311
690	19.37	1.793	0.1	66.428
691	17.637	2.376	0.1	123.21
692	18.216	1.7824	0.1	101.61
693	16.481	2.3742	0.1	170.12
694	17.06	1.7808	0.1	144.51
695	15.315	2.3746	0.1	225.38
696	15.907	1.78	0.1	195.53
697	14.13	2.3759	0.1	289.42
698	14.734	1.7814	0.1	254.99
699	12.924	2.3821	0.1	363.39
700	13.545	1.7871	0.1	323.51
701	11.682	2.389	0.1	448.92
702	12.335	1.7984	0.1	401.84
703	10.402	2.383	0.1	544.43
704	11.095	1.7974	0.1	492.19
705	9.0873	2.3715	0.1	656.78
706	9.7992	1.7886	0.1	593.98
707	8.4713	2.9641	0.1	714.84
708	8.3899	1.7933	0.1	716.91
709	8.4551	4.1603	0.1	703.94
710	7.9429	3.5217	0.1	864.13
711	2.613	2.7286	0.1	1399.9
712	1.888	2.2636	0.1	1403.6
713	2.4001	1.6436	0.1	1398.9
714	3.1752	2.0139	0.1	1245.5
715	2.013	3.3899	0.1	1392.2
716	2.7058	3.917	0.1	1360.1
717	3.4685	3.0557	0.1	1373.2
718	7.9385	5.0079	0.1	704.65
719	6.9707	5.3576	0.1	632.46
720	7.081	4.9841	0.1	783.
721	7.6717	5.628	0.1	682.74
722	9.1296	4.7661	0.1	644.29
723	8.6969	5.3799	0.1	662.75
724	10.514	4.7715	0.1	538.82
725	10.016	5.3862	0.1	577.47
726	11.767	4.771	0.1	443.06
727	11.234	5.3853	0.1	483.74
728	12.976	4.772	0.1	360.58
729	12.422	5.3857	0.1	396.32
730	14.16	4.7731	0.1	288.55
731	13.597	5.3863	0.1	320.96
732	15.325	4.7513	0.1	225.3
733	14.76	5.3868	0.1	253.69
734	16.484	4.7412	0.1	170.33
735	15.916	5.3645	0.1	194.49
736	17.639	4.7694	0.1	123.45
737	17.071	5.3767	0.1	143.84
738	18.793	4.793	0.1	84.376
739	18.225	5.3927	0.1	100.89
740	19.947	4.7992	0.1	52.921
741	19.378	5.4003	0.1	65.548
742	21.103	4.802	0.1	29.157
743	20.533	5.3989	0.1	37.849
744	22.26	4.806	0.1	13.021
745	21.687	5.4031	0.1	17.879
746	22.839	4.2028	0.1	6.971
747	22.843	5.4028	0.1	5.418
748	23.42	4.8028	0.1	4.5096
749	22.838	2.9973	0.1	7.2716
750	23.419	3.6	0.1	5.2543
751	22.841	1.7954	0.1	6.944
752	23.419	2.3974	0.1	5.2494
753	1.2881	2.9249	0.1	1393.8
754	1.1938	1.7635	0.1	1366.6
755	0.62226	2.3722	0.1	1729.1
756	1.3181	4.0983	0.1	1357.5
757	0.66581	3.5528	0.1	1731.6
758	22.266	1.1948	0.1	12.944
759	23.422	1.198	0.1	4.4759
760	22.845	0.59803	0.1	5.3923
761	21.109	1.1948	0.1	29.035
762	21.691	0.5968	0.1	17.861
763	19.953	1.1954	0.1	52.736
764	20.535	0.59799	0.1	37.813
765	18.797	1.1911	0.1	84.168
766	19.382	0.5974	0.1	65.408
767	17.64	1.1872	0.1	123.35
768	18.226	0.59367	0.1	100.73
769	16.486	1.1866	0.1	170.34
770	17.071	0.59354	0.1	143.77
771	15.325	1.1868	0.1	225.53
772	15.918	0.59305	0.1	194.83
773	14.149	1.1926	0.1	289.44
774	14.757	0.59376	0.1	254.01
775	12.956	1.2034	0.1	362.26
776	13.588	0.59883	0.1	321.52
777	11.748	1.2067	0.1	445.41
778	12.411	0.60455	0.1	397.03
779	10.492	1.203	0.1	542.01
780	11.227	0.60219	0.1	484.39
781	9.1018	1.2105	0.1	654.17
782	10.002	0.6008	0.1	581.74
783	7.9039	0.97057	0.1	698.45
784	7.6645	1.5184	0.1	855.31
785	8.6834	0.60967	0.1	675.68
786	6.9587	0.60304	0.1	603.97
787	7.6505	0.36091	0.1	668.24
788	1.7059	1.1435	0.1	1364.8
789	2.7769	1.0138	0.1	1281.3
790	2.2104	0.55216	0.1	1433.4
791	0.57159	1.1913	0.1	1642.4
792	1.1096	0.59133	0.1	1331.6
793	2.0109	4.6254	0.1	1328.3
794	0.65233	4.7456	0.1	1654.1
795	1.1903	5.3456	0.1	1311.
796	3.2244	4.8608	0.1	1187.6
797	2.4346	5.2799	0.1	1395.3
798	4.1683	5.2829	0.1	899.41
799	4.1381	4.9077	0.1	1059.
800	3.4798	5.5809	0.1	1099.6
801	3.552	1.3841	0.1	1128.1
802	3.7866	0.78942	0.1	988.47
803	3.2565	0.4616	0.1	1173.8
804	6.3537	5.2585	0.1	574.66
805	5.9991	5.4797	0.1	502.93
806	6.5757	5.7297	0.1	555.79
807	4.9925	5.452	0.1	581.36
808	4.4545	5.702	0.1	780.42
809	4.0307	2.3411	0.1	1217.9
810	4.5994	1.6725	0.1	1263.5
811	6.4639	4.8849	0.1	714.33
812	5.9013	5.0288	0.1	719.79
813	6.1093	4.6061	0.1	875.67
814	4.9623	4.5768	0.1	1108.8
815	6.0082	0.49214	0.1	450.01
816	6.5849	0.24214	0.1	533.03
817	4.834	0.57782	0.1	775.61
818	4.296	0.32782	0.1	769.9
819	6.7777	3.4147	0.1	1111.3
820	4.8113	2.4186	0.1	2635.6
821	6.2577	1.9088	0.1	2141.1
822	5.8697	3.6735	0.1	2053.9
823	5.5467	5.25	0.1	702.43
824	5.5467	5.75	0.1	425.44
825	5.5467	5.5	5.e-002	31.407
826	5.5467	4.75	0.1	963.54
827	5.5467	5.	5.e-002	156.74
828	5.5467	4.25	0.1	1958.3
829	5.5467	4.5	5.e-002	50.262
830	5.4633	4.	0.1	2769.7
831	5.5467	4.	5.e-002	98.131
832	5.38	4.25	0.1	2070.7
833	5.38	4.	5.e-002	141.23
834	5.38	4.75	0.1	1087.2
835	5.38	4.5	5.e-002	127.16
836	5.38	5.25	0.1	628.31
837	5.38	5.	5.e-002	157.69
838	5.38	5.75	0.1	459.43
839	5.38	5.5	5.e-002	23.125
840	5.5467	0.75	0.1	537.96
841	5.5467	0.25	0.1	369.81
842	5.5467	0.5	5.e-002	23.257
843	5.5467	1.25	0.1	839.77
844	5.5467	1.	5.e-002	119.8
845	5.5467	1.75	0.1	2080.1
846	5.5467	1.5	5.e-002	91.45
847	5.4633	2.	0.1	3401.2
848	5.5467	2.	5.e-002	159.34
849	5.38	1.75	0.1	2683.6
850	5.38	2.	5.e-002	108.55
851	5.38	1.25	0.1	1448.7
852	5.38	1.5	5.e-002	92.886
853	5.38	0.75	0.1	1116.1
854	5.38	1.	5.e-002	167.93
855	5.38	0.25	0.1	660.16
856	5.38	0.5	5.e-002	69.416
857	6.1233	6.	0.1	484.08
858	5.5467	6.	5.e-002	22.627
859	7.2767	6.	0.1	600.16
860	6.7	6.	5.e-002	4.8208
861	8.43	6.	0.1	640.88
862	7.8533	6.	5.e-002	13.067
863	9.5833	6.	0.1	596.12
864	9.0067	6.	5.e-002	16.461
865	10.737	6.	0.1	522.39
866	10.16	6.	5.e-002	3.9271
867	11.89	6.	0.1	437.33
868	11.313	6.	5.e-002	5.3575
869	13.043	6.	0.1	357.12
870	12.467	6.	5.e-002	6.458
871	14.197	6.	0.1	286.54
872	13.62	6.	5.e-002	6.2985
873	15.35	6.	0.1	223.34
874	14.773	6.	5.e-002	5.8294
875	16.503	6.	0.1	168.43
876	15.927	6.	5.e-002	4.7428
877	17.657	6.	0.1	121.71
878	17.08	6.	5.e-002	4.2144
879	18.81	6.	0.1	82.492
880	18.233	6.	5.e-002	3.7529
881	19.963	6.	0.1	50.886
882	19.387	6.	5.e-002	3.0342
883	21.117	6.	0.1	26.979
884	20.54	6.	5.e-002	2.2263
885	22.27	6.	0.1	10.711
886	21.693	6.	5.e-002	1.4654
887	23.423	6.	0.1	1.8925
888	22.847	6.	5.e-002	0.80238
889	24.	5.4	0.1	0.75989
890	24.	6.	5.e-002	0.16428
891	24.	4.2	0.1	2.7142
892	24.	4.8	5.e-002	0.30769
893	24.	3.	0.1	3.1754
894	24.	3.6	5.e-002	0.3346
895	24.	1.8	0.1	2.7059
896	24.	2.4	5.e-002	0.32649
897	24.	0.6	0.1	0.75745
898	24.	1.2	5.e-002	0.30399
899	1.5735e-014	1.8	0.1	2007.
900	5.2451e-015	0.6	0.1	1636.5
901	1.0632e-014	1.2	5.e-002	37.641
902	2.6226e-014	3.	0.1	2066.6
903	2.1264e-014	2.4	5.e-002	11.622
904	3.6716e-014	4.2	0.1	2029.6
905	3.1897e-014	3.6	5.e-002	8.9361
906	4.7206e-014	5.4	0.1	1671.9
907	4.2529e-014	4.8	5.e-002	21.359
908	23.423	0.	0.1	1.9088
909	24.	0.	5.e-002	0.16465
910	22.27	0.	0.1	10.744
911	22.847	0.	5.e-002	0.80304
912	21.117	0.	0.1	27.049
913	21.693	0.	5.e-002	1.468
914	19.963	0.	0.1	50.885
915	20.54	0.	5.e-002	2.2152
916	18.81	0.	0.1	82.377
917	19.387	0.	5.e-002	2.9568
918	17.657	0.	0.1	121.57
919	18.233	0.	5.e-002	3.7168
920	16.503	0.	0.1	168.66
921	17.08	0.	5.e-002	4.4402
922	15.35	0.	0.1	223.71
923	15.927	0.	5.e-002	5.1571
924	14.197	0.	0.1	286.5
925	14.773	0.	5.e-002	5.8541
926	13.043	0.	0.1	356.7
927	13.62	0.	5.e-002	6.2512
928	11.89	0.	0.1	436.29
929	12.467	0.	5.e-002	6.0137
930	10.737	0.	0.1	524.16
931	11.313	0.	5.e-002	5.3771
932	9.5833	0.	0.1	603.84
933	10.16	0.	5.e-002	6.8161
934	8.43	0.	0.1	645.55
935	9.0067	0.	5.e-002	18.202
936	7.2767	0.	0.1	589.55
937	7.8533	0.	5.e-002	7.3085
938	6.1233	0.	0.1	460.84
939	6.7	0.	5.e-002	7.3096
940	5.5467	0.	5.e-002	25.807
941	4.842	-2.1837e-031	0.1	636.93
942	5.38	-2.4264e-031	5.e-002	36.504
943	3.766	-1.6985e-031	0.1	956.04
944	4.304	0.	5.e-002	15.474
945	2.69	-1.2132e-031	0.1	1326.
946	3.228	0.	5.e-002	13.908
947	1.614	-7.2791e-032	0.1	1401.7
948	2.152	0.	5.e-002	16.719
949	0.538	-2.4264e-032	0.1	1325.5
950	1.076	0.	5.e-002	26.927
951	0.	0.	5.e-002	204.85
952	0.538	6.	0.1	1327.3
953	5.2451e-014	6.	5.e-002	158.99
954	1.614	6.	0.1	1381.5
955	1.076	6.	5.e-002	22.535
956	2.69	6.	0.1	1306.7
957	2.152	6.	5.e-002	18.911
958	3.766	6.	0.1	978.
959	3.228	6.	5.e-002	19.483
960	4.842	6.	0.1	677.56
961	4.304	6.	5.e-002	14.774
962	5.38	6.	5.e-002	39.341
963	3.766	6.	0.	-21.12
964	4.842	6.	0.	-47.078
965	2.69	6.	0.	4.6525
966	1.614	6.	0.	80.424
967	0.538	6.	0.	-230.44
968	5.38	5.75	0.	-67.163
969	4.7206e-014	5.4	0.	-816.61
970	1.614	-7.2791e-032	0.	67.942
971	0.538	-2.4264e-032	0.	-217.61
972	2.69	-1.2132e-031	0.	-10.678
973	3.766	-1.6985e-031	0.	40.681
974	4.842	-2.1837e-031	0.	-39.616
975	5.38	0.25	0.	-110.32
976	5.2451e-015	0.6	0.	-795.21
977	7.2767	0.	0.	-1.0758
978	6.1233	0.	0.	-30.112
979	8.43	0.	0.	37.529
980	9.5833	0.	0.	22.485
981	10.737	0.	0.	1.1169
982	11.89	0.	0.	7.5806
983	13.043	0.	0.	9.5654
984	14.197	0.	0.	9.1278
985	15.35	0.	0.	9.2158
986	16.503	0.	0.	9.8335
987	17.657	0.	0.	10.298
988	18.81	0.	0.	10.303
989	19.963	0.	0.	10.107
990	21.117	0.	0.	9.5629
991	22.27	0.	0.	8.3464
992	23.423	0.	0.	6.2817
993	5.5467	0.25	0.	-50.128
994	24.	0.6	0.	5.7859
995	3.6716e-014	4.2	0.	-1001.7
996	2.6226e-014	3.	0.	-1020.
997	1.5735e-014	1.8	0.	-990.52
998	24.	1.8	0.	8.3471
999	24.	3.	0.	10.003
1000	24.	4.2	0.	8.3442
1001	24.	5.4	0.	5.7944
1002	23.423	6.	0.	6.2806
1003	22.27	6.	0.	8.3949
1004	21.117	6.	0.	9.5956
1005	19.963	6.	0.	10.174
1006	18.81	6.	0.	10.514
1007	17.657	6.	0.	10.616
1008	16.503	6.	0.	10.168
1009	15.35	6.	0.	9.3679
1010	14.197	6.	0.	8.6672
1011	13.043	6.	0.	8.3968
1012	11.89	6.	0.	7.3024
1013	10.737	6.	0.	0.99077
1014	9.5833	6.	0.	22.388
1015	8.43	6.	0.	43.814
1016	7.2767	6.	0.	12.738
1017	6.1233	6.	0.	-26.789
1018	5.5467	5.75	0.	-65.182
1019	5.38	1.25	0.	139.61
1020	5.38	1.75	0.	-178.35
1021	5.38	0.75	0.	76.727
1022	5.4633	2.	0.	-457.1
1023	5.5467	0.75	0.	28.742
1024	5.5467	1.25	0.	355.14
1025	5.5467	1.75	0.	61.047
1026	5.38	4.75	0.	535.16
1027	5.38	4.25	0.	245.66
1028	5.38	5.25	0.	66.797
1029	5.4633	4.	0.	-402.26
1030	5.5467	5.25	0.	92.225
1031	5.5467	4.75	0.	357.88
1032	5.5467	4.25	0.	12.092
