Node Number	X Location (in)	Y Location (in)	Z Location (in)	Equivalent (von-Mises) Stress (psi)
1	5.3314	2.5358	0.	2167.9
2	4.5603	2.5872	0.	1762.2
3	6.4016	4.4121	0.	738.27
4	4.2324	0.51484	0.	887.31
5	6.2517	0.6016	0.	552.56
6	4.2345	4.1943	0.	1252.8
7	6.0418	5.4728	0.	522.44
8	6.7289	3.5228	0.	806.69
9	4.2591	1.2491	0.	1283.3
10	4.0275	5.3409	0.	887.06
11	3.6242	2.4782	0.	1462.5
12	3.4636	0.75036	0.	1056.7
13	3.0713	5.1418	0.	1183.7
14	3.9473	3.2368	0.	1458.7
15	2.0637	4.9403	0.	1289.4
16	1.0372	4.8217	0.	1426.8
17	1.2268	1.2927	0.	1434.7
18	2.4969	1.3379	0.	1222.4
19	7.1154	1.0384	0.	776.13
20	8.1144	1.9752	0.	718.19
21	9.412	2.0206	0.	614.01
22	10.611	1.9946	0.	513.66
23	11.737	1.8392	0.	433.83
24	12.845	1.8635	0.	362.29
25	13.993	1.9524	0.	295.78
26	15.075	1.9246	0.	237.16
27	16.212	1.9662	0.	184.03
28	17.309	1.9648	0.	137.88
29	18.439	1.9772	0.	98.566
30	19.541	1.9763	0.	66.443
31	20.653	2.0124	0.	41.833
32	21.706	1.9039	0.	24.688
33	22.749	1.5914	0.	12.457
34	1.139	3.6367	0.	1521.4
35	1.2463	2.4713	0.	1492.
36	22.918	2.8695	0.	18.607
37	23.392	3.6021	0.	10.5
38	22.96	4.702	0.	12.18
39	21.876	3.927	0.	20.622
40	20.671	3.9912	0.	41.414
41	19.539	3.9819	0.	66.546
42	18.407	3.9433	0.	99.27
43	17.3	3.9208	0.	138.46
44	16.202	3.9381	0.	184.27
45	15.094	3.9366	0.	236.7
46	13.972	3.8848	0.	296.02
47	12.887	3.9171	0.	358.98
48	11.774	3.9392	0.	429.54
49	10.618	3.9693	0.	512.44
50	9.418	3.9731	0.	612.94
51	8.147	4.0137	0.	718.61
52	7.1706	4.9971	0.	737.8
53	2.2292	3.841	0.	1244.3
54	2.571	2.6921	0.	1176.3
55	5.8506	5.0274	0.	429.18
56	4.4621	0.94212	0.	824.41
57	3.7112	1.8422	0.	1259.2
58	4.0907	4.7407	0.	1064.9
59	4.4421	3.7699	0.	1629.9
60	5.9575	1.0658	0.	504.11
61	6.3514	1.6083	0.	751.84
62	6.7221	2.5035	0.	811.82
63	5.2505	3.6044	0.	2527.9
64	5.0075	3.6659	0.	2655.6
65	5.578	3.2528	0.	1882.4
66	4.7827	3.4735	0.	2071.1
67	5.6802	2.8499	0.	1634.8
68	4.689	3.0233	0.	1891.5
69	3.5849	3.6689	0.	1385.7
70	3.1462	4.2464	0.	1199.2
71	3.1462	4.2464	0.1	1199.2
72	3.5849	3.6689	0.1	1385.7
73	4.689	3.0233	0.1	1891.5
74	5.6802	2.8499	0.1	1634.8
75	4.7827	3.4735	0.1	2071.1
76	5.578	3.2528	0.1	1882.4
77	5.0075	3.6659	0.1	2655.6
78	5.2505	3.6044	0.1	2527.9
79	6.7221	2.5035	0.1	811.82
80	6.3514	1.6083	0.1	751.84
81	5.9575	1.0658	0.1	504.11
82	4.4421	3.7699	0.1	1629.9
83	4.0907	4.7407	0.1	1064.9
84	3.7112	1.8422	0.1	1259.2
85	4.4621	0.94212	0.1	824.41
86	5.8506	5.0274	0.1	429.18
87	2.571	2.6921	0.1	1176.3
88	2.2292	3.841	0.1	1244.3
89	7.1706	4.9971	0.1	737.8
90	8.147	4.0137	0.1	718.61
91	9.418	3.9731	0.1	612.94
92	10.618	3.9693	0.1	512.44
93	11.774	3.9392	0.1	429.54
94	12.887	3.9171	0.1	358.98
95	13.972	3.8848	0.1	296.02
96	15.094	3.9366	0.1	236.7
97	16.202	3.9381	0.1	184.27
98	17.3	3.9208	0.1	138.46
99	18.407	3.9433	0.1	99.27
100	19.539	3.9819	0.1	66.546
101	20.671	3.9912	0.1	41.414
102	21.876	3.927	0.1	20.622
103	22.96	4.702	0.1	12.18
104	23.392	3.6021	0.1	10.5
105	22.918	2.8695	0.1	18.607
106	1.2463	2.4713	0.1	1492.
107	1.139	3.6367	0.1	1521.4
108	22.749	1.5914	0.1	12.457
109	21.706	1.9039	0.1	24.688
110	20.653	2.0124	0.1	41.833
111	19.541	1.9763	0.1	66.443
112	18.439	1.9772	0.1	98.566
113	17.309	1.9648	0.1	137.88
114	16.212	1.9662	0.1	184.03
115	15.075	1.9246	0.1	237.16
116	13.993	1.9524	0.1	295.78
117	12.845	1.8635	0.1	362.29
118	11.737	1.8392	0.1	433.83
119	10.611	1.9946	0.1	513.66
120	9.412	2.0206	0.1	614.01
121	8.1144	1.9752	0.1	718.19
122	7.1154	1.0384	0.1	776.13
123	2.4969	1.3379	0.1	1222.4
124	1.2268	1.2927	0.1	1434.7
125	1.0372	4.8217	0.1	1426.8
126	2.0637	4.9403	0.1	1289.4
127	3.9473	3.2368	0.1	1458.7
128	3.0713	5.1418	0.1	1183.7
129	3.4636	0.75036	0.1	1056.7
130	3.6242	2.4782	0.1	1462.5
131	4.0275	5.3409	0.1	887.06
132	4.2591	1.2491	0.1	1283.3
133	6.7289	3.5228	0.1	806.69
134	6.0418	5.4728	0.1	522.44
135	4.2345	4.1943	0.1	1252.8
136	6.2517	0.6016	0.1	552.56
137	4.2324	0.51484	0.1	887.31
138	6.4016	4.4121	0.1	738.27
139	4.5603	2.5872	0.1	1762.2
140	5.3314	2.5358	0.1	2167.9
141	5.2267	4.	0.	3785.7
142	5.2267	4.5	0.	1283.2
143	5.2267	5.	0.	837.4
144	5.2267	5.5	0.	180.16
145	5.06	4.	0.	4595.2
146	5.06	5.5	0.	573.01
147	5.06	5.	0.	1042.2
148	5.06	4.5	0.	1878.
149	5.2267	2.	0.	3443.5
150	5.2267	1.5	0.	1429.3
151	5.2267	1.	0.	828.68
152	5.2267	0.5	0.	305.24
153	5.06	2.	0.	3079.3
154	5.06	0.5	0.	404.27
155	5.06	1.	0.	1085.3
156	5.06	1.5	0.	1948.2
157	5.2267	6.	0.	284.85
158	6.331	6.	0.	445.85
159	7.4353	6.	0.	672.11
160	8.5396	6.	0.	672.48
161	9.6439	6.	0.	577.89
162	10.748	6.	0.	510.46
163	11.853	6.	0.	437.95
164	12.957	6.	0.	365.44
165	14.061	6.	0.	297.34
166	15.165	6.	0.	238.02
167	16.27	6.	0.	184.37
168	17.374	6.	0.	137.67
169	18.478	6.	0.	98.852
170	19.583	6.	0.	66.839
171	20.687	6.	0.	39.55
172	21.791	6.	0.	19.307
173	22.896	6.	0.	15.145
174	24.	6.	0.	6.6545
175	24.	4.8	0.	7.4408
176	24.	3.6	0.	14.187
177	24.	2.4	0.	10.462
178	24.	1.2	0.	8.357
179	1.049e-014	1.2	0.	1008.7
180	2.0981e-014	2.4	0.	1060.4
181	3.1471e-014	3.6	0.	1046.4
182	4.1961e-014	4.8	0.	995.73
183	24.	0.	0.	6.0778
184	5.2267	0.	0.	254.8
185	22.896	0.	0.	13.804
186	21.791	0.	0.	21.773
187	20.687	0.	0.	39.754
188	19.583	0.	0.	66.157
189	18.478	0.	0.	98.335
190	17.374	0.	0.	137.84
191	16.27	0.	0.	183.98
192	15.165	0.	0.	237.17
193	14.061	0.	0.	297.21
194	12.957	0.	0.	364.88
195	11.853	0.	0.	440.83
196	10.748	0.	0.	514.06
197	9.6439	0.	0.	580.23
198	8.5396	0.	0.	673.86
199	7.4353	0.	0.	671.93
200	6.331	0.	0.	476.54
201	0.	0.	0.	714.54
202	5.06	0.	0.	441.55
203	4.048	2.1352e-030	0.	761.94
204	3.036	1.6014e-030	0.	1153.3
205	2.024	1.0676e-030	0.	1470.
206	1.012	5.338e-031	0.	1414.5
207	3.937e-014	6.	0.	738.97
208	5.06	6.	0.	399.09
209	1.012	6.	0.	1406.1
210	2.024	6.	0.	1411.7
211	3.036	6.	0.	1190.5
212	4.048	6.	0.	764.23
213	5.2267	5.5	0.1	180.16
214	5.2267	5.	0.1	837.4
215	5.2267	4.5	0.1	1283.2
216	5.2267	4.	0.1	3785.7
217	5.06	4.	0.1	4595.2
218	5.06	4.5	0.1	1878.
219	5.06	5.	0.1	1042.2
220	5.06	5.5	0.1	573.01
221	5.2267	0.5	0.1	305.24
222	5.2267	1.	0.1	828.68
223	5.2267	1.5	0.1	1429.3
224	5.2267	2.	0.1	3443.5
225	5.06	2.	0.1	3079.3
226	5.06	1.5	0.1	1948.2
227	5.06	1.	0.1	1085.3
228	5.06	0.5	0.1	404.27
229	5.2267	6.	0.1	284.85
230	6.331	6.	0.1	445.85
231	7.4353	6.	0.1	672.11
232	8.5396	6.	0.1	672.48
233	9.6439	6.	0.1	577.89
234	10.748	6.	0.1	510.46
235	11.853	6.	0.1	437.95
236	12.957	6.	0.1	365.44
237	14.061	6.	0.1	297.34
238	15.165	6.	0.1	238.02
239	16.27	6.	0.1	184.37
240	17.374	6.	0.1	137.67
241	18.478	6.	0.1	98.852
242	19.583	6.	0.1	66.839
243	20.687	6.	0.1	39.55
244	21.791	6.	0.1	19.307
245	22.896	6.	0.1	15.145
246	24.	6.	0.1	6.6545
247	24.	4.8	0.1	7.4408
248	24.	3.6	0.1	14.187
249	24.	2.4	0.1	10.462
250	24.	1.2	0.1	8.357
251	1.049e-014	1.2	0.1	1008.7
252	2.0981e-014	2.4	0.1	1060.4
253	3.1471e-014	3.6	0.1	1046.4
254	4.1961e-014	4.8	0.1	995.73
255	24.	0.	0.1	6.0778
256	22.896	0.	0.1	13.804
257	21.791	0.	0.1	21.773
258	20.687	0.	0.1	39.754
259	19.583	0.	0.1	66.157
260	18.478	0.	0.1	98.335
261	17.374	0.	0.1	137.84
262	16.27	0.	0.1	183.98
263	15.165	0.	0.1	237.17
264	14.061	0.	0.1	297.21
265	12.957	0.	0.1	364.88
266	11.853	0.	0.1	440.83
267	10.748	0.	0.1	514.06
268	9.6439	0.	0.1	580.23
269	8.5396	0.	0.1	673.86
270	7.4353	0.	0.1	671.93
271	6.331	0.	0.1	476.54
272	5.2267	0.	0.1	254.8
273	5.06	0.	0.1	441.55
274	4.048	2.1352e-030	0.1	761.94
275	3.036	1.6014e-030	0.1	1153.3
276	2.024	1.0676e-030	0.1	1470.
277	1.012	5.338e-031	0.1	1414.5
278	0.	0.	0.1	714.54
279	3.937e-014	6.	0.1	738.97
280	1.012	6.	0.1	1406.1
281	2.024	6.	0.1	1411.7
282	3.036	6.	0.1	1190.5
283	4.048	6.	0.1	764.23
284	5.06	6.	0.1	399.09
285	4.9459	2.5615	0.	1932.9
286	5.5058	2.6929	0.	1887.8
287	5.3314	2.5358	5.e-002	160.07
288	5.279	2.2679	0.	2733.9
289	4.0923	2.5327	0.	1604.4
290	4.6247	2.8053	0.	1818.4
291	4.5603	2.5872	5.e-002	84.921
292	4.8102	2.2936	0.	2362.6
293	6.5652	3.9674	0.	758.34
294	6.7861	4.7046	0.	732.78
295	6.1261	4.7197	0.	572.76
296	6.4016	4.4121	5.e-002	63.693
297	5.8141	4.456	0.	923.86
298	3.848	0.6326	0.	955.86
299	4.3472	0.72848	0.	842.59
300	4.2324	0.51484	5.e-002	62.078
301	4.6462	0.50742	0.	618.35
302	4.1402	0.25742	0.	814.72
303	6.6836	0.81998	0.	656.21
304	6.1046	0.83369	0.	522.
305	6.2517	0.6016	5.e-002	44.781
306	5.7392	0.5508	0.	405.44
307	6.2914	0.3008	0.	510.39
308	4.1626	4.4675	0.	1157.7
309	4.3383	3.9821	0.	1439.7
310	3.9097	3.9316	0.	1300.7
311	4.2345	4.1943	5.e-002	67.074
312	4.6473	4.3472	0.	1476.
313	6.6062	5.2349	0.	613.17
314	5.9462	5.2501	0.	475.14
315	6.0418	5.4728	5.e-002	44.165
316	5.6343	5.4864	0.	339.28
317	6.1864	5.7364	0.	468.01
318	7.4379	3.7682	0.	761.6
319	6.7255	3.0131	0.	804.73
320	6.1534	3.3878	0.	1331.6
321	6.7289	3.5228	5.e-002	87.605
322	5.9778	3.7614	0.	2220.
323	3.8614	0.99975	0.	1163.6
324	4.3606	1.0956	0.	1011.9
325	3.9851	1.5457	0.	1265.
326	4.2591	1.2491	5.e-002	200.3
327	4.6595	1.3746	0.	1392.9
328	3.5494	5.2414	0.	1026.9
329	4.0591	5.0408	0.	975.41
330	4.0275	5.3409	5.e-002	52.408
331	4.5437	5.4205	0.	699.15
332	4.0377	5.6705	0.	822.32
333	3.7858	2.8575	0.	1443.1
334	3.0976	2.5851	0.	1311.6
335	3.6677	2.1602	0.	1358.2
336	3.6242	2.4782	5.e-002	49.877
337	2.9803	1.0442	0.	1138.8
338	3.4636	0.75036	5.e-002	47.222
339	3.2498	0.37518	0.	1103.1
340	2.5675	5.0411	0.	1236.2
341	3.1087	4.6941	0.	1190.5
342	3.0713	5.1418	5.e-002	13.573
343	3.0536	5.5709	0.	1186.4
344	4.1947	3.5034	0.	1528.1
345	4.3182	3.1301	0.	1656.1
346	3.7661	3.4529	0.	1419.6
347	3.9473	3.2368	5.e-002	64.13
348	1.5504	4.881	0.	1350.3
349	2.1465	4.3907	0.	1264.2
350	2.0637	4.9403	5.e-002	18.694
351	2.0438	5.4702	0.	1348.9
352	1.0881	4.2292	0.	1470.6
353	1.0372	4.8217	5.e-002	23.877
354	0.51858	4.8108	0.	1192.3
355	1.0246	5.4108	0.	1405.9
356	1.8619	1.3153	0.	1320.5
357	1.2366	1.882	0.	1460.
358	1.2268	1.2927	5.e-002	28.048
359	0.61342	1.2463	0.	1204.4
360	1.1194	0.64633	0.	1410.9
361	2.534	2.015	0.	1192.6
362	3.1041	1.5901	0.	1239.8
363	2.4969	1.3379	5.e-002	29.044
364	2.2605	0.66897	0.	1342.7
365	7.6149	1.5068	0.	745.09
366	6.7334	1.3233	0.	761.11
367	7.1154	1.0384	5.e-002	29.621
368	7.2753	0.51918	0.	722.52
369	8.7632	1.9979	0.	665.74
370	8.1307	2.9945	0.	716.97
371	7.4183	2.2394	0.	764.11
372	8.1144	1.9752	5.e-002	7.3944
373	8.327	0.98762	0.	692.87
374	10.011	2.0076	0.	563.76
375	9.415	2.9969	0.	613.44
376	9.412	2.0206	5.e-002	17.89
377	9.528	1.0103	0.	596.42
378	11.174	1.9169	0.	473.69
379	10.614	2.9819	0.	513.02
380	10.611	1.9946	5.e-002	7.5626
381	10.68	0.99729	0.	513.38
382	12.291	1.8513	0.	398.03
383	11.756	2.8892	0.	431.54
384	11.737	1.8392	5.e-002	5.7691
385	11.795	0.91958	0.	436.51
386	13.419	1.908	0.	329.
387	12.866	2.8903	0.	360.3
388	12.845	1.8635	5.e-002	5.0185
389	12.901	0.93176	0.	362.77
390	14.534	1.9385	0.	266.45
391	13.982	2.9186	0.	295.29
392	13.993	1.9524	5.e-002	4.9863
393	14.027	0.97621	0.	295.83
394	15.643	1.9454	0.	210.58
395	15.084	2.9306	0.	236.26
396	15.075	1.9246	5.e-002	4.1816
397	15.12	0.96228	0.	236.27
398	16.76	1.9655	0.	160.94
399	16.207	2.9521	0.	183.33
400	16.212	1.9662	5.e-002	3.6607
401	16.241	0.98309	0.	183.17
402	17.874	1.971	0.	118.21
403	17.304	2.9428	0.	137.28
404	17.309	1.9648	5.e-002	3.417
405	17.341	0.98239	0.	136.95
406	18.99	1.9768	0.	82.483
407	18.423	2.9603	0.	98.003
408	18.439	1.9772	5.e-002	2.6951
409	18.459	0.9886	0.	97.527
410	20.097	1.9944	0.	54.114
411	19.54	2.9791	0.	65.624
412	19.541	1.9763	5.e-002	2.1077
413	19.562	0.98816	0.	65.289
414	21.18	1.9582	0.	33.148
415	20.662	3.0018	0.	40.863
416	20.653	2.0124	5.e-002	1.0801
417	20.67	1.0062	0.	39.798
418	22.227	1.7477	0.	18.138
419	21.791	2.9155	0.	22.305
420	21.706	1.9039	5.e-002	1.62
421	21.749	0.95197	0.	22.198
422	22.833	2.2304	0.	15.038
423	22.749	1.5914	5.e-002	1.7554
424	23.374	1.3957	0.	10.376
425	22.822	0.79571	0.	12.732
426	1.1927	3.054	0.	1505.9
427	1.6841	3.7388	0.	1375.3
428	1.139	3.6367	5.e-002	16.41
429	0.5695	3.6183	0.	1262.6
430	1.9087	2.5817	0.	1330.7
431	1.2463	2.4713	5.e-002	18.783
432	0.62317	2.4356	0.	1255.9
433	23.155	3.2358	0.	14.42
434	22.397	3.3983	0.	19.174
435	22.918	2.8695	5.e-002	1.98
436	23.459	2.6347	0.	14.496
437	23.176	4.152	0.	11.189
438	23.392	3.6021	5.e-002	1.6152
439	23.696	3.601	0.	12.151
440	22.418	4.3145	0.	16.286
441	22.96	4.702	5.e-002	1.4053
442	22.928	5.351	0.	12.168
443	23.48	4.751	0.	9.6659
444	21.273	3.9591	0.	30.864
445	21.876	3.927	5.e-002	1.0356
446	21.834	4.9635	0.	19.652
447	20.105	3.9866	0.	53.938
448	20.671	3.9912	5.e-002	1.0621
449	20.679	4.9956	0.	39.383
450	18.973	3.9626	0.	82.888
451	19.539	3.9819	5.e-002	2.1883
452	19.561	4.991	0.	65.574
453	17.853	3.9321	0.	118.85
454	18.407	3.9433	5.e-002	2.7737
455	18.443	4.9717	0.	98.021
456	16.751	3.9294	0.	161.36
457	17.3	3.9208	5.e-002	3.4781
458	17.337	4.9604	0.	137.08
459	15.648	3.9373	0.	210.47
460	16.202	3.9381	5.e-002	3.7531
461	16.236	4.969	0.	183.3
462	14.533	3.9107	0.	266.35
463	15.094	3.9366	5.e-002	4.1429
464	15.13	4.9683	0.	236.35
465	13.429	3.9009	0.	327.48
466	13.972	3.8848	5.e-002	4.7474
467	14.016	4.9424	0.	295.87
468	12.331	3.9281	0.	394.23
469	12.887	3.9171	5.e-002	4.7343
470	12.922	4.9585	0.	361.4
471	11.196	3.9543	0.	470.94
472	11.774	3.9392	5.e-002	5.4813
473	11.813	4.9696	0.	433.11
474	10.018	3.9712	0.	562.61
475	10.618	3.9693	5.e-002	8.0915
476	10.683	4.9846	0.	510.98
477	8.7825	3.9934	0.	665.4
478	9.418	3.9731	5.e-002	19.028
479	9.531	4.9866	0.	594.76
480	7.6588	4.5054	0.	725.89
481	8.147	4.0137	5.e-002	5.6076
482	8.3433	5.0069	0.	692.5
483	7.1706	4.9971	5.e-002	32.84
484	7.3029	5.4985	0.	703.26
485	2.4001	3.2666	0.	1208.7
486	2.6877	4.0437	0.	1220.6
487	2.2292	3.841	5.e-002	41.162
488	3.0779	3.1805	0.	1275.8
489	2.571	2.6921	5.e-002	28.719
490	5.8506	5.0274	5.e-002	24.989
491	5.5386	5.0137	0.	594.68
492	4.4621	0.94212	5.e-002	44.93
493	4.761	0.97106	0.	912.96
494	3.7112	1.8422	5.e-002	46.887
495	4.3856	1.9211	0.	2132.
496	3.6185	4.4935	0.	1111.2
497	4.0907	4.7407	5.e-002	57.787
498	4.5754	4.8703	0.	998.46
499	4.6124	3.6217	0.	1845.8
500	4.4421	3.7699	5.e-002	14.123
501	4.7511	3.885	0.	3100.5
502	6.1545	1.337	0.	608.7
503	5.9575	1.0658	5.e-002	38.742
504	5.5921	1.0329	0.	636.89
505	6.5368	2.0559	0.	773.75
506	6.3514	1.6083	5.e-002	80.262
507	5.7891	1.5541	0.	989.46
508	6.2012	2.6767	0.	1219.8
509	6.7221	2.5035	5.e-002	75.851
510	5.9744	2.2517	0.	2086.
511	5.129	3.6351	0.	2580.6
512	5.4143	3.4286	0.	2191.3
513	5.2505	3.6044	5.e-002	96.687
514	5.2386	3.8022	0.	3026.
515	4.8951	3.5697	0.	2330.3
516	5.0075	3.6659	5.e-002	166.35
517	5.0337	3.833	0.	3493.9
518	5.1804	3.3632	0.	1909.9
519	5.6291	3.0514	0.	1734.3
520	5.578	3.2528	5.e-002	342.76
521	4.7359	3.2484	0.	1962.
522	4.7827	3.4735	5.e-002	205.24
523	5.1846	2.9366	0.	1762.2
524	5.6802	2.8499	5.e-002	77.408
525	4.689	3.0233	5.e-002	14.12
526	3.3655	3.9576	0.	1292.3
527	3.5849	3.6689	5.e-002	58.643
528	3.1462	4.2464	5.e-002	22.019
529	3.3655	3.9576	0.1	1292.3
530	3.6185	4.4935	0.1	1111.2
531	2.6877	4.0437	0.1	1220.6
532	3.1087	4.6941	0.1	1190.5
533	3.0779	3.1805	0.1	1275.8
534	3.7661	3.4529	0.1	1419.6
535	3.9097	3.9316	0.1	1300.7
536	5.1846	2.9366	0.1	1762.2
537	4.7359	3.2484	0.1	1962.
538	4.3182	3.1301	0.1	1656.1
539	4.6247	2.8053	0.1	1818.4
540	5.6291	3.0514	0.1	1734.3
541	6.2012	2.6767	0.1	1219.8
542	5.5058	2.6929	0.1	1887.8
543	5.1804	3.3632	0.1	1909.9
544	4.8951	3.5697	0.1	2330.3
545	4.6124	3.6217	0.1	1845.8
546	5.4143	3.4286	0.1	2191.3
547	6.1534	3.3878	0.1	1331.6
548	5.129	3.6351	0.1	2580.6
549	5.0337	3.833	0.1	3493.9
550	5.2386	3.8022	0.1	3026.
551	6.5368	2.0559	0.1	773.75
552	7.4183	2.2394	0.1	764.11
553	6.7255	3.0131	0.1	804.73
554	5.9744	2.2517	0.1	2086.
555	6.1545	1.337	0.1	608.7
556	6.7334	1.3233	0.1	761.11
557	5.7891	1.5541	0.1	989.46
558	6.1046	0.83369	0.1	522.
559	5.5921	1.0329	0.1	636.89
560	4.1947	3.5034	0.1	1528.1
561	4.3383	3.9821	0.1	1439.7
562	4.7511	3.885	0.1	3100.5
563	4.0591	5.0408	0.1	975.41
564	4.1626	4.4675	0.1	1157.7
565	4.5754	4.8703	0.1	998.46
566	3.1041	1.5901	0.1	1239.8
567	3.6677	2.1602	0.1	1358.2
568	3.9851	1.5457	0.1	1265.
569	4.3856	1.9211	0.1	2132.
570	4.3606	1.0956	0.1	1011.9
571	4.3472	0.72848	0.1	842.59
572	4.761	0.97106	0.1	912.96
573	5.9462	5.2501	0.1	475.14
574	6.1261	4.7197	0.1	572.76
575	5.5386	5.0137	0.1	594.68
576	2.4001	3.2666	0.1	1208.7
577	1.9087	2.5817	0.1	1330.7
578	2.534	2.015	0.1	1192.6
579	3.0976	2.5851	0.1	1311.6
580	1.6841	3.7388	0.1	1375.3
581	2.1465	4.3907	0.1	1264.2
582	7.6588	4.5054	0.1	725.89
583	6.6062	5.2349	0.1	613.17
584	6.7861	4.7046	0.1	732.78
585	7.3029	5.4985	0.1	703.26
586	8.7825	3.9934	0.1	665.4
587	8.1307	2.9945	0.1	716.97
588	7.4379	3.7682	0.1	761.6
589	8.3433	5.0069	0.1	692.5
590	10.018	3.9712	0.1	562.61
591	9.415	2.9969	0.1	613.44
592	9.531	4.9866	0.1	594.76
593	11.196	3.9543	0.1	470.94
594	10.614	2.9819	0.1	513.02
595	10.683	4.9846	0.1	510.98
596	12.331	3.9281	0.1	394.23
597	11.756	2.8892	0.1	431.54
598	11.813	4.9696	0.1	433.11
599	13.429	3.9009	0.1	327.48
600	12.866	2.8903	0.1	360.3
601	12.922	4.9585	0.1	361.4
602	14.533	3.9107	0.1	266.35
603	13.982	2.9186	0.1	295.29
604	14.016	4.9424	0.1	295.87
605	15.648	3.9373	0.1	210.47
606	15.084	2.9306	0.1	236.26
607	15.13	4.9683	0.1	236.35
608	16.751	3.9294	0.1	161.36
609	16.207	2.9521	0.1	183.33
610	16.236	4.969	0.1	183.3
611	17.853	3.9321	0.1	118.85
612	17.304	2.9428	0.1	137.28
613	17.337	4.9604	0.1	137.08
614	18.973	3.9626	0.1	82.888
615	18.423	2.9603	0.1	98.003
616	18.443	4.9717	0.1	98.021
617	20.105	3.9866	0.1	53.938
618	19.54	2.9791	0.1	65.624
619	19.561	4.991	0.1	65.574
620	21.273	3.9591	0.1	30.864
621	20.662	3.0018	0.1	40.863
622	20.679	4.9956	0.1	39.383
623	22.418	4.3145	0.1	16.286
624	22.397	3.3983	0.1	19.174
625	21.791	2.9155	0.1	22.305
626	21.834	4.9635	0.1	19.652
627	23.176	4.152	0.1	11.189
628	22.928	5.351	0.1	12.168
629	23.48	4.751	0.1	9.6659
630	23.155	3.2358	0.1	14.42
631	23.696	3.601	0.1	12.151
632	22.833	2.2304	0.1	15.038
633	23.459	2.6347	0.1	14.496
634	1.1927	3.054	0.1	1505.9
635	1.2366	1.882	0.1	1460.
636	0.62317	2.4356	0.1	1255.9
637	1.0881	4.2292	0.1	1470.6
638	0.5695	3.6183	0.1	1262.6
639	22.227	1.7477	0.1	18.138
640	23.374	1.3957	0.1	10.376
641	22.822	0.79571	0.1	12.732
642	21.18	1.9582	0.1	33.148
643	21.749	0.95197	0.1	22.198
644	20.097	1.9944	0.1	54.114
645	20.67	1.0062	0.1	39.798
646	18.99	1.9768	0.1	82.483
647	19.562	0.98816	0.1	65.289
648	17.874	1.971	0.1	118.21
649	18.459	0.9886	0.1	97.527
650	16.76	1.9655	0.1	160.94
651	17.341	0.98239	0.1	136.95
652	15.643	1.9454	0.1	210.58
653	16.241	0.98309	0.1	183.17
654	14.534	1.9385	0.1	266.45
655	15.12	0.96228	0.1	236.27
656	13.419	1.908	0.1	329.
657	14.027	0.97621	0.1	295.83
658	12.291	1.8513	0.1	398.03
659	12.901	0.93176	0.1	362.77
660	11.174	1.9169	0.1	473.69
661	11.795	0.91958	0.1	436.51
662	10.011	2.0076	0.1	563.76
663	10.68	0.99729	0.1	513.38
664	8.7632	1.9979	0.1	665.74
665	9.528	1.0103	0.1	596.42
666	7.6149	1.5068	0.1	745.09
667	8.327	0.98762	0.1	692.87
668	6.6836	0.81998	0.1	656.21
669	7.2753	0.51918	0.1	722.52
670	1.8619	1.3153	0.1	1320.5
671	2.9803	1.0442	0.1	1138.8
672	2.2605	0.66897	0.1	1342.7
673	0.61342	1.2463	0.1	1204.4
674	1.1194	0.64633	0.1	1410.9
675	1.5504	4.881	0.1	1350.3
676	0.51858	4.8108	0.1	1192.3
677	1.0246	5.4108	0.1	1405.9
678	2.5675	5.0411	0.1	1236.2
679	2.0438	5.4702	0.1	1348.9
680	3.7858	2.8575	0.1	1443.1
681	3.5494	5.2414	0.1	1026.9
682	3.0536	5.5709	0.1	1186.4
683	3.8614	0.99975	0.1	1163.6
684	3.848	0.6326	0.1	955.86
685	3.2498	0.37518	0.1	1103.1
686	4.0923	2.5327	0.1	1604.4
687	4.5437	5.4205	0.1	699.15
688	4.0377	5.6705	0.1	822.32
689	4.6595	1.3746	0.1	1392.9
690	6.5652	3.9674	0.1	758.34
691	5.9778	3.7614	0.1	2220.
692	5.6343	5.4864	0.1	339.28
693	6.1864	5.7364	0.1	468.01
694	4.6473	4.3472	0.1	1476.
695	5.7392	0.5508	0.1	405.44
696	6.2914	0.3008	0.1	510.39
697	4.6462	0.50742	0.1	618.35
698	4.1402	0.25742	0.1	814.72
699	5.8141	4.456	0.1	923.86
700	4.9459	2.5615	0.1	1932.9
701	4.8102	2.2936	0.1	2362.6
702	5.279	2.2679	0.1	2733.9
703	5.2267	4.25	0.	2454.6
704	5.1433	4.	0.	3442.6
705	5.2267	4.	5.e-002	841.54
706	5.2267	4.75	0.	1045.7
707	5.2267	4.5	5.e-002	96.533
708	5.2267	5.25	0.	483.37
709	5.2267	5.	5.e-002	212.05
710	5.2267	5.75	0.	225.39
711	5.2267	5.5	5.e-002	44.834
712	5.06	4.25	0.	3127.2
713	5.06	4.	5.e-002	176.46
714	5.06	5.25	0.	804.
715	5.06	5.75	0.	461.62
716	5.06	5.5	5.e-002	83.525
717	5.06	4.75	0.	1456.7
718	5.06	5.	5.e-002	143.74
719	5.06	4.5	5.e-002	285.24
720	5.2267	1.75	0.	2315.3
721	5.1433	2.	0.	2743.8
722	5.2267	2.	5.e-002	537.42
723	5.2267	1.25	0.	1122.6
724	5.2267	1.5	5.e-002	132.13
725	5.2267	0.75	0.	556.83
726	5.2267	1.	5.e-002	199.87
727	5.2267	0.25	0.	260.7
728	5.2267	0.5	5.e-002	52.171
729	5.06	1.75	0.	2316.8
730	5.06	2.	5.e-002	154.7
731	5.06	0.75	0.	721.4
732	5.06	0.25	0.	393.8
733	5.06	0.5	5.e-002	63.871
734	5.06	1.25	0.	1507.6
735	5.06	1.	5.e-002	295.26
736	5.06	1.5	5.e-002	266.04
737	5.7788	6.	0.	361.35
738	5.2267	6.	5.e-002	26.825
739	6.8831	6.	0.	555.66
740	6.331	6.	5.e-002	49.535
741	7.9875	6.	0.	671.87
742	7.4353	6.	5.e-002	16.158
743	9.0918	6.	0.	624.19
744	8.5396	6.	5.e-002	30.967
745	10.196	6.	0.	544.16
746	9.6439	6.	5.e-002	11.519
747	11.3	6.	0.	474.1
748	10.748	6.	5.e-002	6.0526
749	12.405	6.	0.	401.61
750	11.853	6.	5.e-002	7.8351
751	13.509	6.	0.	331.34
752	12.957	6.	5.e-002	8.6277
753	14.613	6.	0.	267.6
754	14.061	6.	5.e-002	8.0413
755	15.718	6.	0.	211.14
756	15.165	6.	5.e-002	7.2674
757	16.822	6.	0.	160.96
758	16.27	6.	5.e-002	6.8098
759	17.926	6.	0.	118.17
760	17.374	6.	5.e-002	5.6154
761	19.031	6.	0.	82.725
762	18.478	6.	5.e-002	4.7136
763	20.135	6.	0.	53.057
764	19.583	6.	5.e-002	3.9937
765	21.239	6.	0.	29.241
766	20.687	6.	5.e-002	2.5037
767	22.344	6.	0.	16.454
768	21.791	6.	5.e-002	0.53817
769	23.448	6.	0.	10.717
770	22.896	6.	5.e-002	2.4727
771	24.	5.4	0.	5.2405
772	24.	6.	5.e-002	2.2649
773	24.	4.2	0.	10.635
774	24.	4.8	5.e-002	1.2494
775	24.	3.	0.	12.231
776	24.	3.6	5.e-002	1.7794
777	24.	1.8	0.	9.1219
778	24.	2.4	5.e-002	0.98127
779	24.	0.6	0.	6.5584
780	24.	1.2	5.e-002	1.4827
781	1.5735e-014	1.8	0.	1034.3
782	5.2451e-015	0.6	0.	841.85
783	1.0632e-014	1.2	5.e-002	30.952
784	2.6226e-014	3.	0.	1053.4
785	2.1264e-014	2.4	5.e-002	15.173
786	3.6716e-014	4.2	0.	1020.2
787	3.1897e-014	3.6	5.e-002	21.327
788	4.7206e-014	5.4	0.	828.2
789	4.2529e-014	4.8	5.e-002	64.578
790	23.448	0.	0.	9.8069
791	24.	0.	5.e-002	1.0381
792	5.7788	0.	0.	362.14
793	5.2267	0.	5.e-002	52.812
794	22.344	0.	0.	17.609
795	22.896	0.	5.e-002	1.3517
796	21.239	0.	0.	30.622
797	21.791	0.	5.e-002	1.4016
798	20.135	0.	0.	52.816
799	20.687	0.	5.e-002	2.8537
800	19.031	0.	0.	82.131
801	19.583	0.	5.e-002	4.0097
802	17.926	0.	0.	118.02
803	18.478	0.	5.e-002	4.7167
804	16.822	0.	0.	160.83
805	17.374	0.	5.e-002	5.824
806	15.718	0.	0.	210.54
807	16.27	0.	5.e-002	6.4083
808	14.613	0.	0.	267.1
809	15.165	0.	5.e-002	7.8885
810	13.509	0.	0.	331.02
811	14.061	0.	5.e-002	8.4591
812	12.405	0.	0.	402.8
813	12.957	0.	5.e-002	9.5186
814	11.3	0.	0.	477.2
815	11.853	0.	5.e-002	10.43
816	10.196	0.	0.	547.14
817	10.748	0.	5.e-002	5.0567
818	9.0918	0.	0.	626.02
819	9.6439	0.	5.e-002	8.6989
820	7.9875	0.	0.	672.53
821	8.5396	0.	5.e-002	23.664
822	6.8831	0.	0.	572.7
823	7.4353	0.	5.e-002	12.901
824	6.331	0.	5.e-002	16.39
825	0.506	2.669e-031	0.	1037.4
826	0.	0.	5.e-002	271.42
827	4.554	2.4021e-030	0.	594.14
828	5.06	2.669e-030	5.e-002	82.071
829	3.542	1.8683e-030	0.	954.45
830	4.048	0.	5.e-002	23.032
831	2.53	1.3345e-030	0.	1306.3
832	3.036	0.	5.e-002	22.996
833	1.518	8.007e-031	0.	1434.3
834	2.024	0.	5.e-002	33.924
835	1.012	0.	5.e-002	47.221
836	0.506	6.	0.	1030.5
837	5.2451e-014	6.	5.e-002	369.9
838	4.554	6.	0.	576.15
839	5.06	6.	5.e-002	72.168
840	1.518	6.	0.	1401.9
841	1.012	6.	5.e-002	50.762
842	2.53	6.	0.	1298.4
843	2.024	6.	5.e-002	33.929
844	3.542	6.	0.	975.57
845	3.036	6.	5.e-002	9.4358
846	4.048	6.	5.e-002	13.339
847	5.2267	5.25	0.1	483.37
848	5.2267	5.75	0.1	225.39
849	5.2267	4.75	0.1	1045.7
850	5.2267	4.25	0.1	2454.6
851	5.1433	4.	0.1	3442.6
852	5.06	4.25	0.1	3127.2
853	5.06	4.75	0.1	1456.7
854	5.06	5.25	0.1	804.
855	5.06	5.75	0.1	461.62
856	5.2267	0.75	0.1	556.83
857	5.2267	0.25	0.1	260.7
858	5.2267	1.25	0.1	1122.6
859	5.2267	1.75	0.1	2315.3
860	5.1433	2.	0.1	2743.8
861	5.06	1.75	0.1	2316.8
862	5.06	1.25	0.1	1507.6
863	5.06	0.75	0.1	721.4
864	5.06	0.25	0.1	393.8
865	5.7788	6.	0.1	361.35
866	6.8831	6.	0.1	555.66
867	7.9875	6.	0.1	671.87
868	9.0918	6.	0.1	624.19
869	10.196	6.	0.1	544.16
870	11.3	6.	0.1	474.1
871	12.405	6.	0.1	401.61
872	13.509	6.	0.1	331.34
873	14.613	6.	0.1	267.6
874	15.718	6.	0.1	211.14
875	16.822	6.	0.1	160.96
876	17.926	6.	0.1	118.17
877	19.031	6.	0.1	82.725
878	20.135	6.	0.1	53.057
879	21.239	6.	0.1	29.241
880	22.344	6.	0.1	16.454
881	23.448	6.	0.1	10.717
882	24.	5.4	0.1	5.2405
883	24.	4.2	0.1	10.635
884	24.	3.	0.1	12.231
885	24.	1.8	0.1	9.1219
886	24.	0.6	0.1	6.5583
887	1.5735e-014	1.8	0.1	1034.3
888	5.2451e-015	0.6	0.1	841.85
889	2.6226e-014	3.	0.1	1053.4
890	3.6716e-014	4.2	0.1	1020.2
891	4.7206e-014	5.4	0.1	828.2
892	23.448	0.	0.1	9.8069
893	22.344	0.	0.1	17.609
894	21.239	0.	0.1	30.622
895	20.135	0.	0.1	52.816
896	19.031	0.	0.1	82.131
897	17.926	0.	0.1	118.02
898	16.822	0.	0.1	160.83
899	15.718	0.	0.1	210.54
900	14.613	0.	0.1	267.1
901	13.509	0.	0.1	331.02
902	12.405	0.	0.1	402.8
903	11.3	0.	0.1	477.2
904	10.196	0.	0.1	547.14
905	9.0918	0.	0.1	626.02
906	7.9875	0.	0.1	672.53
907	6.8831	0.	0.1	572.7
908	5.7788	0.	0.1	362.14
909	4.554	2.4021e-030	0.1	594.14
910	3.542	1.8683e-030	0.1	954.45
911	2.53	1.3345e-030	0.1	1306.3
912	1.518	8.007e-031	0.1	1434.3
913	0.506	2.669e-031	0.1	1037.4
914	0.506	6.	0.1	1030.5
915	1.518	6.	0.1	1401.9
916	2.53	6.	0.1	1298.4
917	3.542	6.	0.1	975.57
918	4.554	6.	0.1	576.15
